1 1.17178e-06
2 1.6419e-05
3 9.92333e-06
4 9.407440000000001e-05
6 5.70248e-06
8 1.01546e-06
10 5.6338e-06
11 1.6282599999999998e-07
13 0.00561869
14 1.7742e-05
15 1.39941e-12
18 8.47681e-06
22 2.69255e-06
25 2.2582800000000003e-05
27 4.33063e-06
28 1.44224e-11
29 4.91931e-07
31 2.04146e-07
37 2.75718e-07
38 3.49422e-15
40 4.19258e-11
43 5.721810000000001e-06
45 1.26642e-07
49 0.00015958
53 2.5917700000000003e-06
54 1.85685e-08
55 9.62366e-09
56 2.71588e-05
57 2.28183e-14
58 5.52024e-08
59 7.04439e-07
62 0.025058599999999997
67 0.991296
68 1.22531e-12
69 0.0810363
70 1.8324300000000002e-07
71 5.01373e-12
74 1.01807e-08
75 0.00177929
76 4.6302100000000005e-07
79 4.6135599999999995e-08
80 0.427953
82 8.16609e-09
84 1.31769e-08
85 9.08573e-07
86 0.36335300000000004
87 0.0214106
88 0.00245727
90 1.22466e-05
92 2.1600299999999998e-08
94 1.67762e-09
96 1.2511300000000002e-05
97 4.5259999999999996e-07
98 3.0878399999999997e-06
100 0.00011467299999999999
103 5.17011e-05
105 0.000107424
106 1.0442e-12
108 4.17333e-05
111 0.7823
114 6.24181e-07
115 7.128060000000001e-05
116 4.76177e-09
119 3.29472e-11
124 7.65744e-09
126 0.00149707
127 2.27919e-05
128 9.608539999999999e-06
135 0.00019024900000000003
136 0.000528202
137 0.0419679
139 4.7964300000000005e-15
144 1.0786199999999998e-05
145 0.000202883
148 5.92135e-16
149 6.204959999999999e-10
151 5.7384e-07
152 6.4022e-11
155 1.96431e-07
157 4.24336e-07
160 2.7888200000000002e-05
166 2.18016e-06
167 1.7103599999999998e-13
168 0.00016957299999999998
172 5.30163e-13
175 1.11393e-05
176 0.0005299580000000001
178 8.20653e-08
179 0.00792825
181 1.15493e-06
182 3.2030500000000004e-05
183 2.66246e-07
185 1.08652e-06
186 0.814821
188 3.82667e-12
191 1.3138900000000002e-06
195 1.36969e-07
196 3.67338e-07
197 4.2546000000000005e-07
199 8.810180000000001e-10
201 9.65894e-11
202 5.58996e-06
204 4.72662e-07
205 2.31481e-05
206 0.00041444699999999997
212 2.2024000000000003e-06
213 5.3058599999999994e-05
216 0.9998379999999999
217 9.60962e-06
223 6.79245e-06
226 0.011674200000000001
227 9.581860000000001e-09
230 6.1623000000000005e-09
231 0.00019141700000000001
234 3.3117e-10
237 0.000887632
238 3.53103e-05
239 3.11004e-11
240 1.1214900000000001e-07
243 0.999893
247 1.6864400000000003e-08
248 0.00024865
252 6.08741e-09
253 8.826549999999999e-09
254 0.00042982800000000005
255 1.72044e-08
258 0.0296014
260 0.824976
261 5.80582e-16
264 0.00137514
265 3.86301e-08
267 2.0765e-07
271 0.0122597
272 1.23865e-05
273 0.00504713
274 2.5851599999999997e-08
277 8.91259e-07
279 2.52012e-05
280 2.3234999999999999e-07
281 2.5296399999999996e-07
283 5.69844e-16
284 3.3443000000000004e-08
286 5.9831000000000004e-05
287 1.46308e-08
290 0.000345849
291 2.24631e-08
292 2.5804500000000003e-07
293 5.76361e-09
295 0.0018758
297 1.03852e-05
299 2.1039e-06
300 0.000293274
301 6.73259e-05
309 3.26909e-09
310 2.9674200000000003e-06
313 1.5655099999999998e-07
314 1.05505e-06
315 1.62374e-05
316 0.9893559999999999
319 2.95863e-05
324 8.67163e-05
326 3.51249e-05
327 1.28725e-06
330 0.000568655
333 1.42401e-10
335 0.000112389
339 8.209050000000001e-07
341 1.46691e-08
342 1.2633e-06
345 0.350928
346 6.264e-07
348 8.12459e-13
350 1.05653e-06
351 9.994139999999998e-09
353 3.8511e-12
356 0.000145424
357 1.03733e-06
358 3.13297e-12
360 0.000331652
361 3.6928400000000007e-08
362 4.03368e-06
364 3.19195e-17
365 9.673619999999999e-10
366 2.98065e-07
368 7.8965e-06
369 3.38796e-05
371 0.00280331
375 0.09967410000000002
376 0.00552638
377 0.000348183
378 2.08058e-08
383 2.89442e-11
384 4.9176099999999995e-08
385 4.916890000000001e-09
386 0.00043044199999999996
388 2.77955e-07
389 5.1412299999999996e-05
390 1.27066e-07
392 1.14582e-06
393 0.00012038399999999999
397 7.974079999999999e-07
398 1.21731e-07
399 1.1431900000000002e-13
401 2.8521999999999997e-09
402 7.333660000000001e-07
405 0.00012122200000000001
409 6.319059999999999e-08
410 0.000317325
412 0.000996037
413 3.7424e-06
414 5.15242e-11
415 3.43861e-08
418 0.511282
421 3.97309e-08
422 1.21546e-07
423 2.224e-05
425 7.91269e-08
426 6.61168e-05
429 6.83706e-06
432 0.534227
434 1.1618399999999999e-05
436 9.06761e-05
437 4.22766e-05
440 2.04863e-07
441 3.1572e-09
442 4.38158e-13
444 0.000648801
445 4.42888e-07
447 0.00011871700000000001
449 0.00765115
451 6.95221e-05
452 7.47818e-05
453 1.16517e-07
455 1.33502e-05
456 2.1192900000000002e-07
457 1.6543399999999998e-05
458 1.1271900000000001e-05
465 8.493040000000001e-07
466 5.992440000000001e-06
467 5.04474e-11
471 1.8626500000000002e-05
472 3.23763e-14
473 0.390633
475 0.000192864
478 1.3695900000000001e-06
479 0.00040925699999999995
481 0.09051419999999999
485 5.29646e-05
487 2.43911e-07
488 1.66635e-08
490 8.60441e-07
493 1.19888e-06
495 0.00901948
497 1.12964e-13
502 2.83971e-06
504 1.7368399999999998e-05
505 4.21509e-08
506 5.9499900000000005e-08
507 5.49984e-07
510 4.3397399999999996e-06
511 0.000303494
512 3.1954899999999997e-09
517 1.9252200000000003e-06
521 0.9842790000000001
527 4.50749e-16
529 0.715115
532 8.063810000000001e-10
533 0.000168335
534 2.2738400000000002e-05
536 6.98004e-13
538 5.8379400000000005e-08
539 4.6609e-06
542 1.08404e-09
546 9.70153e-08
547 0.000156756
548 6.685349999999999e-07
551 0.00930544
553 3.6269400000000003e-13
556 3.59616e-08
557 0.0007635960000000001
558 0.0423529
560 0.525359
561 3.2857599999999993e-10
562 7.86301e-12
566 4.6847100000000005e-09
567 5.49534e-10
568 0.997194
569 8.04276e-10
570 1.38903e-09
571 3.125e-06
572 1.85637e-12
573 2.41804e-07
574 4.54171e-05
575 0.000167267
576 0.882661
578 2.19076e-06
580 1.08911e-07
584 4.16876e-12
585 2.87611e-12
586 0.000291065
587 9.080970000000001e-07
593 1.35088e-11
594 2.56805e-09
595 1.15827e-05
596 0.801412
600 0.00342226
602 6.82687e-06
603 2.20466e-06
604 1.17064e-05
606 2.8523999999999998e-08
607 2.01396e-07
611 2.1776e-05
614 3.9691300000000004e-17
615 1.18447e-06
616 9.86977e-05
617 4.93353e-06
618 0.0438105
621 2.9333799999999996e-06
623 3.12483e-07
624 2.53953e-11
627 0.00108375
629 4.1541599999999995e-05
630 3.1309e-12
631 0.0385268
634 0.0008467980000000001
636 6.91555e-09
638 1.28067e-10
639 1.51069e-06
640 4.2303999999999996e-19
641 2.0116099999999998e-06
642 2.1339e-06
643 0.000292203
644 3.02849e-11
646 1.4591499999999999e-08
649 3.2111400000000005e-07
650 4.2861600000000003e-07
651 1.34474e-05
652 9.10894e-07
655 2.8108499999999997e-10
658 9.355910000000001e-07
659 3.90316e-08
662 1.9046700000000002e-12
664 1.77854e-06
665 0.999927
666 3.8865900000000003e-05
668 0.994533
669 4.78625e-05
670 2.44063e-07
673 7.1759e-07
674 0.00017308099999999998
678 8.898909999999999e-07
679 1.52079e-07
681 0.00214191
683 1.33717e-07
687 8.601069999999999e-10
691 2.25169e-09
692 4.98991e-08
693 1.7488099999999997e-06
696 0.791441
697 2.59078e-07
698 1.44227e-06
701 7.16525e-05
703 1.27532e-05
704 0.000497056
706 0.994117
708 0.000326918
715 1.0490899999999999e-08
716 0.000104141
718 1.08649e-06
719 3.00616e-09
721 1.98654e-07
722 2.30656e-07
723 1.2656399999999998e-06
724 8.1539e-09
725 0.00372346
727 4.72437e-07
732 1.62361e-05
734 2.45953e-06
735 5.9895e-08
736 9.943160000000001e-10
737 0.01207
741 5.67285e-15
743 0.000768495
744 3.10397e-06
745 3.07777e-06
747 2.58753e-13
749 3.99204e-09
751 0.0007936210000000001
757 3.2780300000000007e-10
758 1.3118e-09
759 1.05287e-08
762 5.60765e-06
765 2.5580300000000003e-05
766 2.2602399999999999e-07
769 1.01319e-06
773 2.5370400000000003e-06
775 2.68074e-10
778 1.50755e-05
779 3.94565e-06
781 1.3767500000000002e-06
783 0.00020161799999999998
784 9.75328e-07
785 1.57786e-06
788 5.05246e-10
789 1.76369e-05
790 1.3646800000000001e-05
792 0.0210099
795 0.0239893
798 3.99232e-15
801 7.52318e-11
803 1.2487700000000001e-07
807 0.00171239
809 1.8709300000000003e-09
811 1.20613e-06
813 2.7249800000000002e-09
817 0.962527
819 1.39245e-09
821 1.04396e-06
824 2.5693500000000002e-06
825 2.9706599999999994e-16
833 9.36908e-06
835 8.95882e-11
836 1.8335299999999999e-06
837 0.123352
838 6.43499e-13
839 6.88401e-08
840 1.01042e-06
841 3.2954000000000002e-06
844 2.72702e-09
846 0.9842190000000001
852 0.9456979999999999
853 1.96049e-08
856 5.73049e-05
858 5.08152e-10
861 1.26641e-07
864 3.74555e-12
866 1.25395e-05
869 0.0980655
870 1.7828000000000001e-06
873 0.000134745
875 2.2238299999999998e-06
877 5.0355e-05
881 2.87655e-09
883 1.2938299999999998e-06
884 4.14716e-05
886 7.73856e-07
890 2.11119e-05
891 2.46913e-07
893 2.5878899999999997e-05
894 3.4156700000000003e-07
897 3.63529e-07
901 0.0046837
905 0.00453584
907 0.0389941
909 2.15475e-06
910 2.43891e-08
913 2.81254e-05
914 0.5149199999999999
916 5.79202e-13
922 9.844939999999999e-06
924 4.5264400000000003e-10
925 2.8716500000000003e-06
927 1.64696e-06
928 9.32729e-08
930 7.054210000000001e-14
932 2.5538e-07
933 4.10946e-05
938 3.92533e-07
939 0.000278996
940 5.3347299999999994e-09
941 7.43211e-05
942 2.0449700000000002e-09
944 0.00144362
945 3.30159e-10
952 5.0907499999999995e-06
953 1.845e-07
955 2.6871700000000002e-05
956 0.000191819
957 9.22189e-05
959 1.49462e-07
960 0.000174423
961 1.31926e-05
963 1.97005e-08
968 0.9827309999999999
969 1.34494e-06
970 0.00020820599999999998
974 1.69887e-10
975 3.01425e-06
976 0.024823599999999998
978 1.53584e-06
979 1.39799e-05
981 3.1164e-06
983 0.0102405
984 4.36057e-06
985 4.42157e-08
986 4.94453e-06
988 2.6979e-06
990 3.4464800000000002e-06
992 0.00021673799999999998
994 6.42211e-08
995 0.00449717
998 7.54107e-12
1000 6.22861e-07
1003 4.18168e-10
1005 1.17889e-08
1006 0.00011255
1007 1.99508e-09
1013 1.05467e-05
1016 6.33194e-06
1019 7.540539999999999e-12
1020 1.83106e-05
1021 3.5118e-12
1022 1.67033e-06
1023 2.0635e-06
1025 2.4367199999999996e-10
1026 7.100749999999999e-07
1029 4.246169999999999e-08
1030 5.284600000000001e-10
1031 6.26944e-08
1032 6.22469e-11
1033 4.02194e-08
1034 0.000111075
1035 8.764519999999999e-08
1037 0.000898508
1038 6.01305e-05
1039 7.73902e-07
1040 6.73181e-06
1044 0.00393687
1046 0.8873719999999999
1047 1.98182e-08
1048 6.09692e-05
1049 0.00130285
1051 6.58859e-13
1054 7.41163e-05
1055 1.80281e-05
1058 0.000873662
1059 0.623517
1063 2.02225e-06
1065 8.16906e-06
1067 1.8901e-09
1070 7.95795e-11
1075 3.53976e-05
1076 6.72773e-06
1080 0.000188083
1081 4.56029e-08
1085 2.2039700000000004e-14
1086 6.46339e-05
1087 0.000722678
1088 6.09707e-07
1089 2.64023e-11
1090 2.58402e-06
1094 9.24539e-06
1095 2.5954900000000005e-06
1096 8.63969e-19
1098 3.4039700000000004e-15
1099 1.46056e-05
1100 0.000206603
1103 1.62622e-05
1105 1.49699e-07
1108 0.000230518
1111 0.077626
1114 0.00039991699999999996
1115 1.21951e-09
1116 1.00869e-06
1117 5.4597000000000004e-06
1118 9.58242e-07
1120 0.027121299999999997
1122 3.36936e-08
1123 2.9070700000000003e-05
1126 0.999764
1128 1.84167e-06
1131 5.380459999999999e-06
1132 2.34104e-05
1133 5.40153e-08
1134 2.96089e-10
1135 1.4130499999999998e-09
1138 5.96531e-07
1139 5.38064e-12
1141 1.1281300000000002e-05
1146 1.7357699999999998e-05
1150 2.68247e-10
1153 0.9495389999999999
1155 0.00976393
1157 4.81812e-11
1159 4.2345299999999996e-05
1162 0.000126702
1163 4.9056900000000005e-06
1165 0.0258216
1167 4.87289e-06
1169 8.62896e-08
1173 2.52618e-07
1177 2.52852e-06
1178 2.16298e-07
1179 7.95993e-08
1180 0.000101402
1181 6.08108e-14
1183 1.4077299999999999e-06
1188 2.47497e-06
1189 5.8879399999999994e-09
1190 1.66714e-07
1193 2.59323e-09
1195 0.00035739800000000004
1196 5.371860000000001e-07
1197 1.26301e-05
1198 1.83415e-11
1202 7.751680000000001e-07
1208 7.534689999999999e-06
1210 2.47072e-05
1213 1.63492e-05
1216 7.58159e-05
1217 4.34012e-05
1218 1.55976e-09
1219 2.11098e-05
1220 6.20452e-07
1222 1.3531199999999998e-05
1223 0.9944729999999999
1227 0.00147168
1228 3.60441e-07
1232 0.00292507
1235 1.2558e-06
1238 3.94697e-16
1242 9.49728e-06
1243 1.24455e-06
1244 1.1477299999999999e-07
1245 1.07022e-06
1246 0.0006475259999999999
1249 1.2751299999999999e-06
1251 7.57927e-06
1252 3.86597e-09
1253 1.14481e-05
1255 1.0734800000000001e-05
1256 4.00415e-05
1257 1.04852e-05
1261 2.46331e-06
1262 1.36063e-15
1264 4.9551300000000005e-12
1267 1.97475e-08
1271 0.000132162
1275 2.68223e-05
1276 9.38795e-07
1278 3.09527e-08
1280 3.81337e-09
1282 4.7588999999999994e-06
1283 3.35312e-05
1285 1.08155e-07
1291 4.59732e-07
1295 4.04326e-08
1296 3.68723e-13
1297 1.13276e-07
1300 6.0004e-05
1301 4.98924e-10
1302 3.74515e-06
1303 1.4617899999999999e-08
1305 0.40392100000000003
1306 8.11688e-05
1307 6.06516e-08
1308 2.2455600000000002e-07
1313 0.000111883
1317 2.1742899999999998e-05
1318 3.48819e-06
1319 6.48045e-06
1320 3.07327e-06
1321 2.9850000000000003e-07
1322 3.8953e-06
1328 1.849e-05
1329 0.000138639
1331 2.92082e-11
1335 2.3869199999999998e-08
1336 2.48269e-17
1338 6.3285400000000006e-09
1339 0.000171788
1340 5.79091e-06
1342 0.00199259
1344 0.000189072
1347 1.7725599999999997e-06
1349 8.85652e-05
1351 2.21706e-06
1353 7.71613e-09
1354 2.03232e-06
1355 0.0137084
1356 1.52751e-10
1357 2.21057e-09
1358 1.31549e-07
1359 1.59763e-07
1363 1.93515e-06
1366 2.18913e-06
1367 1.20012e-08
1368 3.0350200000000003e-06
1369 2.0671400000000002e-14
1370 2.0946399999999998e-13
1372 6.02871e-07
1373 0.970785
1374 2.07159e-07
1376 5.03403e-06
1377 0.9685860000000001
1379 2.25987e-07
1380 7.70245e-06
1381 3.8671e-12
1382 6.594890000000001e-05
1389 0.000140872
1391 1.06992e-09
1392 5.67601e-11
1394 7.448e-07
1396 0.0194421
1398 4.07981e-07
1399 6.22522e-05
1401 5.4799600000000006e-09
1403 8.27322e-10
1407 0.000614308
1410 0.0007696860000000001
1411 1.48796e-09
1412 4.22677e-08
1415 0.00010164200000000001
1416 0.000101965
1417 8.47219e-07
1419 1.8433799999999999e-06
1422 2.0828700000000002e-07
1423 1.0595e-05
1424 9.3968e-06
1425 0.9407559999999999
1428 4.9551499999999995e-05
1429 1.51458e-06
1431 4.00004e-07
1433 0.7086859999999999
1435 1.23588e-07
1437 1.91847e-08
1438 2.38227e-05
1440 3.05887e-10
1446 9.64936e-10
1447 1.02571e-11
1448 0.00041883800000000004
1449 3.66309e-07
1452 3.61875e-05
1454 0.00015059
1456 0.000251617
1458 2.57151e-06
1459 1.4676e-06
1461 2.86479e-05
1462 0.00016546400000000001
1469 5.8584e-07
1471 1.4050599999999999e-05
1473 1.98282e-06
1474 1.8109e-06
1476 1.115e-10
1477 9.29248e-06
1478 4.2846e-06
1482 9.78264e-07
1487 0.837408
1489 2.93096e-07
1491 2.04376e-09
1495 0.00207795
1496 3.67737e-21
1500 2.426e-07
1502 1.8191500000000001e-13
1503 7.203380000000001e-10
1505 0.975727
1506 8.05744e-07
1507 5.60128e-05
1508 0.43326400000000004
1511 1.50479e-14
1513 2.92638e-06
1516 3.64115e-16
1518 1.6862e-07
1519 3.20002e-05
1520 5.6587699999999995e-06
1525 2.4981e-07
1527 0.0204297
1530 0.00243415
1533 1.23584e-06
1534 0.00021851599999999998
1535 0.00021365700000000002
1538 1.4123299999999998e-08
1540 1.07308e-06
1542 2.03787e-07
1546 1.0454399999999999e-08
1547 0.9997590000000001
1549 1.5805200000000002e-08
1550 9.73383e-12
1551 1.38106e-10
1552 1.36601e-10
1558 2.11842e-06
1560 7.09336e-13
1562 5.4592499999999994e-06
1564 1.6644400000000002e-08
1566 3.3532099999999998e-06
1567 4.63236e-08
1568 0.9226219999999999
1569 4.3614e-07
1570 1.6948700000000002e-08
1572 7.88293e-14
1573 6.67413e-07
1574 0.00875609
1575 0.00032926099999999996
1578 1.0180200000000002e-06
1581 1.33534e-06
1583 3.92866e-05
1584 0.0006157669999999999
1585 8.634439999999999e-07
1587 1.21577e-09
1589 0.000329387
1591 5.394880000000001e-06
1592 0.000131365
1596 0.000220162
1599 7.85104e-07
1600 7.41206e-06
1601 1.84011e-08
1602 6.90556e-06
1605 0.048857199999999996
1606 4.8109400000000005e-12
1609 4.00211e-07
1613 1.3057e-10
1615 3.2843599999999996e-06
1616 2.30363e-07
1619 1.93761e-10
1620 2.3238299999999997e-14
1621 0.990527
1623 2.69913e-09
1624 1.23223e-06
1625 1.2086400000000002e-05
1626 1.0575e-12
1629 6.835319999999999e-06
1631 3.38669e-05
1634 0.5744
1635 0.00130745
1637 0.771284
1639 2.4910000000000003e-07
1641 1.1478e-05
1644 2.0530799999999997e-06
1645 0.00424856
1646 0.10241700000000001
1648 1.1795e-06
1652 1.9552099999999998e-06
1655 3.70786e-06
1656 7.522460000000001e-06
1657 1.60857e-07
1658 5.384299999999999e-09
1659 1.51232e-05
1660 0.999554
1663 8.992900000000001e-08
1664 0.000493271
1665 7.51417e-08
1666 8.65915e-06
1667 0.0733422
1668 9.52686e-06
1670 1.00367e-09
1671 0.000154961
1672 6.11022e-08
1674 3.26235e-08
1679 7.19411e-08
1681 0.00010195799999999999
1687 0.000180163
1692 2.89297e-07
1694 3.94099e-13
1695 0.000226614
1696 1.60417e-07
1697 0.718911
1698 1.56462e-05
1700 3.47184e-08
1701 1.02998e-06
1702 2.01026e-10
1703 0.00045014699999999997
1704 5.5853000000000004e-08
1705 0.0129049
1706 3.53921e-07
1709 1.41569e-09
1710 6.95979e-08
1712 1.7077900000000003e-06
1715 0.000143085
1716 0.00113295
1719 2.0176300000000002e-05
1720 5.10702e-06
1722 0.000801427
1728 2.22445e-06
1731 2.90276e-06
1735 6.03309e-07
1736 9.30993e-07
1737 5.1952e-13
1740 6.33227e-06
1742 1.07413e-08
1743 2.48554e-07
1744 1.94042e-10
1745 0.771336
1748 4.56149e-12
1751 1.33834e-05
1753 0.054873000000000005
1757 5.646269999999999e-06
1760 5.06172e-07
1762 8.39696e-07
1763 6.9893399999999996e-06
1764 0.00425356
1767 9.030629999999999e-05
1769 1.064e-06
1770 3.33601e-06
1773 0.019368200000000002
1774 0.000265174
1776 4.7556e-06
1779 5.34331e-07
1781 3.6859699999999995e-05
1783 0.7725310000000001
1786 0.000641934
1788 1.5079200000000003e-08
1790 4.63888e-10
1791 4.01664e-07
1792 0.0005250669999999999
1794 2.86314e-08
1796 2.6188099999999996e-09
1798 2.19809e-13
1802 2.7746199999999998e-06
1803 1.63121e-06
1804 4.113209999999999e-08
1805 3.4131199999999997e-06
1808 1.2609899999999998e-09
1811 2.9914e-07
1812 5.4212800000000006e-08
1813 0.000439602
1814 3.19913e-06
1815 8.46127e-07
1817 4.92337e-07
1819 1.3279400000000002e-07
1820 2.17198e-08
1822 1.38156e-06
1823 1.5216099999999998e-05
1824 7.50159e-09
1826 0.000478291
1829 3.92904e-07
1831 4.4700699999999996e-10
1835 2.09193e-09
1838 5.378439999999999e-13
1839 3.16875e-07
1844 6.021889999999999e-14
1846 0.00023264
1848 0.999605
1850 0.00806434
1851 2.81223e-05
1852 0.00116752
1856 3.74656e-06
1857 7.72409e-06
1859 1.02697e-15
1863 1.2225200000000001e-08
1865 1.87212e-05
1866 2.8359e-05
1867 2.48406e-08
1868 2.3178899999999999e-07
1869 6.835720000000001e-10
1871 2.01223e-11
1873 3.89364e-09
1874 2.4245999999999997e-09
1876 2.6748500000000003e-08
1879 0.000166502
1880 1.0211699999999999e-05
1883 1.85175e-08
1884 0.186123
1885 0.185643
1886 6.40593e-05
1889 3.8808300000000005e-12
1890 5.14755e-07
1891 9.025660000000001e-10
1893 2.87139e-05
1895 0.0116536
1897 1.00682e-11
1900 1.11887e-06
1905 1.7250599999999998e-06
1908 3.7023499999999997e-09
1909 1.97375e-09
1910 2.3255100000000004e-05
1912 0.9999299999999999
1913 1.0570999999999999e-08
1914 3.9184e-08
1916 4.364869999999999e-12
1917 0.0687207
1919 6.814689999999999e-10
1921 1.7869e-05
1923 4.47337e-10
1924 5.54673e-09
1925 5.82549e-09
1926 0.0012655
1929 0.999978
1935 2.0456300000000003e-05
1939 9.136129999999999e-05
1942 3.89902e-07
1943 4.548030000000001e-06
1946 9.441870000000001e-05
1947 6.61842e-06
1949 1.36191e-06
1951 2.57255e-06
1953 1.7085400000000002e-08
1955 3.7534000000000004e-05
1956 0.00010949399999999999
1957 3.8060400000000003e-06
1959 1.73349e-11
1961 2.34117e-06
1965 9.40918e-06
1966 4.88884e-06
1967 1.62053e-10
1968 8.33227e-07
1969 4.6537e-06
1973 6.14863e-06
1974 0.00188547
1975 3.7573400000000003e-08
1979 0.000163665
1983 4.08351e-10
1984 0.00122451
1986 6.469189999999999e-05
1987 3.21022e-05
1988 7.738639999999999e-12
1990 2.87395e-06
1991 1.25258e-13
1992 2.06346e-08
1993 2.00131e-05
1994 0.997218
1996 0.9345969999999999
1997 6.14512e-17
1998 6.36422e-11
2003 2.9388600000000003e-09
2005 0.00026592
2007 0.999502
2008 4.3654900000000003e-14
2009 3.4038200000000004e-07
2010 2.05182e-09
2013 9.58323e-06
2014 0.9932200000000001
2016 8.7018e-05
2017 0.00129716
2018 2.09273e-08
2026 8.295479999999999e-08
2028 0.9340579999999999
2029 0.00014924
2031 3.87759e-07
2032 0.0045341
2033 1.95831e-05
2035 3.92464e-10
2038 0.00108269
2040 4.788140000000001e-10
2041 3.53378e-05
2044 3.27833e-10
2046 5.25208e-05
2048 9.2835e-09
2050 3.90517e-06
2052 0.733789
2053 8.20341e-07
2057 0.00147239
2059 2.75638e-09
2060 5.0207900000000004e-06
2062 2.4393899999999997e-07
2065 3.0716399999999998e-06
2066 1.61335e-05
2071 0.00107746
2072 3.7224300000000005e-06
2073 8.61136e-06
2074 1.99377e-05
2075 3.87924e-08
2076 0.00031999400000000004
2077 3.8299599999999997e-07
2078 2.28965e-17
2079 5.01171e-06
2080 2.02761e-06
2081 7.01932e-10
2084 1.73227e-08
2085 0.00031528400000000004
2087 4.7367800000000004e-07
2089 0.999923
2092 0.12673
2093 1.45103e-10
2097 1.84659e-05
2100 0.00293558
2103 8.91179e-10
2105 1.13319e-11
2106 4.95799e-11
2107 0.43831800000000004
2110 0.281564
2111 2.1753200000000003e-06
2113 2.02637e-09
2115 0.00133021
2118 2.69901e-06
2119 3.4557299999999997e-07
2121 5.972380000000001e-06
2122 0.000156614
2123 1.56824e-06
2127 8.79242e-09
2128 8.63016e-09
2130 3.8870300000000004e-10
2131 5.26363e-07
2133 2.12662e-05
2137 6.9580399999999995e-06
2138 1.96066e-06
2141 1.1308499999999999e-05
2143 7.11035e-13
2144 0.00132811
2147 5.845590000000001e-09
2148 8.036080000000001e-12
2149 0.00064593
2150 0.000226457
2154 3.69222e-09
2157 0.964625
2159 3.74278e-07
2160 0.000295702
2161 1.74129e-06
2162 7.93668e-06
2164 1.5564299999999999e-07
2167 4.8638000000000004e-05
2168 1.0152000000000001e-11
2173 0.000149371
2175 3.76927e-09
2177 3.65607e-09
2185 5.200850000000001e-10
2188 7.323420000000001e-07
2189 1.10761e-06
2195 9.22924e-07
2198 0.347499
2200 8.88937e-06
2203 1.1798900000000002e-05
2204 7.67534e-06
2205 1.0828099999999999e-07
2206 1.88703e-10
2207 4.7968199999999996e-09
2210 2.8533200000000003e-05
2211 0.00013413
2216 4.46776e-06
2217 0.9994360000000001
2222 9.175189999999999e-06
2223 8.007720000000001e-07
2225 0.0245344
2227 3.1344000000000002e-15
2229 2.79622e-11
2230 1.38891e-05
2231 1.4309000000000001e-05
2232 2.5632999999999997e-06
2235 3.40202e-06
2236 3.02862e-08
2239 1.0193200000000002e-09
2240 3.84298e-07
2242 4.379600000000001e-11
2243 3.0199800000000002e-05
2245 1.22776e-07
2246 0.0404355
2250 0.000197447
2252 1.24732e-07
2254 3.2827600000000004e-05
2258 4.75247e-09
2262 3.56224e-06
2264 0.000204977
2269 0.00100688
2271 1.37544e-11
2274 0.00027351400000000004
2275 9.52352e-12
2282 1.16024e-06
2283 4.5863699999999994e-06
2286 1.59509e-06
2289 0.00105319
2292 2.36346e-11
2294 5.98539e-11
2295 1.91398e-05
2296 9.39175e-05
2297 2.45619e-05
2298 1.07605e-06
2299 0.000298951
2301 8.901619999999999e-08
2303 3.10712e-06
2304 3.75606e-09
2309 1.03446e-11
2312 1.6061600000000002e-05
2313 0.00033401599999999997
2314 0.00018681
2316 0.00017480299999999999
2317 2.59466e-07
2319 9.83687e-09
2322 2.34062e-05
2325 3.79046e-05
2326 5.2552399999999995e-05
2327 1.64723e-07
2331 5.46577e-07
2336 8.19044e-09
2338 0.000498802
2339 3.6271300000000004e-08
2341 8.65108e-07
2344 1.8257e-05
2346 3.88899e-09
2349 2.0561799999999998e-08
2351 4.85543e-08
2353 2.214e-07
2356 2.3473599999999997e-08
2357 0.12387999999999999
2358 0.00756958
2360 7.03001e-07
2363 2.3995900000000002e-05
2365 5.39442e-06
2370 7.43832e-09
2379 1.13667e-12
2380 1.03846e-07
2381 5.36252e-06
2383 1.0761e-10
2386 0.00109601
2388 4.06289e-06
2389 2.7105599999999996e-08
2390 0.000644274
2394 5.1038199999999995e-05
2395 0.231354
2396 2.87946e-07
2397 1.00597e-08
2398 1.8912e-05
2399 2.6676199999999998e-08
2400 1.9049199999999998e-07
2402 1.99679e-10
2406 1.68376e-05
2408 1.31603e-07
2409 1.0156100000000001e-06
2412 1.3594999999999999e-06
2414 0.000179852
2416 9.86064e-08
2418 7.75523e-05
2421 1.7278900000000002e-06
2422 1.59007e-10
2424 1.44658e-06
2426 1.7179000000000002e-15
2428 3.9671600000000005e-06
2429 1.94711e-06
2430 4.704280000000001e-08
2431 0.79855
2432 5.1658999999999994e-05
2434 1.49887e-06
2438 1.28783e-05
2440 1.5001099999999998e-13
2446 3.4069800000000006e-10
2447 2.68916e-05
2449 0.102143
2451 6.18494e-06
2453 3.62285e-08
2455 5.1597e-08
2457 0.010156700000000001
2463 9.79503e-08
2464 0.00024252
2467 0.9955879999999999
2469 8.8201e-07
2473 2.72642e-12
2474 0.991041
2475 2.88739e-11
2482 8.53225e-06
2484 0.0628531
2485 2.34034e-05
2486 2.42831e-07
2487 4.14561e-06
2488 5.69386e-13
2489 2.16221e-05
2495 9.090819999999999e-06
2498 2.09781e-06
2499 3.78135e-05
2503 1.67396e-07
2506 3.77085e-10
2507 4.4086999999999996e-08
2509 4.6750999999999995e-06
2510 2.56833e-12
2511 0.000570064
2515 1.85458e-08
2516 1.59121e-07
2517 2.0163499999999997e-10
2521 1.9773900000000003e-08
2522 1.59758e-07
2526 2.46152e-07
2527 1.34207e-13
2528 6.50163e-06
2530 5.98176e-12
2531 1.27865e-13
2532 7.636319999999999e-10
2535 1.16987e-07
2536 6.62606e-07
2538 2.51941e-06
2541 9.19032e-08
2543 5.53035e-05
2548 8.06063e-07
2550 5.58766e-05
2551 7.06464e-07
2552 0.000406263
2553 9.12865e-05
2556 1.84984e-06
2557 2.0255e-11
2560 3.05683e-05
2562 5.41689e-06
2568 6.8207600000000005e-12
2570 0.000133125
2573 0.00037950099999999997
2574 1.76446e-06
2575 4.2489400000000005e-07
2576 0.021711599999999998
2577 9.73536e-14
2580 6.68158e-05
2581 2.97347e-06
2582 0.000365969
2583 0.293694
2587 3.46239e-05
2588 3.74948e-07
2591 5.59605e-07
2592 4.76595e-13
2596 1.16683e-06
2597 1.31498e-06
2601 1.37918e-10
2602 1.51081e-08
2604 2.0375299999999998e-07
2607 1.477e-07
2608 1.15136e-05
2610 0.000415832
2612 2.58356e-11
2614 3.3707199999999995e-05
2616 4.82435e-06
2617 8.577939999999999e-07
2619 0.993087
2620 1.4050299999999999e-06
2622 0.0440597
2623 0.000121737
2624 1.14721e-05
2626 1.23768e-06
2628 0.0128369
2629 0.9669040000000001
2630 2.83217e-08
2631 2.36774e-06
2638 3.62526e-09
2639 3.53079e-06
2640 2.5729e-14
2642 2.9741200000000002e-08
2644 5.37984e-06
2650 8.022349999999999e-08
2651 7.109939999999999e-05
2652 7.73388e-05
2654 4.12607e-06
2655 0.00012958
2656 1.94427e-08
2660 4.644930000000001e-06
2661 0.9991459999999999
2663 4.3429e-06
2665 0.00096651
2671 4.35972e-05
2672 0.00193723
2673 6.455989999999999e-09
2674 4.87232e-06
2676 0.372321
2679 0.000152794
2681 2.59961e-07
2685 1.3038299999999998e-05
2686 6.873639999999999e-06
2687 0.000666743
2688 1.7274099999999998e-06
2692 1.11661e-05
2694 2.25713e-08
2698 3.17044e-16
2700 6.36424e-05
2701 4.6312799999999995e-05
2703 0.31855300000000003
2705 5.46976e-06
2707 0.741808
2708 9.7936e-06
2711 2.97486e-07
2712 1.0418e-07
2716 9.40349e-08
2719 0.6950970000000001
2720 0.000734776
2724 2.10682e-07
2725 0.00011215799999999999
2726 3.94523e-06
2728 3.3314e-05
2729 3.25448e-10
2731 2.30041e-11
2733 4.18389e-12
2736 2.70661e-07
2739 9.415659999999999e-07
2740 1.92996e-06
2742 6.31159e-07
2743 3.16504e-06
2746 7.59224e-05
2748 7.49104e-08
2750 0.000325114
2752 1.48948e-07
2753 1.6010299999999998e-05
2754 0.691496
2756 6.662449999999999e-07
2758 1.49324e-07
2761 3.16955e-05
2764 4.8521900000000004e-08
2768 0.000144399
2769 0.320396
2770 0.0224495
2771 8.52937e-07
2773 1.62797e-05
2777 1.7746599999999998e-08
2780 5.685e-06
2781 4.00761e-05
2787 3.31583e-07
2788 5.57192e-05
2789 6.206e-05
2790 8.91596e-06
2792 1.14021e-09
2793 1.1540999999999998e-05
2797 7.67259e-06
2799 5.98345e-08
2802 0.000550996
2805 5.1021899999999993e-05
2806 6.03901e-10
2808 3.68597e-08
2809 9.94564e-06
2811 1.77569e-05
2813 9.54401e-07
2814 1.21379e-07
2818 0.00697906
2819 7.542910000000001e-06
2821 0.00893102
2822 0.991676
2823 1.41246e-08
2824 6.1664e-06
2825 6.51683e-10
2828 6.76227e-05
2829 5.311249999999999e-07
2830 1.9351300000000002e-13
2831 4.3186699999999995e-10
2832 4.10268e-06
2837 0.0019531
2839 7.57068e-14
2840 2.60035e-07
2843 0.940448
2846 2.00564e-06
2849 0.00232565
2850 1.10394e-06
2851 0.964844
2852 8.18664e-05
2853 9.54565e-05
2856 1.29713e-07
2857 2.70586e-09
2860 1.3865999999999997e-09
2861 0.000457732
2862 0.00010648
2863 0.000144727
2865 4.31455e-07
2871 2.06815e-07
2872 2.35119e-05
2874 2.00505e-09
2876 3.85064e-06
2877 1.33432e-07
2878 2.32608e-07
2882 0.940142
2883 0.026681
2885 1.0680300000000001e-07
2887 4.1901e-06
2888 1.18577e-08
2890 5.2392599999999996e-08
2892 4.40682e-11
2894 0.0008745
2895 2.09261e-06
2897 0.0008008360000000001
2898 2.66869e-06
2900 3.4545099999999996e-06
2902 1.81899e-05
2903 0.000686738
2904 1.02142e-07
2905 1.9042e-06
2907 2.53851e-06
2908 0.9993639999999999
2909 2.94695e-07
2911 9.71626e-05
2918 1.68416e-07
2920 1.26563e-06
2921 1.53856e-05
2922 1.60331e-05
2923 5.359169999999999e-06
2925 2.31238e-05
2926 0.00420302
2927 5.5264e-08
2928 0.000403626
2929 0.000200695
2930 1.37347e-07
2936 6.71894e-11
2945 7.82485e-06
2948 2.1411100000000002e-05
2949 0.976608
2950 9.899770000000001e-05
2951 3.50121e-06
2955 5.23025e-08
2959 0.00242958
2961 2.36075e-09
2964 2.95101e-06
2968 2.1792700000000002e-08
2970 4.42915e-11
2971 2.25655e-06
2972 1.10864e-06
2973 2.98877e-07
2974 6.7103800000000005e-06
2979 0.000146411
2980 2.7645799999999996e-06
2981 0.000163952
2982 1.99188e-05
2983 0.43211099999999997
2985 1.32763e-06
2991 0.00034449400000000004
2993 9.56294e-06
2996 0.99421
2997 7.72854e-08
2998 2.37322e-15
2999 1.13082e-14
3001 2.6256199999999998e-05
3006 7.89297e-12
3010 4.3164e-06
3012 0.000165002
3014 1.43866e-06
3016 1.02619e-05
3018 2.1203299999999998e-07
3019 7.57426e-05
3020 7.85529e-06
3022 1.26538e-05
3025 3.02927e-05
3026 0.00129259
3029 9.58929e-08
3030 0.000560119
3033 1.83202e-09
3035 7.78792e-07
3036 3.15647e-05
3037 0.0138086
3040 6.45415e-07
3041 1.91438e-05
3043 0.934738
3046 1.91061e-11
3048 0.000320328
3049 0.000336663
3050 4.44554e-05
3052 1.8293700000000002e-07
3055 0.017984200000000002
3059 1.32322e-08
3060 9.72587e-12
3062 5.813980000000001e-10
3067 1.1904999999999999e-06
3068 4.599e-05
3069 0.000524399
3070 1.27048e-05
3071 4.8698199999999994e-05
3073 6.23181e-06
3075 3.19115e-07
3076 5.140489999999999e-07
3079 6.39402e-05
3080 6.31185e-11
3081 6.380259999999999e-07
3084 1.61596e-06
3087 0.0005813719999999999
3091 9.03587e-06
3095 0.015626599999999997
3096 0.000250916
3097 5.54482e-08
3099 8.211129999999998e-09
3101 5.44454e-09
3104 0.00048986
3109 2.70641e-08
3111 1.70984e-05
3113 1.48909e-10
3114 0.000226513
3115 1.67555e-08
3119 1.01055e-11
3123 0.00808273
3125 6.62141e-08
3128 0.00505851
3130 9.07939e-19
3131 0.0185981
3132 2.25757e-05
3136 1.35714e-08
3139 1.20139e-06
3141 3.9148900000000006e-06
3143 4.13091e-06
3144 0.706871
3148 3.6514099999999997e-05
3151 8.70382e-10
3152 0.000997499
3153 2.48963e-06
3156 8.0974e-05
3158 1.35937e-06
3160 0.6314029999999999
3166 1.8329899999999998e-07
3167 4.5426499999999997e-07
3168 5.2522200000000003e-05
3171 1.5173599999999998e-05
3172 5.73584e-05
3173 6.61861e-05
3174 2.64452e-07
3179 5.7695399999999997e-05
3180 2.50584e-06
3182 8.61943e-05
3187 0.00164034
3190 3.95058e-06
3191 1.53921e-07
3192 1.63179e-07
3193 5.2532299999999995e-06
3196 1.8084300000000001e-09
3197 9.87547e-09
3198 1.8207900000000001e-06
3201 0.00552913
3203 1.57189e-08
3206 3.29673e-07
3208 4.5794899999999997e-07
3209 0.743755
3212 0.010627600000000001
3215 0.43704799999999994
3217 1.26031e-09
3220 1.32386e-09
3221 0.000604654
3222 2.3654499999999998e-07
3224 2.8103400000000003e-07
3225 0.00201689
3226 1.2271099999999998e-05
3227 2.7660799999999997e-10
3230 0.923692
3232 3.00632e-05
3234 8.76515e-05
3235 0.000110772
3237 3.64686e-05
3238 8.25782e-11
3241 0.00416175
3245 0.00996546
3246 5.62353e-07
3248 6.665600000000001e-09
3249 2.22386e-10
3251 4.353e-13
3252 1.31463e-07
3257 3.0112699999999997e-09
3263 0.023412099999999998
3264 3.5061400000000005e-06
3265 2.64427e-08
3266 2.05685e-06
3267 1.35585e-08
3268 0.9824309999999999
3275 0.00014266299999999999
3276 2.16805e-09
3277 2.0706599999999998e-10
3278 1.52778e-08
3281 2.12931e-09
3283 7.34317e-08
3286 1.19624e-09
3287 8.71816e-10
3288 0.046312599999999995
3289 9.863450000000001e-05
3291 1.4559799999999998e-08
3295 2.23098e-09
3297 1.74604e-07
3298 1.08799e-06
3302 2.50302e-10
3304 6.207770000000001e-07
3305 1.68111e-08
3306 5.1951e-12
3309 3.81596e-12
3310 8.57347e-11
3312 9.236260000000001e-14
3314 1.22016e-08
3315 2.2346e-06
3317 4.0691000000000006e-06
3318 0.000322904
3319 1.2766700000000001e-05
3321 3.8502400000000005e-08
3322 2.6308e-06
3323 5.17054e-08
3324 9.843969999999999e-09
3326 6.22895e-11
3328 8.465580000000002e-08
3329 6.4303300000000005e-06
3332 6.49263e-08
3333 1.23076e-10
3334 3.46017e-06
3340 3.2187e-06
3341 1.6418399999999998e-07
3342 3.49744e-05
3345 3.77677e-05
3346 1.07735e-07
3347 0.9713040000000001
3348 4.0180500000000004e-07
3352 7.68003e-08
3353 9.224020000000001e-13
3357 1.58076e-13
3358 1.00438e-06
3361 0.033437699999999994
3364 6.18748e-10
3366 0.00210107
3368 3.42256e-06
3371 1.60364e-07
3372 0.998295
3375 9.95814e-09
3378 1.17213e-06
3381 0.989984
3383 0.000803818
3384 1.8687e-05
3385 8.72737e-08
3387 1.9565999999999998e-11
3388 2.27726e-11
3389 6.24993e-08
3393 8.42183e-08
3394 4.55599e-05
3399 8.413549999999999e-09
3400 1.6573099999999998e-16
3402 0.000773299
3405 3.43231e-11
3409 3.11195e-05
3411 7.617029999999999e-05
3414 4.08287e-08
3418 7.58145e-06
3423 1.7898299999999998e-05
3426 2.73987e-05
3427 2.6255700000000005e-10
3428 3.04584e-07
3431 1.1661400000000002e-05
3432 0.0131261
3434 8.398739999999999e-07
3437 2.51987e-06
3438 8.22921e-08
3440 9.093250000000001e-07
3442 4.2666400000000004e-07
3445 0.923024
3446 1.80845e-05
3447 5.48178e-07
3448 2.68399e-13
3454 5.46631e-07
3456 9.416160000000001e-08
3457 0.00029533099999999997
3459 2.14373e-06
3460 1.56876e-07
3463 0.000527992
3467 1.89216e-09
3471 0.000925578
3472 4.98966e-05
3473 0.000962335
3474 2.0686099999999998e-10
3475 5.36154e-05
3476 0.001645
3478 0.947522
3479 0.000107994
3480 3.0140499999999995e-06
3481 4.00488e-07
3482 1.5432499999999998e-06
3483 6.497729999999999e-05
3485 2.11777e-05
3486 1.03976e-05
3488 3.46329e-05
3490 8.33778e-06
3494 0.943208
3495 0.0014531
3498 0.473991
3501 1.0813299999999999e-08
3502 1.4411199999999999e-09
3503 2.19245e-10
3504 4.155530000000001e-06
3505 1.09295e-12
3507 7.215839999999999e-10
3512 4.586830000000001e-10
3513 3.14436e-05
3514 1.53437e-07
3515 2.11388e-06
3517 7.38236e-07
3520 7.49038e-07
3523 1.1251799999999998e-08
3526 0.000202434
3527 8.6208e-07
3531 1.1090100000000002e-06
3532 3.2565199999999998e-06
3533 0.000312119
3534 2.2678099999999997e-18
3535 2.34979e-05
3538 6.7944799999999995e-09
3540 1.68013e-06
3541 2.62339e-06
3542 6.462779999999999e-10
3543 2.10981e-06
3544 7.66411e-05
3545 1.25219e-10
3547 1.67097e-06
3552 7.66171e-06
3553 4.32822e-08
3557 0.00199167
3558 7.476360000000001e-06
3559 0.8866299999999999
3560 5.5677300000000006e-12
3561 0.000118467
3562 0.000574349
3563 0.00010344299999999999
3568 3.0548400000000002e-06
3569 6.61125e-07
3570 1.00593e-06
3571 0.00016223
3572 2.91631e-17
3573 5.02542e-06
3574 0.998999
3578 3.7084399999999997e-10
3579 5.14366e-05
3581 1.2936000000000002e-06
3582 8.429539999999999e-06
3583 2.4117e-05
3584 1.39968e-06
3590 5.62111e-08
3591 5.02533e-06
3592 3.21423e-06
3595 0.000107392
3598 0.46083
3600 1.61864e-06
3601 3.32718e-11
3602 1.7329e-06
3607 8.783710000000001e-08
3610 1.54094e-07
3612 0.000265551
3613 0.0219285
3615 7.3785e-09
3616 3.32889e-07
3617 1.4833700000000001e-07
3619 3.95134e-06
3624 2.23037e-06
3626 5.2455799999999996e-09
3630 7.79686e-10
3631 4.8701400000000004e-06
3633 0.000664397
3637 9.29666e-07
3641 2.07898e-07
3643 4.2230300000000005e-06
3647 5.44669e-13
3649 1.4164400000000002e-06
3650 1.39099e-07
3652 0.0022786
3653 0.00021628400000000002
3659 3.22613e-06
3661 1.05176e-05
3665 2.51942e-08
3666 2.55218e-09
3668 5.627919999999999e-06
3670 3.00896e-14
3672 0.000782648
3676 1.40408e-06
3677 7.498769999999999e-10
3680 8.24328e-06
3682 4.86413e-08
3683 4.1637400000000007e-10
3686 3.528e-08
3687 0.00031968
3689 2.2976199999999998e-09
3692 1.38903e-05
3693 7.5932500000000005e-06
3697 4.07573e-05
3701 0.00011792200000000001
3702 4.23832e-07
3707 1.41126e-05
3710 6.45211e-06
3712 0.00300533
3715 1.42829e-07
3716 0.00169636
3718 2.2561e-08
3719 4.87327e-07
3720 1.58291e-05
3723 9.84638e-06
3724 3.49163e-08
3725 2.5319400000000002e-08
3726 2.44065e-12
3728 1.6580200000000002e-06
3730 3.62084e-14
3731 1.5362e-06
3733 2.28115e-09
3734 3.2202e-05
3736 2.2826e-06
3737 1.7118599999999998e-06
3738 0.000110498
3739 1.8689900000000002e-08
3741 1.34696e-05
3742 7.32354e-06
3744 6.88753e-06
3745 3.1798600000000004e-05
3746 3.85126e-16
3747 3.50158e-07
3755 1.27665e-05
3756 2.26142e-05
3757 2.36531e-08
3761 8.0948e-09
3762 0.000738919
3764 1.34303e-07
3765 9.94709e-07
3766 1.49223e-15
3768 1.85344e-11
3769 4.57594e-12
3770 1.03292e-07
3771 9.25338e-06
3775 0.00022862799999999998
3776 6.07609e-11
3777 4.281630000000001e-08
3778 1.6963000000000002e-07
3782 1.97318e-06
3785 2.0065300000000002e-07
3787 1.15707e-12
3789 0.00374479
3794 0.000694681
3795 5.5315199999999994e-12
3799 6.27594e-05
3800 1.3222299999999998e-06
3801 2.22507e-12
3802 1.02315e-10
3804 8.380119999999999e-10
3805 1.0207000000000001e-07
3810 1.02409e-08
3812 5.27638e-07
3813 9.026519999999999e-10
3815 3.06682e-08
3816 1.75596e-09
3819 7.02397e-09
3822 1.38425e-11
3823 0.963606
3825 5.12241e-10
3829 1.21365e-07
3831 6.914270000000001e-07
3832 0.015364099999999999
3833 2.79239e-13
3836 0.00920258
3839 9.10923e-06
3840 9.64637e-06
3841 2.17763e-07
3842 4.78535e-09
3843 0.000600234
3850 0.96436
3851 5.46111e-07
3852 1.27394e-05
3853 5.322829999999999e-07
3854 1.65386e-06
3858 1.72913e-05
3862 0.0007342389999999999
3864 9.913430000000001e-10
3867 0.000106359
3870 1.5741700000000002e-05
3873 8.21231e-08
3875 1.27129e-06
3878 4.59858e-06
3880 1.0502899999999999e-09
3881 1.73101e-08
3882 6.27171e-05
3883 1.0982299999999998e-08
3884 5.76522e-09
3888 7.66475e-08
3892 0.000116124
3893 2.2191299999999996e-10
3894 2.57788e-06
3896 3.0869599999999996e-06
3897 0.000457958
3900 0.28079299999999996
3901 0.000302185
3902 7.66789e-07
3903 7.575270000000001e-07
3904 0.0195887
3906 7.37082e-10
3908 5.06786e-08
3909 4.73479e-09
3910 1.03991e-05
3914 7.3055e-05
3916 9.6764e-06
3917 3.1267499999999998e-09
3920 5.83341e-05
3922 4.1852499999999994e-06
3925 4.382919999999999e-08
3927 4.97055e-05
3928 3.1028e-08
3929 0.000131309
3930 2.0318299999999997e-06
3931 0.000311766
3933 2.31953e-06
3934 7.805210000000001e-10
3938 4.54071e-07
3940 2.13298e-06
3942 0.00011333
3943 2.12303e-07
3944 0.000158111
3950 4.90253e-05
3951 0.00010541700000000001
3952 8.38408e-08
3955 0.000122803
3958 0.0008242910000000001
3959 1.02988e-06
3962 0.00219361
3964 3.20935e-06
3967 2.0764599999999997e-06
3968 4.5093400000000004e-05
3972 3.8470300000000003e-07
3975 0.520929
3976 4.33362e-17
3977 8.63614e-08
3978 1.14205e-05
3980 3.56189e-05
3981 2.78741e-08
3982 0.0049116
3985 4.6197300000000003e-10
3989 2.53579e-10
3995 8.915790000000001e-05
3999 3.28138e-07
4000 3.8362800000000007e-08
4001 1.63642e-05
4002 5.15668e-07
4004 0.000137813
4006 1.3244200000000001e-05
4007 7.12428e-05
4018 1.76065e-06
4021 2.2275099999999997e-06
4022 0.000342891
4024 2.21503e-08
4026 1.3259299999999998e-08
4027 1.1180600000000001e-08
4029 0.000100281
4030 2.08748e-09
4032 4.390119999999999e-06
4036 3.17947e-10
4038 8.09557e-06
4040 3.04181e-07
4041 0.00037116
4042 1.1055999999999999e-07
4043 8.655549999999999e-07
4044 0.00018961599999999998
4045 4.89433e-09
4048 1.33634e-09
4049 4.96101e-08
4050 3.69645e-13
4053 8.41425e-07
4054 3.06305e-07
4055 4.49603e-07
4056 5.7029300000000005e-06
4059 5.52315e-09
4061 0.00263814
4062 3.90374e-05
4063 1.1073599999999998e-09
4064 2.3354600000000002e-07
4065 3.2552800000000003e-06
4068 8.209829999999999e-07
4070 6.653390000000001e-15
4071 5.9651699999999996e-09
4072 0.00227286
4074 9.856239999999998e-06
4078 0.000259418
4079 0.000886143
4080 2.8031500000000002e-08
4081 4.34299e-08
4083 2.0472e-12
4084 7.38124e-08
4086 0.000149249
4088 1.9702000000000002e-05
4090 0.00026255
4094 2.0251e-09
4096 0.000111611
4097 1.7680399999999998e-09
4098 1.74586e-05
4099 1.31057e-07
4101 1.0645200000000001e-08
4103 0.231829
4104 7.77049e-06
4107 0.00995742
4109 5.34818e-07
4112 8.35235e-09
4114 2.36275e-09
4115 6.64161e-07
4116 2.94403e-07
4118 4.83668e-07
4119 1.08952e-05
4123 0.00344798
4124 2.47273e-12
4125 4.9334699999999995e-08
4126 1.3162200000000001e-06
4127 0.00017282200000000002
4128 8.15739e-08
4130 1.01254e-05
4132 2.24907e-08
4134 1.41637e-07
4139 9.75483e-08
4144 9.16116e-05
4147 1.2003099999999999e-05
4151 5.256899999999999e-07
4153 0.8395450000000001
4154 4.7910900000000006e-08
4155 7.340019999999999e-07
4156 0.0664098
4157 7.95666e-06
4159 2.3530899999999998e-07
4160 5.70084e-07
4161 3.58087e-10
4162 0.00032957
4165 2.69012e-08
4166 2.8075299999999998e-08
4167 3.5881599999999995e-08
4172 5.74153e-06
4173 0.000630861
4175 5.73456e-05
4176 7.44097e-12
4177 1.7287099999999997e-06
4179 2.98722e-07
4180 6.911569999999999e-08
4181 9.2718e-06
4182 2.01309e-07
4183 3.89636e-08
4184 0.00015570799999999998
4187 0.00041819199999999996
4188 4.91105e-09
4197 0.000240963
4198 7.74435e-10
4199 0.9946889999999999
4202 5.13861e-05
4206 3.82645e-08
4207 9.29782e-07
4208 7.37517e-05
4210 1.46725e-06
4211 4.05971e-05
4213 4.1175300000000006e-08
4214 1.52502e-10
4216 0.00885652
4217 4.66955e-12
4218 0.00340124
4219 7.843189999999999e-06
4222 3.93351e-07
4225 3.7138699999999996e-08
4226 6.2232100000000005e-09
4227 3.5747e-08
4233 0.000839168
4234 0.00039228900000000004
4235 7.65351e-05
4236 2.2560700000000002e-07
4238 3.28733e-06
4240 0.00014419700000000002
4243 2.78943e-09
4245 5.52942e-06
4248 0.00122795
4249 1.88455e-05
4250 1.8066900000000001e-07
4251 1.9606700000000002e-14
4252 1.3271700000000002e-06
4254 1.36839e-13
4260 3.34136e-11
4261 1.09802e-06
4262 7.12067e-06
4266 0.00051983
4267 8.27534e-06
4268 2.8879699999999997e-05
4276 1.5603700000000001e-06
4277 0.0195138
4278 0.967189
4282 0.936401
4285 1.6295e-05
4288 1.0132900000000001e-09
4289 1.98899e-07
4290 9.996930000000001e-09
4294 4.0493e-07
4297 3.05468e-08
4299 6.76636e-09
4301 8.72562e-08
4302 7.66526e-09
4305 2.9650300000000003e-05
4306 0.00510263
4308 7.85235e-07
4309 0.00385179
4311 8.864490000000001e-07
4313 0.00146933
4314 0.970777
4316 0.101131
4317 0.000115426
4319 4.20447e-07
4320 1.2121e-08
4324 2.5027e-12
4328 3.9115699999999995e-06
4330 2.45806e-09
4332 0.246457
4334 1.6530200000000002e-06
4335 1.23146e-10
4336 7.518610000000001e-06
4337 3.19775e-07
4340 1.9414e-09
4342 2.3240200000000004e-10
4343 0.000381339
4344 5.585680000000001e-13
4348 5.10207e-05
4350 7.15666e-09
4353 2.89895e-12
4355 5.07756e-06
4357 1.68673e-05
4358 8.385589999999999e-10
4362 3.7955500000000004e-13
4363 1.26127e-05
4366 1.16767e-06
4373 2.90415e-05
4374 4.50082e-08
4375 0.00243502
4377 0.586284
4378 5.13442e-07
4381 4.4585e-05
4382 1.10657e-05
4383 0.00139511
4385 0.00261787
4388 1.74143e-07
4393 0.00101177
4394 2.60382e-10
4395 8.09725e-18
4398 0.986361
4399 0.414897
4400 2.8740699999999997e-10
4401 9.86312e-08
4402 9.712959999999998e-13
4403 7.829789999999998e-18
4406 2.83465e-11
4407 9.34339e-05
4408 4.89256e-06
4410 2.0739299999999998e-08
4412 6.0838900000000005e-05
4413 4.881140000000001e-09
4414 1.26982e-07
4415 9.82593e-06
4416 5.11008e-07
4417 2.93347e-11
4418 3.39355e-09
4419 1.97023e-05
4420 2.1484599999999996e-06
4422 7.02227e-07
4425 3.12951e-13
4426 2.59965e-11
4427 9.54596e-10
4428 3.24348e-05
4431 8.423879999999999e-05
4435 1.4885299999999998e-06
4440 2.08885e-06
4442 0.000294125
4443 5.80405e-05
4444 7.550130000000001e-10
4445 0.000136199
4447 4.1833999999999997e-07
4448 5.03564e-13
4449 1.5113999999999998e-06
4451 1.08541e-08
4453 7.57398e-08
4454 0.000538403
4456 2.11217e-07
4458 6.89395e-07
4460 1.72554e-06
4461 1.8408200000000002e-07
4462 6.30975e-06
4465 2.65702e-09
4467 2.00032e-12
4469 4.5601599999999997e-07
4472 1.31216e-09
4473 1.1476199999999999e-05
4475 1.1779e-06
4476 1.9647e-06
4477 0.257657
4478 4.82839e-12
4480 7.22809e-05
4482 1.08271e-05
4483 2.20354e-07
4485 0.00015858
4486 1.3456799999999998e-09
4489 9.86034e-06
4491 1.75958e-07
4492 1.0539300000000001e-05
4497 0.012606200000000001
4501 6.08722e-06
4503 2.7569e-07
4504 4.5819099999999995e-10
4505 1.86148e-09
4506 1.1231100000000002e-06
4511 1.67188e-06
4513 0.972374
4515 2.5860200000000003e-10
4516 7.60187e-07
4521 0.000309459
4522 0.0645553
4523 3.4586e-08
4525 5.16627e-05
4529 1.73475e-07
4531 0.000165865
4533 0.9963989999999999
4534 7.294810000000001e-06
4536 0.00026981
4538 2.7046499999999996e-06
4541 3.23242e-07
4543 3.5773900000000004e-06
4545 1.2840700000000001e-08
4546 3.51811e-07
4547 1.04392e-11
4550 0.0825528
4554 2.62339e-07
4556 0.96052
4557 1.51392e-06
4559 1.4732799999999998e-07
4560 6.4918699999999994e-09
4561 0.00308618
4564 1.25248e-07
4567 3.3642099999999998e-06
4568 6.20257e-10
4569 3.84238e-05
4572 0.9947590000000001
4573 0.190553
4575 1.37326e-05
4577 9.39379e-12
4578 1.32323e-09
4580 1.1399700000000001e-06
4582 1.5912200000000002e-06
4583 9.763469999999999e-05
4586 0.00071259
4589 6.87153e-05
4590 6.06655e-07
4593 1.36964e-06
4594 6.35455e-07
4596 0.896185
4598 9.75762e-07
4599 6.14052e-09
4602 2.00929e-05
4603 5.09138e-06
4608 0.00306788
4610 0.000999038
4613 0.000569327
4614 0.0012821
4615 1.0371e-06
4616 8.82892e-10
4617 0.00331966
4619 4.17655e-05
4620 0.00865685
4621 0.000795307
4624 1.2972299999999998e-06
4629 1.2020899999999999e-05
4633 0.010678700000000001
4635 0.000118621
4637 3.0874799999999997e-26
4638 1.07379e-07
4639 0.000254813
4640 1.3078400000000001e-07
4641 7.0203100000000005e-09
4642 1.37923e-05
4645 0.999416
4646 0.00140261
4650 2.41789e-11
4657 0.00029537599999999997
4658 3.5300300000000005e-05
4659 1.1267999999999999e-07
4661 1.1233800000000001e-09
4663 7.26224e-08
4664 1.29059e-05
4665 8.729549999999999e-05
4666 4.806449999999999e-10
4667 6.34196e-08
4668 3.20296e-07
4669 0.684562
4670 0.139519
4677 7.845369999999999e-06
4678 1.25053e-06
4680 0.999972
4681 6.363240000000001e-06
4684 5.48881e-06
4688 2.4686599999999997e-12
4690 5.19857e-10
4695 6.46405e-05
4696 4.30357e-05
4697 1.0566300000000002e-13
4698 6.4193e-07
4700 4.58182e-06
4703 1.99965e-11
4704 1.16969e-06
4709 1.52894e-05
4711 3.4176400000000005e-10
4712 2.36972e-06
4713 1.0281600000000002e-05
4716 3.79602e-09
4717 2.08957e-09
4720 1.5999000000000002e-07
4721 0.000858478
4724 6.5822e-12
4725 2.61536e-10
4726 4.101880000000001e-06
4728 0.0675596
4729 5.74059e-08
4730 1.32353e-05
4731 1.30778e-07
4733 1.9293499999999997e-05
4734 1.11936e-06
4736 1.34386e-07
4738 0.00051814
4739 0.000117732
4740 2.42538e-05
4741 0.00368731
4744 2.5772199999999998e-06
4745 1.8919799999999998e-12
4749 5.770580000000001e-07
4751 1.6846400000000002e-05
4752 0.981865
4755 1.00669e-05
4756 3.1493400000000003e-07
4757 3.5031699999999996e-08
4758 1.08263e-06
4759 3.36905e-08
4762 5.91556e-11
4763 1.42959e-10
4764 0.00394518
4765 6.85872e-10
4766 2.2025499999999998e-06
4767 2.8836000000000002e-06
4769 3.49534e-09
4771 2.2888200000000002e-07
4772 1.1160999999999999e-05
4774 0.00199039
4775 0.00410934
4778 0.0006982830000000001
4780 1.77401e-09
4781 7.212399999999999e-07
4784 0.99618
4787 2.64112e-07
4791 3.35916e-08
4795 7.3330200000000005e-06
4798 0.0008177719999999999
4800 5.29795e-13
4802 1.6384900000000002e-06
4803 5.402510000000001e-07
4804 4.5369799999999994e-05
4806 5.920169999999999e-06
4807 7.05824e-05
4809 4.9167e-12
4810 2.5190200000000003e-08
4811 1.42223e-08
4813 1.95512e-07
4817 0.0399389
4819 9.456910000000001e-07
4820 0.000114188
4821 0.09908600000000001
4822 6.78719e-11
4824 0.9999889999999999
4827 0.000123754
4829 1.46834e-07
4833 3.46535e-09
4835 1.46395e-07
4838 0.000211337
4843 2.2127399999999998e-05
4844 0.000151907
4845 1.5721799999999999e-12
4847 1.06834e-08
4851 3.5711399999999995e-07
4853 6.9961e-05
4854 3.16057e-05
4855 2.30197e-06
4858 1.05004e-05
4860 1.3272899999999999e-09
4861 1.3784699999999999e-09
4862 2.83848e-05
4864 8.320829999999999e-07
4865 0.000124775
4870 1.2653699999999997e-09
4871 5.77386e-06
4874 8.690000000000001e-05
4875 0.000185185
4877 3.21524e-06
4880 5.20815e-05
4881 6.01676e-05
4883 8.2101e-08
4884 1.7507e-08
4887 2.27223e-06
4888 0.00155022
4889 5.684819999999999e-10
4891 6.524100000000001e-09
4892 3.02635e-05
4893 6.68756e-05
4894 7.79558e-06
4899 3.93243e-07
4900 0.00429535
4901 0.000533531
4904 7.74649e-17
4906 0.9965370000000001
4908 2.06732e-05
4909 8.2722e-09
4914 0.00412062
4915 8.332829999999999e-08
4917 8.04621e-14
4918 1.5085599999999998e-09
4919 2.0528599999999996e-06
4920 7.4065e-05
4921 2.62765e-07
4922 1.025e-06
4923 2.29112e-09
4924 3.20368e-10
4925 8.61709e-06
4927 1.0999599999999999e-07
4930 3.92946e-05
4932 1.26589e-06
4933 1.2436300000000002e-05
4934 1.19973e-06
4937 0.00114023
4940 2.97068e-08
4941 5.19473e-08
4942 1.7863800000000002e-09
4944 8.73664e-06
4945 5.741229999999999e-05
4947 5.366799999999999e-06
4949 1.04247e-05
4952 2.94426e-08
4957 8.83698e-07
4959 5.9285500000000005e-08
4964 4.44034e-06
4965 4.6529399999999995e-05
4969 0.000505539
4970 6.655939999999999e-09
4971 1.8118299999999997e-08
4975 1.7046e-09
4978 1.47683e-06
4979 2.9619400000000004e-08
4980 0.0490585
4981 2.0492399999999999e-13
4988 0.724751
4989 1.8423899999999999e-07
4993 4.71872e-05
4996 1.21315e-11
5000 1.61529e-14
5002 4.57216e-08
5005 5.0802300000000005e-06
5008 0.999813
5009 8.554639999999999e-09
5010 4.9266899999999994e-05
5011 4.05674e-05
5012 0.00022040400000000003
5013 0.000140552
5015 8.080380000000001e-05
5017 0.0788985
5019 3.5604799999999996e-07
5021 1.1096799999999999e-10
5022 0.000421728
5025 3.3060100000000002e-09
5030 2.4386900000000003e-14
5031 4.23682e-09
5034 0.0208247
5035 4.1674100000000004e-15
5038 7.4180200000000005e-06
5040 4.5587299999999996e-05
5041 3.17923e-08
5043 0.89369
5044 3.9604e-06
5046 2.0155700000000003e-10
5048 2.3404000000000003e-13
5049 3.41633e-07
5050 8.484659999999999e-07
5051 7.35103e-07
5053 0.00444436
5059 4.152130000000001e-08
5060 7.584969999999999e-07
5066 2.10781e-06
5069 1.98665e-06
5070 1.32582e-05
5074 0.000410779
5075 6.88894e-09
5076 0.024180700000000003
5080 0.00019821200000000002
5082 3.5380300000000004e-05
5083 3.5565000000000003e-09
5087 3.8760800000000005e-15
5088 1.1463800000000001e-07
5089 2.1096300000000003e-09
5091 1.8174700000000002e-10
5092 9.47471e-06
5095 0.444668
5096 2.87769e-10
5098 9.42797e-11
5099 1.4042099999999999e-06
5100 1.09494e-07
5103 4.46676e-06
5105 1.2731299999999998e-08
5106 0.806351
5109 4.849209999999999e-10
5112 0.00041832400000000003
5113 0.0114167
5115 4.91153e-10
5117 8.38882e-07
5118 5.326269999999999e-10
5119 3.08092e-07
5120 8.67264e-11
5123 0.0962573
5125 9.36883e-09
5126 0.00075018
5127 0.000431419
5132 9.45921e-06
5133 1.15642e-11
5137 0.281491
5139 9.35355e-06
5140 4.734319999999999e-06
5141 0.0008937060000000001
5142 5.290780000000001e-08
5147 0.000769437
5148 3.98527e-06
5149 3.75297e-05
5151 7.38138e-07
5152 6.764930000000001e-06
5154 8.17034e-12
5155 2.97319e-09
5157 2.99016e-10
5158 1.12678e-06
5162 0.000467554
5163 1.09206e-06
5164 0.00045659
5165 2.54747e-06
5166 4.74078e-10
5167 0.668867
5170 1.20538e-06
5172 8.62761e-05
5174 3.4615300000000002e-06
5178 5.54514e-12
5180 1.53592e-07
5182 3.64321e-08
5184 3.6734600000000002e-06
5187 1.0936700000000001e-08
5188 5.12022e-10
5192 7.513899999999999e-11
5193 0.000413622
5194 1.03441e-08
5196 7.48912e-11
5197 1.64888e-13
5198 0.0018553
5200 1.0991200000000001e-06
5201 1.55896e-05
5204 6.69279e-12
5205 1.1939e-06
5206 0.061686300000000006
5207 0.00101262
5211 1.65247e-14
5213 0.392418
5216 0.000401896
5218 9.080060000000001e-08
5221 1.4442e-05
5225 3.42729e-08
5226 7.63654e-07
5227 9.41936e-06
5228 4.96926e-07
5232 7.84544e-11
5233 4.31654e-06
5234 0.452942
5235 8.47223e-05
5237 6.18486e-10
5238 0.996606
5240 1.16341e-07
5241 0.00222273
5243 0.00858998
5247 8.041880000000001e-07
5249 0.0528803
5250 2.18915e-06
5251 5.19146e-05
5252 1.2808700000000001e-06
5255 9.021729999999999e-07
5256 2.48894e-05
5261 3.04092e-08
5265 1.39372e-08
5266 7.81299e-07
5271 9.034769999999999e-08
5272 3.38694e-05
5275 5.59479e-07
5276 8.943289999999999e-06
5277 0.000193163
5279 0.0100351
5280 3.01612e-05
5282 5.42526e-13
5284 3.55081e-11
5286 1.86018e-09
5287 4.9243499999999994e-08
5289 4.28216e-06
5291 2.50317e-07
5294 1.8696700000000002e-08
5295 8.1131e-07
5296 1.57372e-08
5299 1.2098e-07
5300 7.503589999999999e-06
5301 2.48105e-15
5302 3.77598e-05
5308 2.66014e-05
5309 2.44605e-12
5313 5.2191e-06
5316 5.21911e-08
5317 4.507279999999999e-09
5321 1.4075899999999999e-09
5322 5.37194e-08
5323 7.46822e-10
5324 0.000167312
5329 0.0331532
5330 1.3647e-06
5332 0.518057
5333 0.0006034769999999999
5334 2.68601e-06
5335 0.033697500000000005
5339 0.000172967
5341 1.37681e-05
5342 1.01715e-07
5347 2.9843000000000006e-07
5353 2.5670799999999998e-05
5354 2.50295e-12
5356 1.7405899999999998e-07
5357 0.0007218960000000001
5359 4.06573e-05
5361 4.69386e-07
5362 0.011128399999999998
5364 6.1227800000000005e-15
5366 7.7125e-09
5372 2.85073e-05
5375 1.1663299999999999e-05
5376 0.0116239
5377 6.02245e-07
5381 0.0020153
5382 0.10056699999999999
5386 3.71016e-05
5390 1.68987e-06
5392 0.00236274
5394 0.00123902
5399 0.000134661
5400 7.66751e-09
5401 3.12173e-13
5402 0.38467399999999996
5403 5.59488e-05
5409 2.3871e-06
5411 5.41406e-11
5412 4.52469e-10
5415 3.7985e-06
5422 2.58035e-09
5425 2.2703499999999998e-06
5426 0.000165332
5427 1.84668e-05
5428 3.44963e-08
5432 1.0295799999999999e-09
5435 4.878100000000001e-07
5437 7.08175e-11
5442 4.09703e-08
5443 0.00010902600000000001
5444 4.269189999999999e-09
5446 5.314249999999999e-06
5447 1.61525e-09
5449 2.7413799999999996e-06
5452 2.4071700000000002e-05
5456 1.25002e-06
5458 0.8789040000000001
5459 0.000117459
5460 5.82068e-05
5462 1.55404e-06
5463 3.12919e-09
5464 2.69466e-07
5466 3.89522e-06
5468 1.17662e-12
5472 0.023484
5473 0.0213111
5474 2.05959e-06
5476 1.20656e-05
5477 7.60992e-09
5479 1.19969e-11
5480 2.82096e-13
5482 1.17585e-07
5484 1.3839099999999998e-10
5488 8.096439999999999e-08
5490 2.61804e-05
5491 6.715389999999999e-08
5492 3.7079199999999995e-08
5493 1.17768e-11
5494 7.02778e-07
5495 2.14723e-13
5498 1.25275e-05
5500 8.38192e-05
5501 1.63749e-11
5502 6.3803099999999996e-06
5503 8.33052e-17
5504 7.821530000000001e-10
5505 0.00182166
5506 1.68928e-10
5512 1.41506e-06
5513 4.55643e-09
5516 4.21605e-16
5520 5.0916300000000005e-09
5523 2.53773e-12
5525 6.65304e-08
5528 8.30761e-06
5529 0.9233
5532 5.31099e-05
5533 5.2977e-07
5534 7.49909e-16
5537 0.194986
5538 0.0006887760000000001
5540 5.62114e-18
5543 7.78694e-09
5545 3.3817199999999995e-08
5546 1.0653399999999999e-05
5548 4.677270000000001e-05
5551 1.13664e-07
5553 5.55814e-11
5555 9.047629999999999e-07
5556 6.47905e-08
5557 3.4934500000000004e-06
5558 5.86239e-10
5560 5.6791900000000004e-08
5561 8.98998e-09
5562 3.78827e-08
5564 0.00019183
5565 5.54747e-05
5567 1.8603400000000004e-10
5569 0.00237404
5570 1.4406700000000002e-07
5571 2.18352e-10
5572 0.011901
5575 0.999449
5578 0.014566200000000001
5580 2.96996e-05
5581 6.33832e-06
5587 2.5055200000000003e-08
5589 9.895149999999998e-09
5594 4.1366399999999996e-08
5595 4.6821e-10
5596 2.4210300000000003e-09
5597 8.20556e-07
5598 2.96991e-11
5602 0.00280161
5604 0.00112554
5607 8.7616e-06
5610 9.27039e-06
5612 2.78369e-08
5616 0.00038701800000000004
5617 0.00114433
5619 2.00493e-13
5621 8.5224e-06
5622 3.4548800000000005e-06
5623 1.10954e-07
5626 4.0920500000000006e-09
5627 2.7349900000000003e-07
5628 1.71515e-05
5632 6.23008e-06
5633 0.5153800000000001
5634 0.00124266
5635 4.21053e-08
5638 0.00020956900000000003
5642 0.25398200000000004
5643 0.000134803
5646 3.22968e-05
5649 3.7894e-09
5650 2.5134e-06
5651 7.29631e-05
5656 1.25563e-07
5659 4.19137e-07
5661 7.91432e-06
5663 3.5838800000000004e-06
5665 1.56859e-09
5666 0.08133710000000001
5667 0.0006545969999999999
5670 1.45902e-06
5671 4.3436800000000005e-09
5673 1.4568099999999999e-05
5675 1.4488300000000001e-07
5677 0.000793018
5678 8.345939999999999e-10
5681 0.9799559999999999
5683 2.25155e-11
5684 0.00221256
5688 7.58338e-11
5689 2.68949e-06
5690 1.26231e-08
5691 3.0433099999999996e-06
5692 0.000153721
5694 1.58723e-11
5698 5.61152e-11
5703 4.6525799999999997e-07
5706 1.2189e-06
5707 0.167372
5708 2.61247e-07
5709 7.7391e-09
5711 0.00016309700000000001
5712 1.67575e-05
5717 2.63847e-07
5720 0.00339411
5721 1.22165e-07
5722 2.40043e-05
5724 2.55733e-08
5725 5.12808e-07
5726 2.01219e-07
5727 5.49776e-05
5733 7.45323e-08
5734 0.00017937099999999997
5737 3.6998699999999995e-10
5739 5.51063e-11
5744 2.9517900000000005e-08
5745 8.09977e-06
5746 6.059740000000001e-10
5748 5.78265e-07
5750 2.9631599999999995e-09
5751 3.27726e-07
5753 1.1426700000000001e-06
5754 1.25831e-06
5758 5.65285e-07
5759 5.75875e-07
5763 1.5227999999999998e-07
5766 1.12944e-06
5767 4.40097e-07
5770 2.02705e-09
5771 0.891432
5772 0.00169599
5774 6.31579e-09
5775 5.6149700000000005e-09
5776 0.000116392
5777 3.71608e-10
5778 7.80648e-07
5785 2.36169e-05
5787 8.637439999999999e-07
5792 1.34369e-06
5793 1.0379399999999998e-08
5795 0.00176792
5797 3.60101e-06
5798 6.76929e-09
5800 7.62499e-07
5801 8.96795e-08
5802 7.57778e-06
5804 1.30995e-06
5807 3.6082e-05
5808 1.15309e-06
5809 1.4596199999999998e-09
5810 2.40488e-07
5816 1.13311e-13
5820 2.69126e-08
5822 1.1956400000000001e-05
5823 9.40841e-07
5827 5.0776000000000004e-08
5832 1.27699e-08
5833 1.4563900000000001e-05
5834 5.302889999999999e-10
5835 2.26677e-05
5837 1.96314e-08
5842 3.4323400000000003e-12
5844 4.51344e-12
5846 0.000518942
5847 1.71376e-08
5848 1.31643e-11
5849 3.25382e-05
5855 5.5495e-15
5857 3.29379e-07
5858 0.0220527
5862 1.00523e-07
5865 3.93476e-05
5866 1.0791600000000001e-08
5869 2.81403e-07
5870 4.06435e-14
5871 1.03079e-05
5872 8.99273e-11
5876 0.00178141
5880 2.44172e-07
5882 1.18067e-06
5883 0.000117704
5886 0.031755599999999995
5887 4.50147e-06
5890 1.08353e-05
5891 1.75403e-05
5892 0.034578899999999996
5896 2.62593e-06
5898 6.65648e-08
5900 9.990850000000001e-07
5902 4.96651e-10
5904 5.268979999999999e-07
5907 5.13935e-08
5913 3.05358e-05
5915 2.68338e-05
5916 0.00532603
5921 3.71849e-05
5922 5.421380000000001e-06
5924 5.16149e-06
5925 8.38118e-06
5926 1.0037e-06
5927 0.9078139999999999
5929 2.0258e-10
5931 0.0067152
5932 6.154630000000001e-06
5933 3.2691e-07
5934 4.51945e-09
5935 1.11376e-05
5936 5.851359999999999e-06
5937 4.3447199999999997e-10
5939 2.36163e-07
5941 8.48204e-08
5942 1.8599099999999998e-06
5943 7.33565e-08
5944 7.02658e-05
5945 1.2191400000000002e-05
5946 6.1830899999999994e-06
5949 6.686060000000001e-07
5950 6.965269999999999e-08
5953 0.000146167
5955 1.05303e-06
5957 2.22461e-05
5958 2.50279e-06
5959 4.17537e-11
5962 1.92106e-09
5965 0.991665
5966 3.207e-06
5967 1.7247900000000001e-06
5969 4.18532e-06
5972 6.950130000000001e-08
5973 7.070770000000001e-05
5974 7.99655e-10
5976 7.39993e-07
5977 4.02353e-11
5978 0.00183049
5982 0.000123132
5986 2.12337e-08
5987 0.0006878710000000001
5993 0.00019910299999999998
5994 3.58967e-05
5997 1.4029200000000001e-05
5999 4.6193400000000004e-08
6002 1.48104e-05
6003 7.160609999999999e-09
6006 2.33481e-08
6007 0.00476381
6008 9.009e-07
6010 0.000470551
6013 0.00775819
6014 0.000157116
6015 1.56196e-06
6016 1.0655700000000002e-08
6017 7.1613e-13
6019 2.45571e-09
6021 7.568390000000001e-05
6022 2.1225e-05
6024 0.919271
6031 8.038e-06
6032 3.32436e-07
6034 5.25304e-08
6036 0.000357797
6037 1.68078e-06
6039 0.00221318
6040 2.08487e-07
6044 9.2214e-07
6047 4.18747e-06
6048 6.85118e-05
6049 3.45416e-05
6050 2.7809300000000003e-06
6051 0.9842620000000001
6052 7.301270000000001e-09
6053 8.027289999999999e-08
6054 4.5478700000000003e-07
6056 7.50314e-07
6057 1.9533499999999997e-09
6059 8.647709999999999e-07
6060 7.690279999999999e-05
6063 1.19783e-10
6064 5.44813e-09
6068 1.02328e-09
6072 1.35523e-06
6075 6.60578e-08
6076 0.00044197800000000004
6077 3.7081899999999995e-07
6080 1.12302e-12
6081 0.00011200700000000001
6082 6.9178e-11
6083 1.6448e-13
6085 6.57792e-05
6086 7.032660000000001e-06
6087 4.51478e-06
6090 2.1006e-11
6092 3.57574e-06
6093 2.69422e-06
6094 9.45893e-05
6099 3.75954e-07
6101 1.71025e-06
6102 0.000569354
6106 0.0009808430000000001
6109 0.000319277
6110 0.316741
6112 5.6016899999999996e-05
6113 6.52415e-09
6114 0.0322941
6115 1.57937e-06
6116 1.64495e-15
6118 1.47184e-05
6119 5.085030000000001e-12
6121 5.71933e-12
6122 1.65061e-07
6126 2.5681400000000003e-06
6127 1.92208e-05
6132 2.8255599999999997e-13
6137 2.92123e-08
6138 4.7867400000000005e-06
6142 1.77289e-07
6143 2.1871300000000002e-05
6144 1.5598e-07
6145 4.81484e-09
6147 7.00956e-06
6149 4.7880399999999996e-05
6152 3.55626e-07
6154 2.14285e-06
6155 0.000194096
6157 3.14993e-05
6160 0.717873
6164 0.00019748299999999998
6165 8.73228e-12
6167 1.1505e-05
6168 1.06341e-05
6169 1.0938200000000001e-06
6173 0.461999
6178 2.9775500000000003e-05
6182 4.1133999999999994e-06
6186 4.49768e-07
6191 5.83309e-08
6192 1.96828e-09
6193 2.01693e-08
6194 1.1900399999999999e-08
6195 1.1871500000000001e-05
6197 6.68799e-05
6199 6.05062e-11
6200 9.61555e-07
6204 0.00011008
6205 0.0474915
6207 2.61277e-06
6211 0.0912622
6213 6.20031e-07
6217 0.00200969
6226 4.90211e-06
6227 0.731225
6228 4.41593e-08
6231 3.01473e-06
6232 0.00384818
6237 2.6872e-05
6239 6.60663e-06
6242 1.72008e-10
6244 0.00177878
6245 2.5209e-07
6246 8.44992e-05
6248 3.7721e-07
6253 1.82371e-07
6255 1.16023e-05
6256 1.38736e-10
6257 2.27599e-08
6263 0.999926
6265 1.32144e-07
6266 2.58852e-05
6268 2.07925e-13
6271 7.690599999999999e-06
6273 1.25149e-07
6274 9.09745e-09
6278 5.77062e-06
6280 5.667e-06
6283 2.3646e-08
6287 3.47012e-08
6288 4.77624e-06
6292 1.1348e-12
6293 5.57987e-07
6294 0.8605940000000001
6297 1.6830300000000002e-07
6298 4.597069999999999e-08
6302 0.000102552
6303 1.4893000000000001e-08
6307 7.790760000000001e-07
6308 2.09448e-10
6310 0.00486765
6311 2.47467e-07
6312 2.2164099999999998e-08
6313 8.306639999999999e-08
6315 1.66314e-07
6316 4.98186e-05
6317 1.32468e-09
6322 1.5471600000000002e-06
6324 2.3733e-09
6326 1.44735e-13
6327 6.47075e-08
6328 3.36872e-05
6331 9.067330000000002e-10
6332 3.18772e-05
6333 4.531200000000001e-16
6334 1.06345e-10
6336 4.86797e-08
6340 2.0510000000000002e-11
6342 0.012157
6343 0.00227394
6345 7.60431e-06
6347 0.9105049999999999
6354 1.01962e-05
6356 3.8173900000000006e-10
6358 3.12149e-05
6359 7.0694500000000006e-06
6360 2.06174e-06
6361 5.05184e-06
6364 5.403999999999999e-06
6365 0.0121274
6368 2.12092e-06
6370 0.00227946
6372 6.02469e-08
6373 3.0039200000000002e-05
6376 1.1218299999999999e-07
6378 3.15829e-05
6379 1.89794e-05
6380 4.21332e-06
6383 1.1754600000000001e-05
6384 2.6021100000000003e-06
6386 1.09721e-07
6388 7.46063e-08
6389 3.27693e-07
6390 4.945109999999999e-06
6393 7.37822e-06
6394 3.4597199999999996e-10
6397 6.39443e-09
6399 2.07159e-07
6401 3.76695e-08
6402 0.000206202
6403 3.2850800000000004e-06
6405 0.000138398
6406 0.9819100000000001
6407 7.30674e-08
6408 0.000865513
6410 1.0868399999999999e-05
6412 2.61308e-11
6413 1.99729e-09
6414 4.944229999999999e-05
6415 1.22454e-07
6416 0.00197168
6420 0.00046363199999999995
6422 1.0169099999999999e-05
6423 2.551e-08
6426 6.99824e-07
6431 1.28257e-10
6432 4.29843e-06
6435 0.00324992
6439 2.5984200000000002e-09
6441 1.09348e-05
6446 1.37747e-07
6451 3.58432e-10
6452 4.919580000000001e-08
6453 7.58409e-06
6454 3.63953e-07
6457 4.8416e-07
6460 5.117430000000001e-06
6461 1.88963e-05
6464 6.3429199999999996e-06
6467 1.688e-13
6469 1.3278100000000001e-10
6471 0.00166723
6477 9.91634e-05
6478 0.007495
6479 4.22868e-05
6481 2.57219e-11
6485 4.1393e-09
6487 6.56929e-10
6489 1.66344e-05
6490 0.00342423
6491 1.78929e-10
6493 9.535949999999999e-07
6494 2.09207e-11
6496 0.021118400000000002
6498 4.73605e-10
6500 0.000351774
6502 9.055809999999999e-13
6504 7.90145e-08
6505 2.10799e-08
6508 1.58177e-07
6510 4.03212e-08
6511 2.1402099999999997e-06
6513 6.5235e-07
6514 3.60797e-05
6516 1.06479e-05
6517 1.05314e-05
6518 1.97651e-14
6521 2.1981199999999998e-08
6522 0.00126017
6525 0.000111545
6526 3.43712e-05
6527 8.11729e-05
6528 0.000945966
6531 0.00229417
6533 0.999682
6535 1.78671e-11
6537 0.000268201
6539 2.23581e-05
6540 8.13454e-07
6541 0.000105349
6544 2.8038e-10
6545 7.707330000000001e-10
6546 9.304689999999999e-07
6552 4.7742100000000004e-08
6554 2.2798400000000002e-05
6555 1.7621e-05
6557 1.1564100000000002e-05
6558 7.3653e-07
6559 0.000629209
6561 4.58208e-13
6563 2.9356500000000003e-05
6566 4.46218e-07
6567 4.3914300000000007e-16
6568 4.57966e-05
6571 4.63406e-06
6573 0.00223759
6574 3.7418699999999996e-08
6577 0.9410780000000001
6579 3.47644e-06
6580 7.4129199999999995e-06
6581 1.3002e-07
6582 6.0420600000000005e-09
6586 0.000570098
6589 0.000490103
6590 3.33711e-08
6591 4.05293e-05
6592 0.00162065
6594 2.0373e-08
6596 4.0471800000000004e-07
6598 3.30791e-05
6600 5.93231e-06
6601 1.22724e-06
6604 0.00018743200000000002
6607 2.3508700000000002e-06
6608 5.03346e-16
6613 2.6323500000000003e-06
6614 2.5368000000000002e-05
6615 8.18648e-06
6616 0.00017319299999999998
6620 3.08147e-10
6623 8.64455e-05
6624 5.5279399999999995e-06
6629 1.08125e-09
6630 3.8414e-07
6633 3.3140300000000005e-07
6634 1.30817e-05
6639 1.54121e-07
6640 1.22594e-09
6641 2.06532e-15
6642 1.23881e-09
6644 6.124989999999999e-07
6646 1.90321e-06
6649 0.07144539999999999
6650 5.01531e-08
6651 0.128903
6653 1.8406e-11
6655 1.22004e-05
6656 7.42002e-06
6659 0.00404941
6662 5.20344e-06
6663 4.7537699999999996e-08
6665 0.00860821
6669 9.671889999999999e-08
6672 5.1262e-06
6675 0.00664177
6676 2.0140999999999998e-07
6680 1.71936e-07
6683 7.14454e-09
6685 1.31154e-06
6686 4.876e-09
6688 2.61485e-10
6691 9.00482e-10
6692 1.0423299999999999e-05
6693 1.17533e-09
6700 9.98054e-09
6701 1.1280099999999999e-13
6705 7.1266600000000005e-06
6710 8.86934e-06
6711 1.7316799999999998e-08
6712 1.91989e-13
6713 0.00039531300000000006
6715 5.64984e-05
6716 3.2620400000000005e-08
6717 1.52166e-06
6720 1.3956399999999999e-12
6721 5.121e-07
6723 1.3744000000000001e-09
6724 2.51007e-09
6728 8.855040000000001e-05
6729 3.69545e-05
6732 7.77118e-07
6733 1.2428699999999998e-07
6737 3.35439e-14
6741 1.01732e-09
6742 5.50497e-07
6743 9.03896e-11
6744 2.33248e-06
6745 6.91762e-05
6746 1.0975700000000001e-06
6749 1.7714299999999999e-12
6750 2.82495e-07
6752 0.999124
6754 1.52258e-12
6756 0.000354834
6757 1.99114e-11
6758 0.8355229999999999
6763 8.473219999999999e-08
6764 2.41667e-09
6767 0.000189866
6770 0.00029910099999999997
6771 1.24322e-08
6774 2.14752e-09
6775 9.079850000000001e-09
6776 1.0976299999999999e-06
6778 0.00187515
6779 2.57764e-05
6780 2.2219299999999996e-09
6785 6.67322e-05
6787 1.2956899999999999e-06
6788 0.046551300000000004
6790 0.00046743699999999996
6791 2.6709099999999998e-05
6792 1.4516400000000002e-07
6793 2.39695e-07
6795 2.3295900000000002e-05
6796 1.40398e-11
6798 1.6216899999999998e-06
6801 3.6451e-05
6804 4.79822e-07
6807 3.14856e-06
6809 8.664729999999999e-05
6811 1.0851600000000002e-08
6812 6.18606e-07
6815 0.000141895
6816 1.7380099999999998e-06
6817 1.7984400000000003e-06
6818 2.87434e-05
6820 0.000282776
6823 6.84243e-06
6826 1.01464e-09
6830 3.51159e-06
6831 8.02375e-14
6832 0.000133055
6834 8.18455e-09
6837 0.100468
6843 1.16663e-06
6846 0.0006519869999999999
6851 0.00804316
6853 3.4707700000000003e-10
6854 2.76598e-08
6856 6.22724e-07
6857 1.5049799999999998e-08
6861 9.57437e-09
6863 1.32944e-06
6870 2.0887899999999997e-07
6871 1.63299e-09
6872 5.830449999999999e-07
6873 0.000182183
6875 4.69388e-06
6877 5.16073e-07
6879 3.1536e-06
6881 9.78001e-05
6882 4.89551e-06
6885 0.621348
6888 0.9967159999999999
6889 0.0128483
6890 6.657729999999999e-07
6891 4.5554500000000006e-06
6894 1.30974e-05
6895 1.13833e-07
6897 7.83923e-07
6898 3.77242e-05
6901 3.1948999999999998e-09
6902 9.40831e-06
6904 0.00624556
6905 3.4842199999999997e-06
6906 4.41948e-06
6907 0.000688683
6913 1.38617e-11
6915 0.000588333
6920 9.62844e-11
6921 9.751090000000001e-13
6923 1.50965e-06
6925 0.00037151199999999995
6926 6.5424400000000005e-06
6927 1.2019e-11
6928 1.09435e-06
6929 1.25716e-11
6936 6.44347e-06
6937 7.25926e-08
6938 2.36347e-08
6941 3.2323799999999997e-07
6942 7.81756e-16
6946 0.998577
6951 1.84865e-11
6954 2.63664e-05
6955 5.28105e-07
6957 0.00014573
6960 2.2606300000000001e-13
6961 1.5157e-07
6964 1.49547e-07
6967 0.000324787
6969 1.5208399999999998e-08
6970 0.0267577
6973 0.00105659
6974 0.0007805210000000001
6975 1.8771299999999996e-10
6977 4.11436e-06
6978 0.00113427
6979 4.53335e-12
6980 5.05175e-06
6982 3.71377e-07
6984 7.61896e-07
6985 1.25795e-06
6986 4.6732799999999994e-05
6991 3.88787e-05
6992 0.00015183
6993 6.211510000000001e-17
6996 1.1784700000000001e-05
6997 3.87405e-08
6998 1.8553200000000002e-06
6999 4.5918099999999996e-14
7000 4.99778e-06
7001 6.15349e-07
7005 9.89306e-11
7010 1.1309200000000001e-16
7012 2.52473e-08
7013 6.4122999999999995e-09
7014 4.4608800000000004e-07
7015 9.15405e-13
7017 2.62572e-06
7019 3.0248000000000002e-06
7024 0.00297308
7026 0.914542
7027 3.0790700000000003e-07
7028 9.027440000000001e-05
7030 3.57278e-06
7032 1.06769e-07
7034 5.34972e-07
7037 1.10547e-06
7041 9.082650000000001e-10
7043 1.24832e-06
7044 8.189e-07
7047 0.000174008
7051 2.68922e-09
7053 1.30701e-07
7055 0.000259514
7057 6.719520000000001e-05
7060 8.71017e-06
7061 0.044173199999999996
7063 3.79367e-10
7066 0.65761
7067 2.82031e-06
7069 0.31703899999999996
7076 5.34362e-05
7081 6.24303e-06
7082 0.834882
7083 2.29813e-06
7085 0.00856068
7087 0.0008046269999999999
7091 0.9550270000000001
7094 6.96437e-05
7096 0.7111270000000001
7098 1.78856e-07
7099 2.19684e-05
7102 3.64018e-05
7103 0.00350873
7106 2.4543e-06
7107 5.38515e-06
7110 1.34274e-06
7111 3.31561e-07
7112 1.27924e-07
7115 7.52614e-17
7116 3.34106e-07
7118 1.0743199999999999e-05
7119 4.16312e-05
7120 0.000467909
7124 1.34389e-10
7126 6.2824e-06
7127 0.00012879700000000002
7131 5.71873e-16
7134 2.64865e-05
7135 0.737483
7136 5.524100000000001e-07
7137 1.18898e-06
7142 3.72099e-05
7143 4.3868800000000005e-09
7145 1.4980599999999999e-09
7151 2.7162099999999997e-07
7155 0.9998520000000001
7156 8.142710000000002e-06
7157 0.971866
7158 0.00242475
7160 5.655310000000001e-13
7161 8.21091e-06
7164 0.986291
7169 0.00261044
7170 7.98212e-10
7171 2.14389e-07
7173 0.5249689999999999
7175 9.703940000000001e-07
7176 1.83176e-06
7178 0.000947447
7179 0.0006451730000000001
7181 1.0449099999999999e-07
7183 1.37212e-06
7186 3.30087e-08
7188 1.3247799999999998e-08
7190 1.18337e-06
7192 1.0150700000000001e-08
7195 0.048172
7196 3.53842e-05
7198 0.00066802
7199 3.54079e-11
7201 6.941770000000001e-06
7202 9.301610000000001e-05
7203 3.64828e-08
7206 1.5775e-08
7207 6.36608e-07
7209 4.34999e-08
7218 5.5083699999999996e-05
7220 3.7366000000000004e-06
7221 6.417839999999999e-07
7225 7.86054e-06
7226 1.2801e-07
7228 3.1472100000000003e-07
7229 6.87342e-06
7231 0.00129737
7232 6.0272300000000005e-09
7233 2.57214e-06
7235 2.78697e-13
7237 4.949100000000001e-07
7238 2.7835000000000003e-10
7239 0.00085285
7240 1.50462e-06
7242 1.8737400000000002e-07
7246 4.2288899999999997e-07
7248 1.17698e-05
7251 9.91759e-07
7252 0.000351701
7253 1.60365e-05
7254 2.80086e-07
7255 3.37518e-06
7257 0.999343
7262 0.7557619999999999
7264 0.000106393
7265 0.000126882
7267 0.318073
7268 6.55452e-06
7269 0.000750702
7272 2.47958e-09
7273 6.3093e-07
7277 8.53312e-07
7278 0.29489
7281 4.75294e-08
7282 3.2668399999999996e-07
7286 0.993482
7287 3.24334e-11
7288 3.60073e-13
7290 0.978801
7291 5.18196e-10
7293 0.000143208
7301 1.8019799999999998e-08
7303 1.08173e-05
7304 0.0117676
7306 4.89747e-06
7307 1.06473e-11
7309 4.5494099999999996e-17
7310 4.2121400000000006e-05
7312 6.38895e-06
7313 2.35049e-07
7315 3.98579e-05
7316 8.6028e-06
7317 0.000305689
7319 2.80247e-08
7320 7.129309999999999e-10
7321 2.23935e-07
7324 1.6563499999999998e-05
7326 1.02385e-06
7328 2.5357800000000003e-05
7331 8.1646e-07
7332 1.18501e-09
7333 2.07066e-07
7335 2.81936e-06
7337 1.76431e-07
7338 6.588339999999999e-07
7339 5.04394e-11
7340 3.0556400000000003e-06
7341 0.9275370000000001
7342 0.0106409
7345 3.00531e-14
7347 0.000144649
7348 5.074199999999999e-07
7349 2.99998e-08
7352 0.13061
7353 0.00286025
7354 2.34875e-11
7355 2.7473600000000003e-07
7357 0.00019166900000000002
7358 1.52193e-08
7360 1.98147e-08
7362 1.90143e-09
7364 3.5966e-08
7366 0.00011650299999999999
7367 4.54491e-06
7368 1.4103e-08
7371 9.89897e-08
7377 0.00023781
7378 5.7767700000000006e-05
7379 3.24891e-05
7380 0.000271839
7382 2.51425e-06
7384 5.3983900000000003e-08
7386 8.04013e-08
7387 2.23026e-11
7391 0.00050353
7392 3.01198e-06
7393 0.000265327
7395 3.86567e-05
7397 0.0598834
7399 2.29965e-10
7400 0.5295340000000001
7401 6.84432e-07
7402 0.0008083610000000001
7403 0.999577
7404 8.47692e-06
7405 3.15729e-09
7406 6.31752e-07
7407 0.173833
7409 6.204029999999999e-09
7412 6.87841e-05
7415 0.0672365
7418 5.31752e-09
7420 1.08778e-05
7423 9.36206e-12
7426 3.14765e-14
7428 1.3062799999999998e-06
7429 1.18667e-09
7430 4.89587e-07
7434 0.000169705
7440 0.00034123599999999997
7441 2.84777e-12
7442 2.93274e-06
7444 0.00100492
7447 7.372389999999999e-14
7450 1.78596e-07
7452 0.00014061
7453 1.52077e-06
7455 3.987219999999999e-06
7456 5.5758300000000005e-06
7459 0.00128565
7462 3.04959e-05
7463 0.000155819
7464 0.84124
7469 3.01705e-07
7471 3.98475e-06
7472 0.067034
7473 4.33735e-10
7476 3.5464199999999998e-06
7478 2.7161599999999997e-06
7485 2.62418e-05
7487 5.5559e-07
7488 0.000446448
7492 4.89407e-09
7494 1.05875e-05
7495 0.000175732
7496 3.37805e-06
7499 1.17476e-10
7500 4.13074e-05
7501 1.05769e-08
7502 0.998273
7504 8.54584e-08
7505 5.58576e-07
7507 7.857239999999999e-08
7508 6.10727e-08
7509 5.26625e-06
7510 0.00453336
7512 5.866389999999999e-07
7514 2.93367e-06
7515 0.0005150069999999999
7516 0.000486736
7518 7.036010000000001e-08
7520 4.43774e-06
7522 4.3352e-07
7529 3.96419e-10
7531 4.60801e-05
7532 2.65067e-07
7534 0.00011512
7539 6.99003e-08
7541 1.32911e-09
7542 1.41032e-07
7545 2.9296100000000002e-05
7548 0.00968146
7549 3.1198e-08
7550 5.37999e-08
7552 0.0570454
7553 3.87048e-09
7554 0.00702232
7556 8.63519e-12
7557 2.00944e-07
7560 0.00117033
7561 6.52175e-12
7562 6.47209e-06
7564 1.84017e-06
7567 7.01003e-08
7569 0.000327108
7573 5.0653000000000004e-05
7574 7.76303e-06
7577 1.34697e-05
7580 0.00514637
7581 3.2531799999999995e-07
7582 3.4825400000000004e-06
7583 7.97956e-07
7584 2.9803000000000002e-05
7587 4.45509e-05
7588 4.6209700000000006e-05
7589 9.3602e-07
7591 2.4921900000000004e-10
7593 2.4962299999999998e-14
7595 2.39769e-05
7596 0.00524561
7597 7.27379e-09
7598 7.8941e-07
7599 4.92562e-05
7602 2.6545299999999997e-06
7604 0.22714
7607 4.6279199999999995e-09
7608 1.0639299999999999e-06
7609 0.000193152
7610 3.83234e-05
7613 8.81362e-08
7616 1.81575e-08
7617 2.6110599999999996e-08
7620 1.1180399999999999e-05
7623 5.12376e-06
7625 1.73133e-08
7627 2.3774400000000003e-10
7628 3.80653e-05
7630 2.7675299999999996e-16
7632 0.759416
7634 6.923739999999999e-06
7635 3.60791e-06
7636 1.84494e-05
7638 2.37841e-07
7641 0.995453
7643 1.30122e-11
7644 4.75378e-11
7645 2.49884e-10
7646 3.06042e-11
7648 3.6528300000000003e-07
7651 3.19893e-07
7652 2.25984e-05
7658 5.89238e-09
7659 0.000967489
7660 0.019659599999999996
7661 1.06021e-06
7665 4.49472e-11
7669 6.48806e-07
7674 2.7024000000000005e-09
7676 0.34349
7681 1.10425e-06
7684 3.18149e-08
7686 0.00426069
7689 0.000134169
7690 2.84158e-10
7693 3.4634800000000003e-06
7695 2.4567399999999998e-05
7698 0.999659
7700 1.80336e-05
7701 1.60771e-10
7703 2.59127e-06
7706 5.20303e-06
7707 0.000224465
7708 6.63385e-06
7710 2.99667e-07
7711 0.0161565
7714 7.54786e-09
7716 0.00415418
7717 1.8501199999999998e-05
7719 2.0386099999999998e-05
7722 9.5587e-06
7725 1.09624e-13
7726 1.1938800000000002e-05
7728 2.03709e-05
7730 0.08922630000000001
7733 2.6164499999999997e-05
7734 5.87224e-13
7737 9.438540000000001e-05
7738 3.29929e-05
7739 1.19916e-05
7741 0.0010232999999999998
7744 1.94538e-06
7747 2.7201e-06
7750 5.79015e-07
7752 4.44761e-05
7755 7.28166e-07
7756 1.20016e-05
7757 4.72619e-13
7759 1.3771900000000001e-05
7761 1.26076e-11
7764 2.66173e-07
7766 1.44886e-06
7769 4.68185e-07
7770 2.78646e-05
7771 2.25915e-11
7774 7.27059e-05
7778 0.00048071
7780 4.64743e-07
7782 4.08667e-06
7783 3.06755e-12
7784 6.6974e-05
7785 4.41494e-06
7787 0.000661936
7788 0.0511578
7789 0.796128
7792 1.34838e-06
7794 1.0916500000000001e-05
7796 0.0818568
7797 2.3207399999999996e-09
7800 0.000101999
7801 1.52652e-05
7802 8.75497e-07
7804 9.70018e-08
7805 4.38137e-05
7806 0.114952
7807 4.33014e-08
7808 2.18926e-07
7811 1.0649e-06
7816 1.0719e-05
7817 7.259520000000001e-07
7818 0.00117006
7822 3.594e-06
7823 2.03889e-07
7825 0.929825
7827 5.008899999999999e-09
7828 5.6031700000000004e-06
7829 1.84014e-06
7830 0.000170124
7832 1.29946e-06
7835 3.54485e-12
7837 0.978986
7839 6.85549e-08
7842 4.48596e-08
7844 1.34376e-11
7846 5.96143e-07
7848 9.71364e-07
7849 2.68818e-07
7850 0.000128827
7851 0.000319976
7852 8.324259999999999e-07
7858 1.0889e-05
7860 2.1853e-14
7861 9.317130000000001e-08
7862 9.242100000000001e-09
7866 1.4937000000000001e-05
7867 7.050010000000001e-08
7870 0.014677
7871 1.6506e-06
7874 2.09492e-07
7875 1.09497e-08
7879 0.000103845
7880 1.7938399999999998e-05
7881 1.11767e-07
7882 1.9952e-12
7887 1.66892e-06
7888 3.20143e-07
7891 6.979789999999999e-06
7892 0.00010317200000000001
7893 5.09088e-06
7894 7.5172600000000014e-06
7895 2.33582e-06
7896 1.7786599999999998e-06
7903 9.301040000000001e-09
7904 0.00263336
7906 1.41687e-11
7907 8.14836e-05
7912 4.85812e-13
7913 3.5133e-07
7917 3.54911e-06
7918 4.83634e-06
7922 0.000390755
7927 7.61629e-09
7929 5.93466e-06
7930 3.25852e-05
7934 1.41361e-10
7936 1.08287e-06
7937 5.14544e-07
7938 1.27299e-05
7941 3.32183e-05
7942 0.000767247
7944 3.88067e-09
7945 8.56584e-10
7948 0.00315227
7949 9.22115e-07
7951 2.37821e-11
7952 0.0006614189999999999
7955 2.23651e-06
7957 5.84345e-06
7960 7.47207e-10
7961 8.2481e-05
7962 6.02782e-07
7965 1.30344e-06
7966 0.000133384
7967 4.44972e-08
7969 9.06526e-06
7972 6.49634e-06
7973 0.9884379999999999
7975 1.0633499999999999e-05
7977 4.43045e-06
7978 7.38826e-08
7981 0.000209669
7982 2.31919e-05
7983 3.9889e-11
7985 0.00262388
7986 2.77631e-06
7988 1.3679100000000001e-05
7989 0.000362251
7990 1.63595e-06
7992 2.04405e-07
7993 0.9825510000000001
7994 5.098819999999999e-06
7995 0.990944
8000 0.016221700000000002
8003 1.2824800000000001e-09
8006 0.0136873
8007 8.73783e-14
8010 2.00835e-06
8011 2.99289e-07
8013 1.00382e-05
8014 3.20432e-05
8015 0.00029450099999999996
8016 0.960139
8018 1.85738e-08
8020 4.97205e-06
8021 3.94942e-05
8022 5.40589e-06
8025 0.0110469
8027 3.62036e-06
8028 0.0349214
8030 4.656180000000001e-10
8034 2.84689e-11
8035 7.482100000000001e-06
8038 1.1112200000000002e-06
8039 2.2915799999999997e-06
8041 1.21244e-06
8045 3.9895099999999995e-06
8046 5.646100000000001e-15
8047 4.7797900000000003e-08
8050 2.16489e-07
8052 0.715101
8054 6.45562e-05
8055 0.9968959999999999
8056 0.09147330000000001
8058 3.2254900000000004e-06
8059 5.1599699999999996e-08
8065 0.00947459
8066 0.363976
8070 7.78872e-07
8071 0.00303001
8073 5.269910000000001e-07
8074 7.17381e-13
8077 8.54377e-09
8078 0.550833
8080 4.6076000000000004e-05
8081 3.5015700000000004e-05
8088 1.0210999999999998e-16
8089 1.25187e-05
8090 0.00899264
8092 1.6043e-05
8094 0.0015496
8097 1.4559000000000002e-07
8099 1.81604e-07
8102 0.000866912
8104 0.023973400000000002
8109 0.00784871
8110 1.11641e-07
8111 0.00106659
8113 1.37693e-11
8114 6.12598e-09
8118 0.00114862
8119 0.0084195
8120 0.000292149
8123 0.000724005
8124 9.52308e-05
8126 5.270610000000001e-06
8128 2.0826400000000003e-14
8129 2.4531900000000002e-08
8131 3.0829599999999997e-07
8133 3.6947000000000004e-06
8134 1.21544e-08
8135 2.37166e-07
8136 7.20385e-07
8143 0.595245
8145 0.00668582
8146 0.00154025
8147 4.07365e-06
8148 1.30608e-10
8149 4.90836e-07
8152 2.8037400000000003e-08
8153 1.9433e-05
8154 2.70637e-07
8155 6.896409999999999e-05
8156 2.17949e-08
8157 9.95714e-06
8158 1.44139e-07
8161 2.06798e-06
8162 3.0037400000000004e-07
8165 0.00662809
8167 0.000351615
8170 1.25028e-07
8172 2.5921e-07
8176 8.23983e-06
8178 1.3303399999999998e-06
8179 1.23587e-08
8181 1.7061500000000002e-09
8182 2.09389e-05
8183 8.64635e-07
8184 2.94651e-06
8185 2.83918e-12
8187 0.00216703
8192 0.00110693
8193 1.0441200000000002e-08
8194 2.51301e-08
8195 2.9788599999999997e-07
8196 1.81247e-05
8198 2.1887699999999998e-08
8201 0.000195534
8205 1.8102e-06
8206 1.34231e-07
8207 8.356289999999999e-07
8210 1.5450999999999998e-05
8212 3.88407e-08
8214 5.797280000000001e-06
8215 3.2577999999999995e-06
8217 0.000118047
8219 3.04886e-05
8221 1.1228100000000001e-06
8227 1.32109e-06
8228 9.71062e-05
8230 2.11125e-13
8231 7.24608e-08
8233 2.98449e-07
8234 8.25066e-10
8237 1.3067700000000002e-06
8238 8.362090000000001e-07
8239 8.91787e-06
8240 7.717109999999999e-07
8242 0.00036325800000000004
8243 4.4239300000000006e-08
8245 3.91199e-06
8246 7.832689999999998e-14
8247 4.50667e-06
8249 9.844790000000001e-05
8255 1.6253699999999998e-15
8256 1.22584e-06
8257 1.16473e-07
8259 1.1339400000000001e-09
8264 6.13396e-07
8265 5.71901e-06
8266 6.79526e-07
8267 1.06131e-05
8270 6.88102e-09
8271 5.47668e-06
8273 0.0006985639999999999
8274 2.31132e-10
8276 3.23579e-07
8277 2.6814e-08
8278 2.9398900000000002e-08
8283 2.44597e-10
8286 0.000126578
8287 1.81143e-07
8288 1.75051e-08
8289 3.29177e-05
8290 1.4482200000000001e-08
8291 1.40425e-08
8298 0.010981
8303 8.355e-06
8304 0.000353306
8305 0.00329384
8308 9.703980000000001e-06
8309 5.16177e-07
8314 9.45642e-07
8321 1.11315e-05
8324 7.76781e-11
8325 1.02073e-05
8328 0.000322026
8330 3.05798e-05
8331 3.38102e-08
8333 5.3862e-06
8334 0.00367604
8337 9.25748e-11
8339 0.00198664
8340 6.34333e-05
8343 0.0005722559999999999
8344 0.00326694
8347 3.3558999999999995e-07
8348 2.5521900000000003e-13
8350 6.35524e-07
8352 0.861542
8353 3.28519e-10
8354 2.99916e-05
8356 2.27689e-07
8357 4.16827e-11
8358 8.667629999999999e-05
8361 3.6325300000000004e-10
8362 1.87302e-07
8363 2.95642e-06
8366 1.21725e-11
8367 3.981409999999999e-09
8369 2.95824e-09
8371 0.000285813
8373 0.612919
8375 0.00124052
8377 3.9789e-07
8378 8.26781e-11
8379 0.000507011
8380 0.000354392
8382 2.9267099999999997e-06
8383 1.60066e-07
8389 5.382789999999999e-07
8392 2.39846e-08
8393 7.50426e-06
8394 0.00019245099999999998
8395 3.18733e-07
8396 1.12759e-10
8399 5.3909e-07
8400 2.4435e-05
8401 0.000226995
8402 0.000228018
8404 2.3107000000000003e-08
8405 7.08378e-12
8406 0.00019493400000000001
8407 1.3134700000000002e-07
8408 2.5994e-09
8411 4.70666e-06
8412 0.00020617900000000002
8414 6.596039999999999e-10
8417 3.79226e-06
8418 0.000153707
8419 0.000743837
8420 1.3770400000000002e-06
8421 1.1008200000000001e-10
8428 7.39578e-13
8431 2.76349e-06
8432 6.04545e-08
8435 3.7696999999999995e-09
8436 6.27606e-06
8439 5.47194e-07
8440 0.17798599999999998
8441 5.53999e-05
8446 1.20102e-06
8447 2.05998e-12
8448 6.42898e-05
8451 8.91734e-08
8455 1.04381e-09
8457 1.09741e-09
8458 2.66229e-05
8459 0.641407
8460 4.3048999999999994e-05
8463 1.2949800000000001e-05
8464 0.37308600000000003
8469 6.17444e-09
8471 9.72442e-06
8473 1.04717e-11
8474 1.9951599999999997e-06
8476 0.000371316
8479 4.59071e-09
8480 1.93134e-05
8481 0.189692
8486 1.06125e-06
8487 7.45651e-07
8488 9.88557e-09
8489 8.34599e-07
8490 3.18438e-06
8491 4.07329e-06
8493 1.70454e-06
8496 8.53575e-06
8497 8.317310000000002e-06
8500 7.6135e-06
8501 0.00228673
8504 2.64527e-10
8505 1.1474e-05
8507 5.78525e-09
8508 4.98005e-12
8510 2.5178700000000004e-08
8511 2.6815100000000005e-13
8515 3.57273e-11
8516 7.050319999999999e-06
8520 1.07715e-08
8525 2.5811700000000004e-06
8527 4.78312e-05
8528 1.01644e-08
8531 5.49438e-06
8532 0.00144928
8537 0.00218747
8538 0.000102519
8539 4.73202e-09
8540 5.05672e-17
8543 1.09825e-05
8544 0.000309319
8545 3.41117e-07
8546 5.63859e-10
8547 2.30752e-10
8548 3.2991199999999997e-07
8551 1.71561e-13
8552 0.00665859
8554 0.945105
8555 0.179707
8560 2.0484699999999996e-09
8561 1.21352e-09
8563 2.88853e-07
8565 0.00044856
8566 5.116979999999999e-05
8567 0.000121791
8569 1.17877e-10
8570 3.5362899999999996e-09
8571 8.13024e-05
8574 2.4096500000000002e-05
8575 4.348240000000001e-08
8577 2.05263e-05
8578 6.916850000000001e-05
8579 2.06568e-09
8580 8.99058e-06
8583 4.50835e-06
8589 0.99849
8590 0.516882
8591 3.79032e-10
8593 2.12739e-06
8594 5.41843e-05
8597 7.653480000000001e-10
8598 0.000949552
8599 2.23356e-05
8600 1.8861099999999998e-08
8603 0.00862172
8605 6.22974e-05
8609 8.04451e-11
8611 1.22007e-06
8613 6.877209999999999e-07
8614 8.86e-08
8616 2.4408100000000003e-07
8619 1.88689e-11
8622 7.53104e-12
8623 6.61458e-11
8625 0.767889
8626 3.2646200000000003e-07
8627 1.22499e-05
8629 4.14094e-05
8630 2.7496699999999997e-06
8631 0.000153465
8632 7.923609999999999e-07
8634 4.7425100000000003e-07
8637 0.000876374
8640 2.18612e-05
8641 1.24419e-05
8642 8.49295e-07
8643 8.175780000000001e-09
8646 6.6006e-07
8648 0.0005693019999999999
8649 4.0387300000000006e-07
8650 7.05583e-07
8651 4.14141e-07
8652 0.000257578
8656 1.30202e-05
8657 0.0185634
8658 3.5314300000000004e-08
8659 9.72242e-08
8660 1.56634e-07
8661 3.50276e-08
8662 3.13453e-15
8664 0.000386506
8666 5.29437e-06
8668 1.0388499999999999e-05
8669 0.00395628
8671 9.25351e-07
8672 3.54614e-05
8673 3.90286e-09
8674 4.30493e-07
8675 0.000262382
8677 1.5338299999999999e-09
8678 1.82623e-07
8679 1.6429e-05
8681 7.310989999999999e-09
8682 4.53855e-08
8684 2.7753399999999995e-10
8685 0.0008335630000000001
8686 9.721919999999999e-08
8689 1.1200299999999999e-13
8693 1.76978e-09
8694 1.31303e-06
8696 2.1847900000000003e-09
8697 1.57396e-05
8700 1.13322e-07
8703 3.18302e-11
8704 7.11012e-06
8705 0.000102395
8707 4.8951800000000005e-06
8708 0.000226807
8711 9.9081e-07
8712 4.84379e-10
8714 0.9998879999999999
8715 7.56338e-08
8719 0.000305965
8721 1.44909e-07
8724 2.6160400000000003e-06
8726 3.32467e-08
8729 1.2603600000000001e-08
8734 5.81637e-08
8735 2.648e-05
8736 0.00016533
8737 1.17056e-08
8740 7.72491e-06
8743 3.3844800000000002e-06
8745 7.9876e-08
8746 0.00172305
8751 4.1516999999999996e-05
8754 7.007640000000001e-07
8758 9.27242e-05
8761 0.00560052
8762 6.75891e-05
8763 1.6199000000000002e-05
8765 3.23706e-13
8767 1.8836500000000002e-06
8774 2.14409e-05
8777 1.16573e-13
8778 2.0534200000000002e-06
8779 1.0725e-07
8780 6.69025e-07
8781 5.62571e-05
8782 4.8584599999999995e-12
8785 2.60868e-08
8786 0.00015487700000000001
8787 2.19017e-11
8788 6.20882e-13
8789 5.33496e-09
8791 0.976131
8792 1.73697e-08
8795 6.873340000000001e-07
8797 1.48994e-07
8798 2.38098e-05
8800 4.40755e-09
8802 1.62654e-07
8803 1.23428e-06
8804 9.04529e-07
8807 3.92658e-06
8808 5.84182e-06
8812 0.00123788
8816 6.75982e-06
8818 1.14598e-05
8820 9.049350000000001e-05
8821 5.00018e-07
8824 8.36674e-11
8825 0.998275
8827 0.00022956900000000002
8828 6.04433e-05
8829 1.60688e-09
8830 2.23598e-07
8832 7.597e-05
8834 9.847010000000001e-08
8839 4.56218e-11
8842 0.16666199999999998
8844 2.1256e-07
8845 2.86574e-11
8846 4.5485800000000004e-08
8850 8.42698e-08
8851 6.52416e-08
8852 6.02307e-12
8853 1.5083499999999999e-05
8855 4.04166e-08
8857 2.29257e-06
8860 1.1567200000000002e-06
8861 0.9534520000000001
8863 0.00152659
8864 4.00989e-08
8866 0.013316499999999998
8868 2.5051699999999998e-06
8869 0.00275114
8870 1.07387e-10
8875 9.55092e-08
8877 7.15607e-05
8881 0.99923
8882 3.4120300000000003e-09
8887 1.69458e-10
8889 1.18156e-07
8893 6.4236e-07
8894 5.10856e-06
8895 7.76999e-09
8896 2.6432499999999996e-10
8897 7.106439999999999e-08
8898 4.38995e-06
8899 6.086839999999999e-06
8901 3.9533499999999996e-07
8902 0.00035318
8903 0.0105681
8904 0.0006420390000000001
8906 0.00205922
8907 0.000147513
8908 0.9404790000000001
8910 6.57696e-07
8912 0.000262134
8915 7.075859999999999e-09
8916 3.0744e-06
8918 1.2240199999999999e-07
8922 8.862239999999999e-06
8924 4.72027e-07
8925 2.2418600000000002e-07
8928 0.000187862
8934 2.9499e-15
8935 4.92673e-10
8937 3.81091e-08
8938 0.000105535
8941 1.6259e-06
8945 4.177580000000001e-06
8946 3.6855800000000006e-06
8947 3.82592e-06
8949 1.0063100000000001e-08
8950 0.9998819999999999
8952 1.8256599999999997e-06
8954 1.05123e-06
8956 4.3350099999999994e-15
8957 3.97604e-08
8959 2.15171e-05
8963 5.23e-07
8964 9.77917e-05
8972 3.8261300000000006e-10
8974 1.15504e-07
8977 4.37542e-07
8981 2.63954e-09
8984 1.80299e-05
8986 0.9518110000000001
8990 1.12985e-07
8991 6.32055e-07
8992 0.000943139
8993 7.85784e-05
8994 1.21964e-05
8996 5.32939e-07
8998 0.373054
9001 0.00357097
9003 1.2023399999999999e-05
9008 6.23697e-15
9009 3.10698e-05
9010 7.7801e-08
9011 6.15173e-05
9012 7.10471e-09
9013 1.09163e-05
9014 0.000106482
9017 5.6423300000000005e-08
9021 7.75686e-08
9023 1.4665799999999998e-13
9025 1.75521e-07
9026 0.035487300000000006
9028 3.1118300000000003e-15
9030 0.7490829999999999
9031 0.0035772
9033 6.866600000000001e-05
9038 1.37397e-11
9040 9.504810000000002e-06
9041 1.47892e-13
9043 7.07577e-06
9044 7.90284e-13
9046 9.01913e-08
9047 8.856699999999999e-14
9050 3.11502e-14
9052 4.78144e-08
9054 0.654029
9055 9.00337e-05
9056 5.74329e-07
9057 4.80392e-09
9061 4.6364699999999997e-07
9062 2.71072e-09
9065 8.36947e-09
9067 4.777030000000001e-06
9069 6.96052e-15
9070 5.94845e-07
9071 3.33601e-11
9074 5.666020000000001e-09
9075 3.19151e-06
9076 0.58117
9077 4.50055e-05
9081 4.2569099999999997e-07
9082 7.24178e-05
9083 0.9078649999999999
9084 9.21848e-09
9088 0.0009184489999999999
9090 1.6695e-07
9092 1.9162900000000003e-10
9093 0.000154173
9095 4.6082e-06
9096 5.266280000000001e-10
9097 1.0665e-08
9101 3.4431600000000005e-07
9102 0.00422921
9103 2.07426e-07
9104 1.42992e-05
9107 9.79922e-05
9109 0.00189041
9110 0.000582761
9111 9.33241e-12
9115 1.2368599999999999e-05
9118 3.6639300000000004e-08
9119 3.4385800000000003e-08
9120 0.00673263
9122 0.000287747
9124 1.8735899999999998e-05
9125 2.28483e-05
9127 5.595330000000001e-08
9130 2.99985e-07
9132 5.325489999999999e-06
9134 1.8074200000000002e-09
9135 4.1514900000000005e-12
9137 0.00156757
9139 1.86215e-10
9140 0.000186298
9142 5.9197e-08
9143 4.0535e-08
9145 1.0181699999999999e-17
9146 1.4836400000000001e-06
9149 1.9883700000000003e-06
9152 9.32113e-06
9154 4.36337e-06
9156 2.3562599999999996e-10
9158 7.0345800000000005e-12
9164 1.34572e-05
9165 1.50554e-08
9167 0.999958
9169 0.000435446
9170 0.00438315
9171 2.25157e-06
9172 5.43927e-10
9176 5.07992e-06
9182 1.10848e-07
9183 2.32165e-13
9188 6.25924e-12
9190 1.7790599999999998e-06
9198 7.16701e-19
9199 0.000339706
9201 0.00036632300000000005
9203 1.11181e-05
9204 0.00134587
9206 1.50582e-06
9207 0.00215244
9210 4.485069999999999e-06
9211 0.9999790000000001
9216 1.22166e-06
9217 2.88966e-11
9219 0.000177506
9220 3.89266e-07
9222 8.4824e-10
9223 4.44505e-06
9225 0.0141911
9226 4.32624e-10
9228 0.000116816
9229 9.95598e-09
9231 3.9612200000000003e-07
9232 1.73135e-05
9233 0.00012356700000000002
9234 4.14459e-08
9235 0.00300312
9237 1.26079e-11
9240 6.13602e-07
9241 0.000314148
9243 9.20801e-11
9248 6.729430000000001e-07
9253 2.7129200000000004e-06
9256 4.32947e-13
9257 4.38062e-05
9258 5.03875e-13
9260 4.0085e-05
9261 1.20874e-05
9262 0.9659200000000001
9263 7.456220000000001e-07
9264 0.00061882
9265 6.55414e-07
9266 0.00452777
9267 3.6680900000000004e-08
9274 1.80288e-08
9275 0.000396408
9276 0.000246594
9277 3.89051e-11
9280 2.78126e-08
9284 0.00070609
9292 0.708084
9293 9.21965e-06
9294 4.18533e-05
9297 6.38074e-07
9298 3.23216e-09
9300 3.25936e-05
9301 0.00249133
9302 3.13595e-11
9304 6.18336e-07
9305 1.00849e-15
9310 1.7663099999999998e-06
9311 6.23251e-07
9313 1.55632e-06
9314 0.00022586
9317 2.04357e-11
9319 1.03572e-09
9320 0.000626202
9321 6.55772e-09
9322 1.99633e-07
9328 3.8334200000000005e-07
9329 0.962511
9332 0.000909227
9335 1.37e-07
9338 2.70524e-14
9340 4.77929e-05
9341 8.99395e-08
9344 1.77238e-06
9345 4.77995e-07
9346 1.11599e-07
9352 8.63533e-05
9353 6.53982e-09
9355 8.24549e-13
9356 0.9538399999999999
9357 3.90391e-05
9360 7.453289999999999e-08
9361 2.20606e-08
9363 7.72082e-10
9364 1.9608799999999998e-07
9366 6.54501e-10
9367 4.46241e-05
9369 2.48351e-06
9370 5.86965e-13
9372 0.000222468
9376 5.596680000000001e-10
9379 8.63771e-05
9380 3.9094e-06
9381 4.79078e-11
9383 2.76899e-07
9384 0.00249533
9385 3.5666699999999997e-06
9387 3.24269e-06
9390 6.78747e-12
9391 9.370040000000002e-05
9395 3.0183e-08
9396 0.00168679
9397 1.27733e-07
9399 3.8413499999999995e-08
9400 0.00926145
9402 1.2415100000000002e-06
9403 6.015e-05
9404 0.00017763
9415 0.000113077
9416 5.76988e-11
9423 0.000154906
9425 3.04883e-05
9426 0.00027943900000000003
9427 2.1230500000000003e-05
9428 0.0009478999999999999
9430 4.80058e-12
9431 5.1675e-07
9435 0.00014104
9436 3.12066e-05
9441 1.17462e-05
9442 1.17302e-12
9444 0.928744
9447 3.2183e-16
9449 2.51805e-06
9450 0.000459518
9451 8.969419999999999e-07
9452 4.6419800000000004e-08
9453 2.10171e-05
9462 8.608410000000001e-12
9467 0.0131847
9471 5.2950699999999994e-05
9473 1.07038e-06
9474 0.000138188
9475 2.42394e-09
9478 9.16081e-05
9482 5.4966400000000006e-09
9483 1.4024000000000002e-13
9485 4.3252e-05
9486 1.47663e-07
9487 7.0781899999999996e-06
9489 0.000159171
9492 4.78444e-10
9493 2.19444e-09
9495 9.816629999999999e-05
9498 1.15245e-09
9501 6.37282e-09
9503 1.97754e-07
9505 3.03871e-05
9506 1.09478e-06
9509 2.05893e-06
9510 2.46112e-13
9511 1.2951199999999999e-05
9513 2.7060300000000002e-05
9514 4.61872e-08
9521 9.81012e-06
9522 6.776730000000001e-07
9525 4.36048e-10
9529 3.79881e-07
9530 0.013181700000000001
9534 1.90763e-09
9535 1.1481100000000001e-06
9536 9.30971e-12
9538 0.000122094
9539 3.83503e-06
9544 4.1661299999999995e-07
9547 6.02299e-07
9548 2.0938599999999998e-08
9552 7.227530000000001e-08
9553 0.995775
9554 1.24321e-07
9555 0.00843168
9556 1.61705e-05
9559 1.27332e-08
9561 5.02912e-09
9563 4.85581e-11
9564 2.6997800000000003e-06
9569 0.000712908
9570 0.00118822
9572 5.11655e-05
9574 2.6948900000000004e-06
9575 3.0072299999999996e-08
9578 0.000226595
9581 1.1420299999999999e-08
9582 0.00016103799999999999
9583 3.0064800000000003e-07
9589 1.7288099999999997e-06
9590 8.11381e-09
9592 1.2901500000000002e-05
9593 4.36924e-09
9594 0.00020171
9595 5.863649999999999e-05
9599 1.7381e-07
9601 6.65636e-08
9602 3.70296e-12
9604 0.00972451
9606 1.17353e-05
9607 0.00610312
9608 0.994748
9610 1.86703e-05
9612 1.14054e-05
9616 4.04994e-05
9622 5.910119999999999e-10
9624 6.34966e-05
9625 0.000167364
9626 9.433669999999999e-08
9628 9.67853e-08
9630 3.2568900000000003e-06
9631 6.3415e-07
9632 7.28501e-07
9633 2.21413e-07
9635 0.00456413
9639 3.18483e-07
9640 1.8099299999999999e-10
9642 6.70068e-05
9643 1.36172e-05
9645 3.0012e-06
9646 1.0823399999999998e-10
9648 1.61416e-08
9651 2.17601e-06
9652 5.94916e-14
9653 1.81521e-07
9657 9.94486e-09
9660 5.20265e-07
9661 1.43789e-06
9662 3.71072e-07
9663 3.41137e-07
9665 5.82808e-05
9669 7.297039999999999e-08
9672 7.31854e-07
9673 8.36299e-11
9674 3.69252e-12
9675 2.9545e-11
9677 5.145219999999999e-06
9680 1.39743e-09
9682 7.9531e-09
9683 3.1580700000000004e-10
9688 1.9076400000000003e-08
9689 3.33463e-08
9690 3.3588099999999998e-06
9694 0.0008029310000000001
9696 0.000324062
9697 3.3371499999999997e-07
9701 6.56546e-07
9704 0.00272608
9705 9.74445e-10
9708 1.41746e-08
9714 0.0164052
9715 1.58193e-07
9716 1.3811500000000001e-14
9720 1.7142799999999998e-12
9722 0.000252487
9723 4.75604e-11
9725 2.76799e-06
9727 1.49569e-05
9728 5.14082e-05
9730 2.64985e-05
9731 7.57809e-11
9736 5.2091199999999995e-06
9739 5.47669e-06
9740 2.1648600000000003e-09
9741 5.25446e-07
9742 5.89161e-07
9744 5.4282e-05
9750 6.93571e-05
9751 1.04115e-06
9752 0.000671752
9753 0.000871067
9757 4.0532399999999995e-09
9759 4.01203e-07
9760 0.000974785
9765 1.66584e-06
9766 1.85949e-09
9768 0.00030672
9769 0.698573
9770 4.19544e-05
9771 8.37852e-05
9775 5.46755e-10
9777 1.30577e-06
9779 4.3386099999999994e-05
9782 5.77717e-07
9783 2.50687e-05
9784 1.7838199999999998e-05
9786 3.9572800000000005e-06
9787 8.74299e-09
9788 1.40666e-13
9791 8.68108e-05
9793 5.7793200000000004e-06
9795 1.6831400000000002e-08
9798 2.18297e-06
9799 3.42829e-06
9802 8.6248e-08
9803 0.000654663
9804 1.02588e-10
9806 4.88475e-07
9811 0.43346899999999994
9812 0.000147372
9814 1.4710100000000001e-07
9815 2.09916e-06
9817 4.15326e-05
9818 0.527288
9820 2.26094e-07
9821 3.25073e-11
9824 0.707322
9826 9.08646e-10
9827 1.2876099999999999e-10
9829 1.3167400000000002e-07
9835 0.941783
9837 5.691530000000001e-07
9838 0.895115
9840 1.88223e-09
9843 0.000652155
9844 1.02652e-08
9846 1.54613e-08
9847 1.1158499999999999e-06
9849 1.59359e-06
9850 4.683869999999999e-10
9853 2.54071e-06
9854 1.5674500000000001e-06
9856 0.000117212
9857 3.07849e-05
9861 0.00442638
9864 3.6974000000000003e-07
9866 1.54016e-12
9871 2.32087e-07
9873 5.83242e-08
9875 2.11783e-06
9876 0.9999819999999999
9883 4.91771e-05
9885 0.00638625
9888 3.78843e-06
9889 0.00745974
9890 2.58876e-13
9891 2.0024800000000002e-05
9892 3.0166900000000004e-06
9893 1.05977e-08
9895 2.23314e-10
9899 1.63721e-07
9901 3.2413099999999996e-05
9903 0.000112817
9906 1.24886e-07
9907 0.000462514
9909 0.000122871
9910 1.8461300000000002e-05
9912 7.63209e-05
9914 3.30043e-05
9915 8.29042e-08
9916 8.9681e-08
9919 0.703172
9921 0.00165642
9922 9.75152e-08
9924 2.30786e-07
9925 6.08399e-14
9927 3.21509e-07
9928 5.82165e-08
9929 0.00045407900000000003
9930 3.16446e-07
9931 2.51923e-05
9933 4.0273599999999995e-06
9934 0.291153
9936 3.71566e-07
9937 0.021708
9941 2.67174e-05
9943 2.53452e-09
9948 2.0189099999999997e-06
9951 0.00694794
9952 8.09537e-06
9953 1.29912e-12
9956 1.09463e-08
9957 4.98418e-07
9960 1.94504e-08
9962 9.58195e-06
9963 5.97297e-06
