1 0.00128693
2 0.00282756
3 0.00649342
4 0.0030038
6 0.00303347
8 0.00608613
10 0.0535143
11 5.69215e-07
13 0.00313318
14 0.00912553
15 0.991757
18 0.000110745
22 0.015337100000000001
25 0.00346201
27 0.00597824
28 6.0322e-10
29 0.000660232
31 2.7976599999999997e-06
37 0.00012845
38 0.927039
40 5.40075e-10
43 0.0013116
45 3.19421e-06
49 0.028330599999999997
53 4.9814499999999995e-06
54 0.00013343399999999998
55 0.015863
56 0.0005895280000000001
57 1.1236e-11
58 0.0201093
59 0.0196822
62 8.42113e-06
67 3.06176e-07
68 1.37943e-11
69 0.00010221
70 0.00017705900000000003
71 3.23673e-07
74 0.000134062
75 1.8885e-05
76 0.00576285
79 6.47434e-05
80 0.000161884
82 4.46361e-06
84 0.011339299999999998
85 0.0006478769999999999
86 0.00474501
87 0.0016801
88 0.00251731
90 0.00374397
92 1.87583e-07
94 0.13435
96 0.00358984
97 0.00030774299999999997
98 0.000603008
100 4.78742e-05
103 0.160951
105 0.00116718
106 3.42853e-11
108 0.00514914
111 0.00104217
114 0.000162566
115 0.00143733
116 0.000315878
119 8.24594e-09
124 0.000404347
126 0.007202500000000001
127 0.0473179
128 0.024591
135 0.0209608
136 0.0266529
137 0.020256299999999998
139 0.938875
144 0.027311900000000004
145 0.000564199
148 1.8194099999999997e-16
149 5.90966e-05
151 0.133392
152 5.66148e-06
155 0.71716
157 0.00130068
160 0.0079392
166 0.12573499999999999
167 9.373100000000001e-09
168 0.0124155
172 3.96593e-05
175 8.295049999999999e-10
176 1.33009e-06
178 2.90021e-05
179 4.9408999999999994e-05
181 0.0104954
182 0.028872199999999997
183 9.822610000000001e-05
185 0.11544600000000001
186 0.000347652
188 0.00124063
191 0.00703095
195 6.16042e-05
196 0.0111933
197 0.00010426700000000001
199 4.44144e-10
201 0.148194
202 0.010391599999999999
204 0.000159238
205 0.0031552
206 0.0374135
212 0.00460283
213 0.00680176
216 1.5143000000000001e-10
217 0.0157519
223 0.24006999999999998
226 0.0154912
227 7.28825e-07
230 0.0800649
231 0.000227453
234 0.00568956
237 0.276358
238 0.016333
239 0.0006876889999999999
240 0.000248999
243 1.75479e-11
247 0.00640751
248 0.0150179
252 0.00054868
253 3.2098200000000003e-06
254 0.00269724
255 1.6205200000000001e-06
258 0.00462981
260 6.682130000000001e-06
261 0.9904139999999999
264 0.043015
265 0.0113471
267 0.000310078
271 0.00459203
272 0.000271505
273 0.00362147
274 2.5996500000000002e-09
277 0.00254638
279 0.00724711
280 0.08041310000000002
281 0.00915758
283 0.823204
284 4.52621e-05
286 0.028006200000000002
287 0.00267092
290 0.00693487
291 0.00102867
292 6.89399e-07
293 0.000131777
295 0.00806674
297 0.000456067
299 0.0207923
300 0.00264659
301 0.00194929
309 3.8142400000000004e-07
310 0.0318687
313 0.000559708
314 0.000296835
315 0.000488445
316 6.04484e-06
319 0.00179626
324 0.000463586
326 0.00133027
327 0.00539049
330 0.09668260000000001
333 9.27947e-06
335 0.0599019
339 0.00343638
341 0.00201419
342 0.000182597
345 0.000112892
346 0.00010949299999999999
348 0.0011424000000000002
350 2.42306e-08
351 0.00571683
353 0.019844
356 0.0344822
357 3.0680900000000005e-06
358 3.73615e-05
360 3.84439e-06
361 0.000284095
362 3.6102399999999995e-05
364 7.50497e-05
365 2.4174e-05
366 0.000728828
368 0.00242518
369 0.0181777
371 0.0326423
375 0.00253016
376 0.0033625
377 0.00498145
378 0.000550908
383 1.13107e-09
384 0.000954765
385 4.4962799999999996e-05
386 0.00460454
388 0.000130806
389 0.654515
390 0.00150462
392 0.010984299999999999
393 0.00188279
397 0.0006439719999999999
398 0.0582525
399 0.9946229999999999
401 5.00156e-06
402 0.000725249
405 0.009389100000000001
409 2.80031e-05
410 0.0136775
412 0.000230752
413 0.024801499999999997
414 0.00023417400000000002
415 6.14751e-05
418 0.013588900000000001
421 0.000353555
422 6.25137e-05
423 0.140943
425 0.000618167
426 0.000170861
429 0.000288816
432 0.00114287
434 0.0054137000000000005
436 5.98045e-05
437 0.027934300000000002
440 0.000172377
441 2.6160100000000004e-05
442 1.95205e-11
444 8.877379999999999e-05
445 0.00112168
447 0.040691500000000005
449 0.00980552
451 8.68586e-07
452 0.00180549
453 3.46616e-05
455 0.00353554
456 0.000813493
457 0.386378
458 0.00926885
465 3.09529e-05
466 0.801227
467 0.171799
471 0.00307861
472 6.702939999999999e-15
473 0.000745115
475 4.81125e-09
478 0.0299735
479 0.000696656
481 0.00817422
485 0.0433225
487 7.81147e-05
488 9.13682e-06
490 0.0007570519999999999
493 0.00119327
495 0.013028299999999998
497 0.000722738
502 0.0048904
504 0.0454826
505 0.000139923
506 0.00019663
507 0.0455159
510 0.0336756
511 0.000166551
512 0.000125766
517 0.0868102
521 4.59157e-06
527 0.9224889999999999
529 0.000616794
532 0.00663952
533 0.0370019
534 0.00477806
536 0.000144593
538 0.00069528
539 0.0205328
542 8.525389999999999e-09
546 8.68015e-06
547 0.0135111
548 9.99443e-05
551 0.0235096
553 0.00048129199999999997
556 0.00013713
557 0.0835593
558 0.00576417
560 0.00206713
561 2.19413e-08
562 0.776099
566 0.00011727299999999999
567 0.06965650000000001
568 5.52485e-08
569 1.81436e-10
570 0.000217727
571 0.029489299999999996
572 0.903214
573 0.145821
574 2.5691900000000004e-08
575 0.00789152
576 7.0879e-05
578 0.00470612
580 7.00927e-05
584 0.991025
585 2.169e-06
586 0.0198442
587 0.000215717
593 2.41116e-06
594 0.9165709999999999
595 0.0006373759999999999
596 9.87484e-05
600 0.00232729
602 0.00651605
603 0.00484532
604 0.028186000000000003
606 0.000253643
607 0.0164998
611 0.00359277
614 0.995667
615 0.00408658
616 0.00130857
617 0.00919404
618 0.100575
621 0.00450816
623 0.000520968
624 0.000339796
627 5.49723e-08
629 0.00038977099999999997
630 0.784845
631 0.043547
634 0.16710899999999998
636 6.22803e-05
638 3.50141e-07
639 0.000389261
640 0.999642
641 0.00663062
642 0.00392464
643 0.0748698
644 1.7744900000000002e-08
646 0.000521249
649 0.0005234580000000001
650 0.19034500000000001
651 0.000299507
652 0.00017747599999999998
655 4.39692e-05
658 0.00436552
659 2.4769899999999998e-05
662 0.000397746
664 0.00047369800000000004
665 8.77048e-12
666 0.234882
668 1.48566e-07
669 0.00429195
670 0.000471006
673 1.82653e-05
674 0.7313149999999999
678 1.93533e-06
679 0.00167785
681 6.31224e-07
683 0.0141257
687 0.000278098
691 0.00305432
692 0.00149665
693 0.0729085
696 6.53808e-05
697 0.384791
698 0.0984725
701 0.00010145899999999999
703 0.000792838
704 0.0140376
706 1.9761900000000004e-06
708 0.0767279
715 0.00103357
716 0.00153504
718 0.5330630000000001
719 0.00600918
721 0.00119423
722 1.0549400000000001e-05
723 0.025245
724 6.703589999999999e-06
725 0.00578718
727 0.00038866199999999996
732 0.000501466
734 0.389137
735 0.000158429
736 3.48688e-05
737 0.0685705
741 6.033e-14
743 0.0533882
744 0.00207257
745 0.00403656
747 3.85409e-07
749 3.47664e-05
751 0.0261357
757 1.5124000000000001e-05
758 1.42535e-06
759 3.8664699999999996e-05
762 0.0385974
765 0.00080969
766 0.00221958
769 0.00371142
773 0.000339719
775 0.0123575
778 0.00181807
779 9.67883e-08
781 0.00013536
783 0.0673841
784 0.08922630000000001
785 1.6167e-05
788 5.57629e-05
789 1.66292e-11
790 0.0041663
792 0.000382332
795 0.00012226
798 8.57332e-06
801 3.58439e-06
803 2.85042e-07
807 0.24390799999999999
809 6.743780000000001e-06
811 1.98823e-09
813 6.365930000000001e-06
817 0.00024031900000000001
819 0.9078950000000001
821 8.283929999999999e-07
824 0.000469919
825 0.997916
833 0.000967555
835 5.67632e-07
836 0.019471099999999998
837 0.000141399
838 9.17426e-13
839 0.0654218
840 0.00504653
841 0.013896799999999999
844 3.58323e-05
846 8.562819999999998e-06
852 7.418770000000001e-05
853 8.81203e-06
856 0.00287141
858 0.056048
861 0.0106038
864 2.48688e-05
866 0.00572403
869 0.019591400000000002
870 0.0120015
873 0.449237
875 0.00123592
877 0.00181272
881 2.08942e-05
883 0.000124215
884 5.80259e-07
886 0.00348238
890 0.09213389999999999
891 0.395484
893 0.00318175
894 0.0009530560000000001
897 0.029774099999999998
901 0.0303781
905 0.00845273
907 0.0651551
909 0.00336787
910 0.00019728900000000001
913 0.000963355
914 0.00104408
916 0.000173833
922 0.037632900000000004
924 1.4471700000000001e-06
925 5.13356e-08
927 0.000211578
928 0.00040358699999999996
930 0.92451
932 5.6589200000000004e-05
933 9.57923e-05
938 0.0144983
939 0.0560592
940 0.0116254
941 0.0179557
942 6.455020000000001e-05
944 0.12348699999999999
945 2.90197e-06
952 0.00114301
953 0.00566409
955 0.023049
956 0.09590080000000001
957 0.00108694
959 0.000937876
960 0.08008939999999999
961 0.0119647
963 4.20866e-06
968 2.17513e-07
969 0.000427849
970 0.00122766
974 8.95599e-06
975 0.00067954
976 0.07752039999999999
978 0.00621321
979 0.0325012
981 0.00255373
983 0.00437293
984 0.0587384
985 0.0019809999999999997
986 0.00468662
988 0.000192155
990 0.0022069000000000004
992 2.9817999999999996e-08
994 4.49071e-06
995 3.70562e-05
998 4.85943e-11
1000 0.00035435
1003 2.07188e-06
1005 2.14969e-05
1006 0.000959745
1007 6.3778399999999996e-06
1013 0.000813743
1016 9.56276e-05
1019 4.98135e-11
1020 0.00239655
1021 7.88872e-06
1022 0.000166587
1023 0.00103154
1025 0.00940733
1026 0.0001564
1029 2.76115e-05
1030 0.8719040000000001
1031 0.000418882
1032 4.24765e-08
1033 0.307969
1034 0.000671013
1035 0.00509802
1037 0.00788088
1038 0.00560622
1039 0.00630816
1040 0.0021247
1044 0.00118147
1046 0.000103941
1047 0.00148
1048 4.42042e-05
1049 0.00293204
1051 1.14574e-10
1054 0.000313508
1055 0.017934799999999997
1058 0.00278794
1059 0.000142631
1063 0.11615999999999999
1065 0.00998901
1067 7.89368e-05
1070 0.000441159
1075 0.062315199999999994
1076 0.0119324
1080 0.00144355
1081 0.11843699999999999
1085 7.54422e-06
1086 0.154823
1087 0.772047
1088 8.50786e-05
1089 0.9903569999999999
1090 0.0008549460000000001
1094 0.00017987
1095 0.00590055
1096 0.984935
1098 5.86063e-14
1099 0.239669
1100 0.015530700000000001
1103 0.0006886689999999999
1105 0.0206786
1108 0.00116019
1111 0.00852737
1114 0.00069754
1115 2.3365e-06
1116 0.000103798
1117 0.00895569
1118 0.00313707
1120 0.00199264
1122 1.77689e-07
1123 0.00231558
1126 1.13008e-11
1128 0.00729439
1131 0.000422944
1132 0.000839818
1133 0.000441151
1134 0.000578515
1135 1.7942000000000002e-05
1138 0.00010350700000000001
1139 4.06106e-05
1141 0.132434
1146 0.0013047
1150 5.97739e-05
1153 4.03467e-05
1155 2.61369e-05
1157 0.00117805
1159 0.00784128
1162 0.0522987
1163 0.00307518
1165 0.365235
1167 0.0393558
1169 0.0024736999999999997
1173 0.00517953
1177 0.000251793
1178 1.49052e-05
1179 0.00018596400000000002
1180 0.0432441
1181 4.17687e-11
1183 0.000560463
1188 9.789110000000001e-05
1189 5.1971499999999995e-05
1190 0.00043493199999999996
1193 0.96211
1195 0.00168861
1196 4.49894e-07
1197 0.00404956
1198 5.28754e-07
1202 0.139296
1208 0.550407
1210 0.15992699999999999
1213 0.861409
1216 0.022443900000000003
1217 0.0168335
1218 4.8502200000000005e-05
1219 0.0630346
1220 0.0008908669999999999
1222 0.12491600000000001
1223 4.0891199999999996e-08
1227 0.00545628
1228 0.00137012
1232 0.000472086
1235 0.022796599999999997
1238 0.799948
1242 0.00217518
1243 0.00499923
1244 0.049605300000000005
1245 0.317127
1246 0.0410849
1249 0.0189351
1251 0.0936431
1252 7.68213e-05
1253 0.0652174
1255 0.108305
1256 0.5256310000000001
1257 9.52141e-05
1261 0.00342464
1262 1.91367e-15
1264 0.00205639
1267 0.024268
1271 0.000247083
1275 4.2098500000000004e-05
1276 0.501862
1278 0.00042389300000000006
1280 5.81279e-05
1282 0.000152368
1283 0.000410135
1285 0.0011317999999999999
1291 0.00114658
1295 1.8043599999999998e-05
1296 3.95735e-06
1297 7.34996e-05
1300 0.00041148300000000003
1301 0.0005381569999999999
1302 0.00396827
1303 0.000307931
1305 0.00176063
1306 1.35518e-09
1307 0.270606
1308 0.00202638
1313 9.56721e-05
1317 0.000121607
1318 0.0005760709999999999
1319 0.041201
1320 0.0005082859999999999
1321 0.000201588
1322 0.0007036239999999999
1328 0.00327223
1329 0.233409
1331 7.60997e-06
1335 0.00245674
1336 0.9772930000000001
1338 0.000453322
1339 0.00275804
1340 0.0227143
1342 0.0007750880000000001
1344 9.005419999999999e-08
1347 0.000293863
1349 0.07047830000000001
1351 0.029168400000000004
1353 0.000148503
1354 0.00034393300000000004
1355 0.000442764
1356 2.29628e-06
1357 0.00200742
1358 0.0301608
1359 0.000409354
1363 0.000307043
1366 0.171561
1367 2.07488e-05
1368 0.0006765580000000001
1369 1.00004e-08
1370 0.9071389999999999
1372 0.000557464
1373 1.54048e-06
1374 0.00375223
1376 0.0192606
1377 3.66994e-05
1379 0.0007953360000000001
1380 0.0204549
1381 6.722499999999999e-11
1382 0.0806794
1389 0.000543369
1391 0.00545282
1392 3.31164e-08
1394 3.83569e-05
1396 0.164366
1398 0.000769782
1399 0.631212
1401 3.38452e-08
1403 0.0821153
1407 0.322549
1410 8.9967e-05
1411 7.50125e-05
1412 0.00280673
1415 0.410897
1416 2.18773e-06
1417 0.014252299999999999
1419 0.00152554
1422 0.000654471
1423 0.0059549
1424 0.0039654
1425 0.00102167
1428 0.00298482
1429 0.00666025
1431 0.00102705
1433 0.000191692
1435 0.00032021700000000003
1437 0.000718845
1438 0.000425766
1440 9.76543e-11
1446 0.15087799999999998
1447 5.05022e-06
1448 0.0918655
1449 0.00035554
1452 0.05554019999999999
1454 0.00425208
1456 0.00508941
1458 0.060512699999999996
1459 0.0166966
1461 0.130347
1462 0.0283732
1469 0.0473515
1471 0.00294126
1473 0.0199327
1474 1.84276e-06
1476 0.0008287289999999999
1477 3.00154e-09
1478 0.0015539999999999998
1482 0.00456832
1487 0.00022115900000000001
1489 0.00571385
1491 4.96966e-05
1495 0.0267753
1496 0.9922049999999999
1500 4.41585e-05
1502 0.9929969999999999
1503 0.969512
1505 6.0004300000000004e-05
1506 0.362266
1507 0.000487121
1508 0.00236681
1511 1.74231e-08
1513 0.000203348
1516 3.74815e-06
1518 4.8419300000000006e-05
1519 0.000365395
1520 3.95774e-05
1525 6.47186e-05
1527 5.07906e-06
1530 0.00229175
1533 0.103048
1534 0.023021400000000004
1535 0.00797149
1538 0.023036599999999997
1540 0.0032546
1542 0.00012783100000000002
1546 4.6934399999999996e-05
1547 4.16034e-11
1549 0.000102204
1550 3.7191e-07
1551 5.199800000000001e-06
1552 0.00031681
1558 0.00615924
1560 2.31433e-06
1562 9.307260000000001e-05
1564 0.0013243
1566 0.00400742
1567 0.178875
1568 0.00016632900000000003
1569 0.00309947
1570 0.00035333300000000005
1572 7.45486e-09
1573 1.91934e-08
1574 0.0526159
1575 0.0112633
1578 2.1436999999999998e-05
1581 0.000556341
1583 0.280529
1584 0.012870699999999999
1585 8.219709999999999e-05
1587 0.741188
1589 0.00945798
1591 1.03539e-07
1592 0.000262087
1596 0.00649432
1599 0.00080174
1600 0.189473
1601 5.7583e-06
1602 0.0247652
1605 0.00806658
1606 0.8006479999999999
1609 0.000909968
1613 0.9893790000000001
1615 0.0008771139999999999
1616 0.00451975
1619 0.00013158200000000002
1620 0.952623
1621 6.409569999999999e-08
1623 4.35698e-06
1624 0.00171504
1625 0.203302
1626 1.12725e-05
1629 0.00041321699999999996
1631 0.00632045
1634 1.26827e-05
1635 0.00348906
1637 0.00066925
1639 0.00219769
1641 9.35417e-05
1644 0.00558518
1645 1.19667e-05
1646 6.65742e-05
1648 0.025933799999999996
1652 0.0746671
1655 4.77626e-05
1656 0.00266574
1657 0.000256625
1658 0.000158805
1659 0.00079436
1660 7.80758e-10
1663 2.3158e-06
1664 0.0794917
1665 0.0157292
1666 0.00871824
1667 0.0005689790000000001
1668 0.026782599999999997
1670 5.1426000000000005e-05
1671 0.0293028
1672 3.42579e-07
1674 0.00436873
1679 0.00542746
1681 2.53581e-05
1687 1.21945e-05
1692 0.0057047
1694 2.46506e-11
1695 0.0007119989999999999
1696 0.0022660999999999996
1697 0.00075569
1698 0.00141489
1700 0.000956865
1701 0.00023266900000000002
1702 3.0285800000000003e-09
1703 0.0925753
1704 1.5458399999999998e-05
1705 0.000608175
1706 0.012612200000000002
1709 0.015949
1710 0.0408792
1712 0.00437818
1715 0.00674049
1716 0.00563496
1719 1.50675e-05
1720 0.00793089
1722 0.00828179
1728 0.0009459960000000001
1731 0.00537022
1735 0.00152909
1736 0.00172495
1737 0.000210129
1740 0.0173004
1742 0.000924519
1743 0.0396659
1744 0.00590956
1745 0.00254813
1748 0.840884
1751 8.652379999999999e-05
1753 0.00244961
1757 0.235736
1760 0.0228745
1762 3.59573e-05
1763 0.000159255
1764 1.7864700000000002e-05
1767 0.00032054
1769 0.6779850000000001
1770 0.00498181
1773 0.00240094
1774 0.00106294
1776 0.20911
1779 0.0219425
1781 0.0275258
1783 0.00172276
1786 0.0129219
1788 8.597560000000001e-06
1790 1.84867e-09
1791 0.000276975
1792 0.23406300000000002
1794 0.0009001189999999999
1796 0.942321
1798 2.1629499999999997e-05
1802 0.014678499999999999
1803 0.0387173
1804 4.19777e-05
1805 0.00570361
1808 0.0287659
1811 0.00135284
1812 0.00044758300000000004
1813 0.0034809
1814 0.26960300000000004
1815 0.000169829
1817 0.00412835
1819 0.000732063
1820 3.8693000000000004e-05
1822 3.6421800000000003e-06
1823 0.0171586
1824 8.50924e-06
1826 0.09205089999999999
1829 0.0175544
1831 0.000135031
1835 1.087e-06
1838 1.5852299999999998e-08
1839 0.014751499999999999
1844 3.82924e-06
1846 0.0262243
1848 8.32224e-11
1850 0.0329297
1851 0.000347133
1852 5.349400000000001e-06
1856 0.00180248
1857 0.0307828
1859 0.9980180000000001
1863 9.33092e-06
1865 8.899969999999999e-05
1866 0.00474257
1867 0.00209036
1868 0.00386491
1869 0.21161100000000002
1871 1.12353e-07
1873 9.096130000000001e-06
1874 3.11497e-08
1876 1.3298e-06
1879 0.015785499999999997
1880 0.00807931
1883 0.000365475
1884 0.00893609
1885 0.00789725
1886 0.002148
1889 0.0278548
1890 1.62998e-05
1891 0.0005058619999999999
1893 0.011476799999999999
1895 0.000124952
1897 3.11173e-05
1900 0.185131
1905 0.0349166
1908 1.80452e-05
1909 5.87006e-09
1910 0.00421138
1912 1.14428e-13
1913 0.010376100000000001
1914 0.00083046
1916 0.152416
1917 0.000197338
1919 2.93317e-05
1921 0.00133535
1923 3.0757600000000005e-05
1924 0.000157
1925 7.233569999999999e-08
1926 0.131037
1929 1.97928e-13
1935 5.32947e-05
1939 0.000263747
1942 0.00211135
1943 0.00363476
1946 0.000527194
1947 0.00343485
1949 0.000105381
1951 0.000933067
1953 0.000994362
1955 0.00637355
1956 0.0123337
1957 0.203121
1959 2.73061e-13
1961 0.00115594
1965 0.00479535
1966 0.00183031
1967 6.979880000000001e-10
1968 0.11037000000000001
1969 0.010913899999999999
1973 0.00324529
1974 0.11584100000000001
1975 0.00314901
1979 0.0332133
1983 6.33465e-05
1984 0.0009106860000000001
1986 0.268687
1987 4.13947e-07
1988 0.9278879999999999
1990 0.08066489999999998
1991 9.783439999999998e-08
1992 0.000303561
1993 0.0013138
1994 5.91875e-08
1996 4.46524e-06
1997 1.8318599999999998e-16
1998 0.014282099999999999
2003 8.45296e-09
2005 0.000188218
2007 3.0521499999999996e-10
2008 0.9070940000000001
2009 0.00834976
2010 8.43022e-05
2013 0.013222399999999999
2014 3.3429599999999998e-06
2016 0.463765
2017 1.2700199999999999e-05
2018 0.0152378
2026 0.00746404
2028 0.000518086
2029 5.20094e-05
2031 0.015811000000000002
2032 0.000314549
2033 3.3593e-07
2035 0.282476
2038 0.018365700000000002
2040 0.000568417
2041 0.00246679
2044 6.754399999999999e-09
2046 0.014325999999999998
2048 1.24705e-06
2050 0.000254165
2052 0.00016713900000000001
2053 6.13583e-05
2057 0.00269827
2059 4.14915e-08
2060 0.42950600000000005
2062 0.00167009
2065 0.0121375
2066 0.000946637
2071 0.000440978
2072 0.0344403
2073 0.0011537000000000001
2074 0.00383877
2075 0.00165882
2076 0.018523400000000002
2077 0.0016449000000000001
2078 0.9996780000000001
2079 0.559716
2080 0.06011709999999999
2081 2.1204699999999997e-05
2084 1.5274599999999998e-07
2085 0.0018390000000000001
2087 0.0174107
2089 8.680330000000001e-12
2092 0.00872798
2093 7.81327e-06
2097 0.00376911
2100 0.00922398
2103 6.868850000000001e-09
2105 1.19451e-06
2106 1.48109e-09
2107 0.0304122
2110 0.0116755
2111 0.0117362
2113 1.10342e-08
2115 0.00028031599999999996
2118 0.00468878
2119 0.021526
2121 0.150024
2122 0.25406599999999996
2123 0.00421442
2127 0.0009752680000000001
2128 0.976827
2130 0.8483360000000001
2131 0.000738336
2133 1.0027e-05
2137 1.53173e-07
2138 0.000883213
2141 0.0119128
2143 4.3112900000000005e-08
2144 0.41971899999999995
2147 1.0631600000000001e-07
2148 6.78633e-06
2149 0.00249729
2150 0.0013948
2154 6.30845e-05
2157 6.51052e-06
2159 0.0171041
2160 1.73657e-05
2161 0.026602499999999998
2162 0.00011346
2164 0.000163428
2167 0.00822501
2168 0.6147199999999999
2173 0.00011222
2175 1.81125e-07
2177 0.000747465
2185 0.00113689
2188 0.0137183
2189 0.00232509
2195 0.00041437099999999997
2198 0.021482400000000002
2200 0.00101639
2203 0.00614088
2204 0.000597186
2205 8.866129999999999e-07
2206 1.14493e-06
2207 9.081910000000001e-06
2210 0.000925215
2211 0.014406799999999999
2216 0.00115188
2217 8.007280000000002e-10
2222 2.4315599999999998e-05
2223 0.00754562
2225 0.00029446
2227 0.9966430000000001
2229 0.00011261299999999999
2230 0.0261101
2231 0.00249279
2232 0.324508
2235 0.0533543
2236 0.0829895
2239 0.537369
2240 0.0274776
2242 0.056156899999999996
2243 0.6987909999999999
2245 0.00145966
2246 0.00599857
2250 0.00840414
2252 3.43034e-05
2254 0.00353579
2258 3.9038699999999996e-05
2262 0.00282572
2264 0.0121398
2269 0.017392599999999998
2271 5.30535e-07
2274 1.28414e-06
2275 3.03679e-10
2282 9.03766e-05
2283 0.0143078
2286 0.000659836
2289 0.000108147
2292 0.9586959999999999
2294 0.00011965100000000001
2295 0.00110854
2296 0.00687137
2297 0.0795946
2298 0.0143321
2299 4.04011e-05
2301 0.000179126
2303 1.78361e-05
2304 1.79071e-07
2309 1.71419e-13
2312 2.59281e-05
2313 2.64944e-05
2314 0.00278668
2316 0.000532597
2317 0.012300700000000001
2319 4.08526e-05
2322 0.329823
2325 0.363279
2326 7.03396e-09
2327 3.1982299999999997e-06
2331 0.00755567
2336 3.1545400000000004e-08
2338 6.451979999999999e-09
2339 0.0283998
2341 0.0176143
2344 0.0273955
2346 6.69311e-05
2349 0.00377934
2351 2.40206e-06
2353 0.0006722119999999999
2356 7.67493e-06
2357 0.0038552
2358 0.00708286
2360 0.000468325
2363 0.184718
2365 0.00133038
2370 1.90583e-05
2379 0.0023053
2380 0.0125106
2381 0.07678099999999999
2383 0.00010412899999999999
2386 0.000863045
2388 0.00182601
2389 2.44052e-05
2390 0.008639200000000001
2394 0.012002200000000001
2395 6.83172e-05
2396 0.00032219700000000003
2397 0.0276279
2398 0.057966899999999995
2399 0.000592259
2400 1.3587300000000002e-07
2402 0.00013738
2406 0.000212831
2408 0.011153399999999999
2409 0.000192636
2412 0.0209722
2414 0.060013800000000006
2416 0.000138573
2418 0.00071695
2421 0.0403792
2422 6.44657e-05
2424 0.000101955
2426 1.5904100000000002e-05
2428 0.01697
2429 0.00341379
2430 9.85788e-06
2431 0.0010869000000000002
2432 0.0107788
2434 0.034462400000000004
2438 0.00534966
2440 5.98384e-12
2446 0.000274741
2447 0.00125567
2449 0.00300837
2451 0.284279
2453 3.4965e-06
2455 0.000176785
2457 0.000607676
2463 0.00020124900000000002
2464 4.3912599999999995e-06
2467 3.65161e-09
2469 0.00216738
2473 0.9953549999999999
2474 4.75088e-07
2475 0.671082
2482 0.636804
2484 0.00257989
2485 0.00120327
2486 4.78233e-07
2487 0.00136227
2488 0.0155241
2489 0.168183
2495 0.20077799999999998
2498 0.00754093
2499 0.021094400000000003
2503 0.000646247
2506 0.749875
2507 0.00276868
2509 0.00223072
2510 0.00109992
2511 0.0290848
2515 0.0536404
2516 0.000325832
2517 1.10461e-05
2521 1.90302e-05
2522 0.000859501
2526 0.000297234
2527 0.000517973
2528 0.0275546
2530 1.42767e-05
2531 8.20635e-08
2532 2.3699200000000002e-05
2535 0.00014072799999999998
2536 0.000154637
2538 0.00408089
2541 0.000114717
2543 0.00342093
2548 0.000155641
2550 0.00460734
2551 0.00328033
2552 0.0502522
2553 0.026609699999999997
2556 0.025207499999999997
2557 1.53432e-05
2560 0.00259068
2562 0.00102758
2568 0.00022568599999999998
2570 0.00244595
2573 0.00226996
2574 0.0124344
2575 0.000658029
2576 0.000911848
2577 5.601290000000001e-08
2580 0.00224975
2581 0.00139804
2582 0.024599700000000002
2583 0.00394746
2587 0.00700275
2588 0.000265823
2591 0.00835072
2592 0.00055414
2596 0.00366455
2597 5.04037e-05
2601 1.02243e-06
2602 0.00276544
2604 0.00094484
2607 0.00252235
2608 0.035686
2610 0.383759
2612 0.00696055
2614 0.158251
2616 1.43093e-05
2617 0.000302829
2619 7.72127e-08
2620 0.00035134900000000004
2622 0.00373714
2623 4.00233e-05
2624 0.00150729
2626 0.0618476
2628 1.70988e-05
2629 5.86575e-05
2630 2.8586099999999997e-08
2631 0.148027
2638 0.000597227
2639 0.011648200000000001
2640 0.9989610000000001
2642 1.04379e-05
2644 0.10255999999999998
2650 0.000491327
2651 0.405383
2652 0.00197446
2654 0.00375259
2655 0.0236731
2656 6.52348e-05
2660 0.128055
2661 1.51546e-10
2663 0.0007014310000000001
2665 0.0182322
2671 0.0007530869999999999
2672 0.011681799999999999
2673 0.00019141700000000001
2674 3.56501e-05
2676 0.00252717
2679 0.00368348
2681 0.000128712
2685 0.0009422710000000001
2686 0.014547
2687 0.00225207
2688 0.00160878
2692 0.42642700000000006
2694 7.742010000000001e-07
2698 0.9985200000000001
2700 0.0228493
2701 0.168731
2703 0.00275935
2705 0.0108955
2707 0.00159009
2708 0.00958345
2711 0.160779
2712 0.141532
2716 0.00278451
2719 0.0007437930000000001
2720 0.00190171
2724 2.325e-05
2725 4.77395e-05
2726 0.045445400000000004
2728 0.00909563
2729 3.20754e-05
2731 0.42016400000000004
2733 9.5768e-08
2736 2.96612e-07
2739 0.028343
2740 0.000262392
2742 0.000883071
2743 0.0312568
2746 0.0085061
2748 0.00177482
2750 0.00516849
2752 0.00011540899999999999
2753 0.00084048
2754 2.63744e-05
2756 0.772687
2758 0.031796
2761 0.00242452
2764 5.35081e-10
2768 0.0265976
2769 0.0229344
2770 0.000135019
2771 3.80906e-05
2773 0.0241724
2777 0.14281300000000002
2780 0.041833300000000004
2781 0.023468400000000004
2787 0.000483519
2788 0.10765899999999999
2789 0.00022590299999999998
2790 0.101002
2792 2.92298e-05
2793 0.00390026
2797 0.00175936
2799 0.000388404
2802 1.60867e-05
2805 8.47894e-05
2806 2.31697e-05
2808 0.00227492
2809 0.00185978
2811 0.00406914
2813 0.045770599999999995
2814 0.000118106
2818 0.00020737900000000002
2819 0.0651351
2821 0.0258575
2822 1.28928e-06
2823 0.124825
2824 0.00882082
2825 2.29311e-11
2828 0.00123422
2829 0.000571669
2830 3.6272e-06
2831 2.68409e-06
2832 0.027036400000000002
2837 0.00145361
2839 0.00598946
2840 0.0007826160000000001
2843 3.5874800000000007e-06
2846 0.0207452
2849 0.000337565
2850 0.000623859
2851 0.00010448
2852 0.00181033
2853 0.000154168
2856 1.03598e-05
2857 1.03947e-05
2860 0.8327100000000001
2861 8.5239e-06
2862 6.37603e-05
2863 0.0985008
2865 0.0421746
2871 0.0008858239999999999
2872 0.026084899999999998
2874 0.00100318
2876 0.0006831360000000001
2877 0.00448551
2878 0.000613912
2882 5.16888e-05
2883 0.0217114
2885 0.0499784
2887 0.020607900000000002
2888 0.000628951
2890 3.6540199999999998e-06
2892 0.18770799999999999
2894 0.047118900000000005
2895 0.0672067
2897 0.00210563
2898 0.000295688
2900 0.00177852
2902 0.00122565
2903 2.72566e-05
2904 0.000152427
2905 0.0018541
2907 0.0625762
2908 5.55322e-09
2909 0.00299296
2911 0.0731741
2918 0.008193899999999999
2920 0.048441399999999996
2921 0.00976663
2922 0.00575402
2923 0.000152564
2925 0.0208851
2926 0.019175
2927 3.86781e-05
2928 0.0723591
2929 0.00020596400000000002
2930 0.00225422
2936 4.96932e-10
2945 0.00120725
2948 2.40592e-05
2949 3.87425e-06
2950 0.00494808
2951 0.000645238
2955 0.00136853
2959 0.00120683
2961 3.31942e-05
2964 0.00886113
2968 1.01775e-08
2970 6.768580000000001e-10
2971 0.308352
2972 0.00109493
2973 9.417030000000001e-05
2974 0.0191587
2979 0.00368854
2980 2.25192e-06
2981 0.07494239999999999
2982 0.012458200000000001
2983 1.97368e-05
2985 0.0006673930000000001
2991 3.87887e-06
2993 0.00937014
2996 7.345930000000001e-06
2997 0.134772
2998 1.2984200000000002e-08
2999 0.000620212
3001 0.000256878
3006 0.00039344699999999995
3010 0.00520831
3012 0.052045900000000006
3014 0.00117777
3016 0.00199611
3018 0.000889512
3019 7.011989999999999e-05
3020 0.00492768
3022 0.0051941
3025 1.69971e-08
3026 0.0352734
3029 0.00295626
3030 0.00349981
3033 3.29574e-05
3035 0.00171639
3036 0.12036400000000001
3037 0.127092
3040 0.000998823
3041 0.0006311040000000001
3043 8.98986e-06
3046 2.93146e-07
3048 0.00667976
3049 0.0432953
3050 9.16515e-11
3052 0.00767672
3055 0.00280822
3059 0.0028593000000000004
3060 5.86923e-06
3062 0.0230004
3067 2.62496e-05
3068 7.86364e-06
3069 8.96152e-07
3070 0.00228514
3071 0.00011695399999999999
3073 2.47071e-05
3075 0.32947600000000005
3076 0.000152682
3079 0.134444
3080 2.9480299999999996e-08
3081 0.35048
3084 0.0112955
3087 8.252389999999999e-09
3091 0.0264491
3095 0.0135207
3096 0.0950809
3097 0.0319685
3099 0.0192351
3101 0.00118469
3104 0.0243963
3109 5.76099e-05
3111 5.418600000000001e-07
3113 0.00489531
3114 0.180298
3115 0.00020496700000000002
3119 2.3303599999999997e-10
3123 0.00716515
3125 4.0757899999999997e-07
3128 0.00184201
3130 0.998755
3131 0.011300900000000001
3132 0.0696633
3136 0.00044961599999999996
3139 0.028915499999999997
3141 0.019079
3143 4.151890000000001e-05
3144 0.000484231
3148 0.0503686
3151 0.8739629999999999
3152 0.00341471
3153 0.00132635
3156 3.96334e-06
3158 0.000466336
3160 0.000479891
3166 1.6403799999999999e-06
3167 0.0272349
3168 0.000294195
3171 0.000248562
3172 0.00278363
3173 0.0544515
3174 0.00015455700000000002
3179 0.00229414
3180 0.00019580200000000002
3182 0.058362300000000006
3187 0.00265629
3190 5.21451e-10
3191 0.058046600000000004
3192 0.107732
3193 0.0893607
3196 1.78769e-05
3197 0.0188597
3198 0.00336172
3201 0.000107723
3203 5.47194e-07
3206 0.00592517
3208 0.00021308
3209 0.000204785
3212 0.133694
3215 0.000764039
3217 3.73171e-05
3220 8.426379999999999e-05
3221 0.00720193
3222 0.00872855
3224 0.000536319
3225 0.00117526
3226 0.00911461
3227 1.6495899999999999e-09
3230 5.69699e-05
3232 0.00414394
3234 0.14894200000000002
3235 0.00539764
3237 0.00313308
3238 1.81322e-09
3241 0.000228066
3245 0.00565936
3246 0.00131753
3248 8.41841e-05
3249 3.09435e-08
3251 1.39197e-05
3252 6.87562e-05
3257 3.4942e-05
3263 0.00286667
3264 0.000418686
3265 0.000372396
3266 0.000248055
3267 1.5030900000000002e-08
3268 5.27103e-07
3275 0.033331900000000005
3276 0.00162526
3277 0.00065437
3278 9.793280000000001e-05
3281 0.0109244
3283 4.75955e-05
3286 1.20951e-06
3287 3.1990500000000004e-08
3288 0.017700900000000002
3289 0.009310899999999999
3291 4.64906e-06
3295 0.48723999999999995
3297 0.00143402
3298 0.00022803
3302 2.99303e-05
3304 0.00063655
3305 0.529786
3306 1.37508e-07
3309 1.06744e-05
3310 2.68108e-06
3312 0.996534
3314 0.00019256
3315 1.17379e-05
3317 0.012764900000000001
3318 7.654880000000001e-08
3319 0.0295933
3321 0.000368561
3322 0.0008017339999999999
3323 0.00414673
3324 0.00814854
3326 5.882390000000001e-07
3328 0.0007654589999999999
3329 0.00548272
3332 3.9615e-06
3333 0.0132821
3334 0.029311200000000003
3340 0.0328513
3341 0.000446383
3342 0.000152181
3345 0.00054657
3346 0.47166
3347 7.834569999999999e-05
3348 0.000603121
3352 0.00101422
3353 6.13229e-07
3357 1.1747400000000001e-07
3358 0.00136518
3361 0.00309511
3364 7.71674e-05
3366 6.497630000000001e-06
3368 0.00117372
3371 3.44173e-05
3372 8.44697e-08
3375 3.83769e-05
3378 0.00326851
3381 4.926080000000001e-07
3383 0.00678086
3384 0.058751099999999994
3385 0.00256134
3387 1.46006e-07
3388 0.7650640000000001
3389 0.00272727
3393 0.00294614
3394 8.76095e-06
3399 0.00115555
3400 0.9991450000000001
3402 5.2466800000000005e-08
3405 5.78199e-07
3409 1.0195e-05
3411 0.00110134
3414 0.00220179
3418 0.20749299999999998
3423 0.00191641
3426 0.010582
3427 1.5061500000000002e-06
3428 0.037469499999999996
3431 0.12269000000000001
3432 0.136319
3434 0.0352439
3437 0.00103018
3438 0.00762153
3440 0.000254544
3442 0.0647248
3445 5.36102e-06
3446 0.0619388
3447 0.0178886
3448 5.07762e-05
3454 0.0784891
3456 3.55024e-05
3457 0.000154245
3459 0.000594035
3460 0.00021772
3463 0.197155
3467 8.46707e-11
3471 1.17974e-05
3472 0.15312699999999999
3473 0.169741
3474 1.93549e-07
3475 0.026211900000000003
3476 0.0253971
3478 0.00042387400000000003
3479 8.67843e-07
3480 3.4663e-05
3481 0.00170151
3482 0.185145
3483 0.014817700000000001
3485 0.00735067
3486 0.156676
3488 0.026731400000000002
3490 0.000218979
3494 1.7381099999999998e-06
3495 0.00166298
3498 0.000444976
3501 0.00283216
3502 0.0451605
3503 0.00569778
3504 5.68e-06
3505 0.0281423
3507 3.4379000000000004e-05
3512 3.77949e-05
3513 0.00143601
3514 1.7635000000000001e-07
3515 0.0190136
3517 0.027112900000000002
3520 0.47757799999999995
3523 0.000156658
3526 0.045681
3527 0.0231211
3531 0.0395462
3532 0.00329094
3533 0.0165983
3534 0.96368
3535 1.9855900000000002e-06
3538 0.00165253
3540 0.00290883
3541 0.000679638
3542 0.858467
3543 0.374733
3544 0.052622300000000004
3545 3.3119599999999995e-06
3547 3.0445500000000002e-05
3552 9.50725e-05
3553 0.000161388
3557 0.035861699999999996
3558 0.010839299999999998
3559 0.000488523
3560 1.3187299999999998e-10
3561 0.021264099999999998
3562 0.00103266
3563 0.576317
3568 1.4355e-05
3569 0.034001199999999995
3570 0.000137296
3571 0.00921409
3572 1.0936199999999998e-09
3573 0.000888242
3574 1.91133e-10
3578 0.027218799999999998
3579 0.00504366
3581 0.00983891
3582 0.022283400000000002
3583 0.0506096
3584 0.00677071
3590 0.000764983
3591 0.000903397
3592 0.000625364
3595 0.0672616
3598 0.00418217
3600 0.215743
3601 2.94596e-07
3602 0.00756398
3607 6.61377e-05
3610 2.11689e-05
3612 0.0201824
3613 0.0488753
3615 2.41065e-07
3616 0.181058
3617 0.0115536
3619 0.039384300000000004
3624 0.018922400000000002
3626 0.00136444
3630 0.001381
3631 0.0491726
3633 0.0279916
3637 0.000202587
3641 0.0005622919999999999
3643 0.09241010000000001
3647 7.45329e-11
3649 0.0109165
3650 0.026490899999999998
3652 0.015207499999999999
3653 0.056474300000000005
3659 0.0990799
3661 0.00875127
3665 0.00025759299999999997
3666 1.34274e-05
3668 9.645219999999999e-05
3670 2.0828199999999999e-07
3672 0.00280076
3676 0.00168036
3677 0.00101279
3680 0.0013037
3682 6.07019e-06
3683 3.5893e-06
3686 2.1023500000000003e-06
3687 0.00101987
3689 1.14068e-05
3692 0.0728284
3693 0.024957
3697 0.0008734519999999999
3701 0.0008042580000000001
3702 0.0397904
3707 0.00146423
3710 0.00026732
3712 0.0173342
3715 0.000607127
3716 0.00410326
3718 0.000197084
3719 0.000151713
3720 0.00310191
3723 0.0473527
3724 7.98926e-07
3725 0.0010207
3726 0.993497
3728 0.002389
3730 0.000834549
3731 0.00199574
3733 0.000302539
3734 0.0508719
3736 0.106119
3737 0.019005900000000003
3738 0.0134095
3739 5.1494300000000006e-05
3741 0.0058906
3742 0.00573071
3744 0.07649260000000001
3745 0.00322245
3746 0.956361
3747 0.000739283
3755 0.011283
3756 0.0122821
3757 2.79462e-05
3761 2.9303299999999998e-05
3762 0.05322280000000001
3764 4.55163e-05
3765 0.10186100000000001
3766 0.9985370000000001
3768 0.873857
3769 1.17858e-06
3770 0.000285125
3771 0.017527599999999997
3775 0.102086
3776 3.4182200000000003e-07
3777 0.00037319
3778 0.00176145
3782 7.65679e-07
3785 8.49168e-05
3787 3.46238e-05
3789 0.035302999999999994
3794 0.0344256
3795 0.844058
3799 0.0859142
3800 0.00443292
3801 7.97732e-09
3802 3.10798e-06
3804 7.6365e-09
3805 0.000378281
3810 0.0026717
3812 1.81049e-05
3813 1.07399e-09
3815 0.0125396
3816 4.6550099999999995e-08
3819 5.62966e-05
3822 4.8018400000000005e-12
3823 1.5646e-05
3825 0.00012485100000000001
3829 0.00010148899999999999
3831 0.076782
3832 0.0403953
3833 9.423219999999999e-05
3836 0.000295426
3839 0.10431700000000001
3840 4.31666e-06
3841 1.5746799999999998e-06
3842 5.42549e-08
3843 0.00028141099999999997
3850 0.00032754
3851 0.31635100000000005
3852 0.166437
3853 0.0764586
3854 0.00397767
3858 0.00514037
3862 0.00163208
3864 5.5299799999999995e-05
3867 0.09837330000000001
3870 0.000418688
3873 3.20273e-06
3875 0.0104709
3878 0.09031439999999999
3880 1.4434299999999998e-06
3881 0.479933
3882 0.0510353
3883 2.34931e-06
3884 0.00436391
3888 0.0998857
3892 1.72736e-07
3893 4.63027e-06
3894 0.00031206
3896 0.07887380000000001
3897 0.00470174
3900 0.00011729799999999999
3901 9.40246e-05
3902 0.00296411
3903 0.00034372199999999997
3904 0.339903
3906 2.94933e-09
3908 0.000503223
3909 3.99071e-05
3910 0.000144878
3914 7.558769999999999e-06
3916 0.000694755
3917 5.25913e-06
3920 0.000661273
3922 0.00180236
3925 2.47452e-06
3927 0.0050757
3928 0.8262309999999999
3929 0.125874
3930 0.18568199999999999
3931 0.0295041
3933 0.00016351
3934 0.00025038400000000003
3938 0.00424454
3940 0.00583549
3942 0.00582842
3943 0.00282719
3944 0.129215
3950 0.0435904
3951 0.00999216
3952 2.26913e-07
3955 0.00302679
3958 0.0123053
3959 0.000110679
3962 0.00103376
3964 6.95553e-05
3967 0.0596887
3968 0.42058999999999996
3972 0.0359011
3975 0.00104301
3976 0.970492
3977 1.77358e-05
3978 0.0295793
3980 0.0124663
3981 0.00897304
3982 0.0315185
3985 1.30986e-07
3989 0.0275784
3995 0.00414651
3999 0.792185
4000 0.000118311
4001 0.0069727
4002 0.00012940100000000002
4004 0.0977071
4006 0.0181086
4007 0.08549689999999999
4018 2.97352e-07
4021 1.569e-05
4022 0.010006200000000002
4024 4.55875e-05
4026 0.00040450699999999997
4027 0.00314717
4029 0.00745759
4030 0.00184426
4032 0.0023218
4036 5.31581e-11
4038 0.00110267
4040 1.86684e-05
4041 0.00497393
4042 2.46187e-05
4043 0.000770912
4044 0.00935695
4045 0.0294263
4048 4.25012e-08
4049 0.00015783
4050 4.8821000000000004e-08
4053 0.0689288
4054 8.55299e-05
4055 0.0107331
4056 0.00244269
4059 3.83894e-06
4061 0.0134595
4062 0.000529757
4063 5.66796e-05
4064 9.76479e-05
4065 0.08878660000000001
4068 0.046988999999999996
4070 8.676529999999999e-07
4071 0.00013162
4072 0.00968238
4074 0.00119352
4078 0.0233448
4079 0.000212537
4080 0.000236215
4081 0.00624239
4083 2.81493e-12
4084 0.231419
4086 0.00185355
4088 0.00019323099999999998
4090 0.00395022
4094 0.000153679
4096 0.048188699999999994
4097 7.201399999999999e-05
4098 0.00633843
4099 0.0173981
4101 0.056847400000000006
4103 0.00408418
4104 0.0264791
4107 0.0116557
4109 0.00521254
4112 3.24858e-06
4114 3.3360800000000006e-08
4115 0.00026937799999999997
4116 0.00564791
4118 0.11354600000000001
4119 0.00150441
4123 0.00866861
4124 0.00011053
4125 0.227264
4126 0.000159718
4127 0.0007921639999999999
4128 0.0008729539999999999
4130 0.708565
4132 3.76388e-05
4134 0.00067553
4139 9.78949e-05
4144 0.0322816
4147 0.102987
4151 0.016305200000000002
4153 5.0163e-06
4154 0.0567447
4155 0.00317649
4156 0.013207299999999998
4157 0.000227705
4159 0.105066
4160 3.74116e-06
4161 1.4849600000000002e-09
4162 0.00265439
4165 6.31685e-07
4166 0.015025299999999998
4167 0.014177
4172 0.0665831
4173 0.0894841
4175 0.00382718
4176 7.24315e-12
4177 0.13427999999999998
4179 0.00214646
4180 0.000107649
4181 6.414239999999999e-07
4182 2.8969299999999997e-05
4183 0.00083295
4184 0.153652
4187 0.0256038
4188 3.28862e-07
4197 0.0730627
4198 0.00194524
4199 6.30596e-08
4202 4.6233299999999997e-05
4206 2.1856299999999997e-08
4207 0.00704012
4208 0.399335
4210 0.00320433
4211 0.14165999999999998
4213 0.000314529
4214 0.00020982900000000003
4216 0.00126737
4217 3.6642600000000003e-07
4218 0.00277292
4219 0.00099152
4222 0.00743924
4225 2.75802e-09
4226 4.22926e-05
4227 0.00187972
4233 8.501e-06
4234 0.00316264
4235 6.72186e-05
4236 0.000208697
4238 0.0271145
4240 0.028225200000000002
4243 0.00144386
4245 0.0017961
4248 0.17085999999999998
4249 0.00417449
4250 0.00759613
4251 4.12083e-15
4252 0.00667151
4254 1.62099e-07
4260 1.1129e-06
4261 1.6891099999999998e-05
4262 0.09177489999999999
4266 0.00076796
4267 0.000174256
4268 0.00273408
4276 0.0987633
4277 0.0645417
4278 1.89164e-06
4282 0.0006920769999999999
4285 0.0009435139999999999
4288 1.5060399999999999e-05
4289 0.0202951
4290 7.85886e-05
4294 0.0013077
4297 0.000436009
4299 3.46793e-07
4301 0.125085
4302 0.000192899
4305 0.00488861
4306 0.00239397
4308 0.00102531
4309 0.0569215
4311 0.000704615
4313 0.000220532
4314 1.6857099999999998e-07
4316 0.00638987
4317 0.00161328
4319 0.00405018
4320 0.00111298
4324 1.46869e-07
4328 0.022267099999999998
4330 0.769894
4332 0.00374255
4334 0.0590654
4335 1.9903599999999998e-06
4336 0.00381439
4337 2.19306e-05
4340 2.00576e-05
4342 2.1186099999999998e-06
4343 0.000112515
4344 0.977549
4348 0.686229
4350 1.05392e-05
4353 3.01332e-10
4355 0.00132681
4357 0.211823
4358 0.9889680000000001
4362 1.89558e-12
4363 0.0709251
4366 0.140294
4373 0.0087024
4374 1.0353099999999999e-07
4375 1.67903e-06
4377 0.00193857
4378 0.0611146
4381 0.021459400000000003
4382 7.27675e-07
4383 0.042381699999999994
4385 0.347378
4388 8.276910000000001e-06
4393 0.00237353
4394 1.75751e-11
4395 0.9855870000000001
4398 5.9283e-07
4399 9.494040000000001e-05
4400 4.866600000000001e-10
4401 1.4491900000000001e-05
4402 8.70093e-06
4403 4.44033e-17
4406 3.65385e-12
4407 0.000111315
4408 0.012444799999999999
4410 0.00150224
4412 0.269567
4413 5.19676e-07
4414 5.42653e-06
4415 1.81647e-05
4416 0.723695
4417 0.572534
4418 8.22207e-06
4419 0.00145538
4420 0.099504
4422 0.0471382
4425 1.62616e-13
4426 1.76612e-05
4427 6.05522e-08
4428 5.22333e-05
4431 0.00413882
4435 0.00510013
4440 0.0165303
4442 0.00620438
4443 0.149841
4444 9.55387e-09
4445 7.41618e-05
4447 0.114059
4448 0.000150595
4449 0.0842574
4451 0.113266
4453 9.5195e-05
4454 0.35079299999999997
4456 0.00151592
4458 0.000410635
4460 4.80156e-05
4461 4.25739e-08
4462 1.38442e-05
4465 2.12515e-05
4467 6.95019e-11
4469 0.045783199999999996
4472 1.36151e-06
4473 6.30103e-08
4475 0.00175814
4476 0.015597899999999998
4477 0.0014187999999999998
4478 0.00036409400000000003
4480 0.110884
4482 0.0251204
4483 1.5114600000000001e-05
4485 0.0430437
4486 0.00358227
4489 0.00271272
4491 0.0072376
4492 0.000172297
4497 0.133267
4501 0.00156799
4503 8.460970000000001e-07
4504 2.70503e-07
4505 0.00148267
4506 0.000120214
4511 5.15012e-05
4513 0.000147054
4515 1.86291e-06
4516 0.057270299999999996
4521 0.00375063
4522 1.05735e-05
4523 0.0762063
4525 0.004589899999999999
4529 1.1113400000000001e-07
4531 0.00134964
4533 3.0424e-07
4534 0.015848599999999997
4536 0.00230822
4538 0.161965
4541 0.000564109
4543 0.000863053
4545 0.00693978
4546 0.000215343
4547 0.748367
4550 0.0122785
4554 0.00117615
4556 1.96743e-06
4557 0.000502585
4559 0.0830933
4560 0.00149106
4561 0.273253
4564 0.000555347
4567 0.00607807
4568 0.00302588
4569 0.00010124
4572 7.623260000000001e-07
4573 0.00106642
4575 0.00140804
4577 6.995619999999999e-10
4578 0.00798674
4580 0.00672607
4582 1.5061099999999999e-05
4583 0.00229485
4586 0.0018854
4589 0.00713674
4590 0.00730645
4593 0.0005052359999999999
4594 0.00114126
4596 0.00027119
4598 0.00141052
4599 0.00024712299999999997
4602 0.000277986
4603 0.000173831
4608 0.000325674
4610 1.11006e-05
4613 0.00219297
4614 9.883340000000001e-05
4615 0.135226
4616 0.652521
4617 1.30249e-06
4619 0.007211799999999999
4620 0.0525495
4621 0.0515089
4624 0.00937789
4629 0.015124200000000003
4633 0.0410418
4635 0.10328
4637 0.9774889999999999
4638 1.88158e-05
4639 0.0142879
4640 0.012260600000000002
4641 0.00102217
4642 0.00039846699999999995
4645 3.74673e-11
4646 0.0422459
4650 0.00139404
4657 0.00450799
4658 0.00168923
4659 0.00300906
4661 0.000290924
4663 4.6348500000000005e-05
4664 0.00517769
4665 3.2304e-06
4666 0.0007598660000000001
4667 0.000294396
4668 0.015442700000000002
4669 0.000116734
4670 0.00170095
4677 0.00025885599999999996
4678 1.7787900000000002e-06
4680 5.6494000000000006e-14
4681 0.00028723599999999996
4684 0.0027558000000000005
4688 1.69988e-07
4690 2.9572600000000002e-05
4695 0.00249551
4696 0.029422700000000003
4697 1.28652e-07
4698 0.021552099999999998
4700 0.018292700000000002
4703 0.762255
4704 0.00044184300000000003
4709 0.00642627
4711 2.10291e-06
4712 0.000438869
4713 0.0154263
4716 1.49558e-05
4717 7.76624e-05
4720 0.00175592
4721 0.197465
4724 0.000250936
4725 0.000559129
4726 0.0230599
4728 0.00676457
4729 0.0287728
4730 1.5834400000000002e-05
4731 0.00200204
4733 0.00539661
4734 0.000149679
4736 1.92517e-06
4738 0.0797192
4739 0.0246393
4740 0.043960900000000004
4741 0.000680099
4744 0.189068
4745 7.69199e-07
4749 0.000252159
4751 5.13381e-05
4752 1.7836800000000002e-05
4755 0.0107875
4756 0.0217739
4757 2.4639699999999997e-09
4758 3.99789e-05
4759 2.47304e-07
4762 0.00106433
4763 0.963952
4764 0.00419554
4765 0.811399
4766 0.173421
4767 0.00376311
4769 0.48333999999999994
4771 0.00153795
4772 8.367410000000001e-06
4774 2.74121e-06
4775 0.000703521
4778 0.0021434
4780 0.000603189
4781 0.00343862
4784 3.32699e-07
4787 7.46737e-05
4791 0.00132865
4795 0.08732519999999999
4798 0.00959114
4800 2.5769099999999997e-05
4802 0.00192409
4803 0.0242552
4804 0.00582081
4806 0.0006991110000000001
4807 0.052901
4809 5.39886e-11
4810 0.000754181
4811 0.702549
4813 0.000147714
4817 0.0012863
4819 0.00330079
4820 0.00277573
4821 0.007181
4822 0.00011711399999999999
4824 8.86983e-15
4827 2.66771e-07
4829 1.2419e-06
4833 0.00138606
4835 0.5051770000000001
4838 0.108411
4843 2.09043e-05
4844 0.00116194
4845 9.63992e-11
4847 0.836251
4851 1.48732e-05
4853 0.00128881
4854 6.864060000000001e-10
4855 0.034993800000000005
4858 0.06722189999999999
4860 7.00158e-05
4861 5.57222e-10
4862 0.026815
4864 0.121623
4865 0.00039644800000000004
4870 0.0320973
4871 0.000560398
4874 0.00527317
4875 0.00393137
4877 0.00636218
4880 0.00593642
4881 0.0246284
4883 0.0012798
4884 8.946290000000001e-05
4887 0.023793099999999998
4888 8.1642e-05
4889 0.0029776
4891 0.000640739
4892 0.139775
4893 0.0718556
4894 0.0007145319999999999
4899 0.700943
4900 0.016014700000000003
4901 0.000291319
4904 0.9297790000000001
4906 5.89637e-07
4908 0.0519599
4909 1.7111299999999997e-08
4914 8.028520000000001e-05
4915 5.267199999999999e-09
4917 0.6201260000000001
4918 0.00312783
4919 0.121245
4920 0.19888599999999998
4921 8.06707e-06
4922 0.00628484
4923 0.000149305
4924 0.0015234000000000003
4925 0.000567276
4927 0.0172659
4930 0.20952800000000002
4932 0.00376055
4933 0.00045499699999999995
4934 0.0006697410000000001
4937 0.016445400000000002
4940 4.98008e-05
4941 0.00048413
4942 0.000101687
4944 0.377494
4945 0.000141553
4947 0.008175700000000001
4949 0.554925
4952 0.00262205
4957 0.000228108
4959 0.339809
4964 0.00783842
4965 0.0007994030000000001
4969 2.8532700000000002e-08
4970 1.04941e-05
4971 0.00192024
4975 3.25022e-09
4978 0.0213718
4979 2.93102e-05
4980 0.00145294
4981 1.7091300000000002e-07
4988 0.00355085
4989 0.0010745999999999998
4993 0.000883958
4996 1.3477600000000002e-06
5000 0.992073
5002 2.78007e-06
5005 0.00045718
5008 4.1568e-12
5009 9.52455e-06
5010 0.00021003099999999998
5011 0.00181373
5012 0.0031474
5013 0.000144171
5015 6.0011899999999994e-05
5017 0.00741583
5019 0.007707600000000001
5021 1.0915e-06
5022 1.8411700000000002e-05
5025 0.00020203700000000002
5030 3.1916799999999996e-08
5031 0.916175
5034 0.00215604
5035 1.10141e-08
5038 0.00061784
5040 0.145852
5041 0.015011799999999999
5043 0.00148739
5044 0.265991
5046 2.94614e-05
5048 0.996624
5049 0.00257781
5050 0.000507826
5051 2.50343e-05
5053 0.00280888
5059 6.17042e-05
5060 0.00962953
5066 0.000388493
5069 0.00301517
5070 0.00016341
5074 0.0112074
5075 6.9717299999999995e-09
5076 0.10762999999999999
5080 2.82165e-05
5082 0.0107223
5083 7.624889999999999e-06
5087 4.740809999999999e-06
5088 0.00088133
5089 7.46351e-09
5091 0.00106178
5092 0.00218286
5095 0.00129352
5096 7.113560000000001e-06
5098 0.913436
5099 0.000208491
5100 0.000921629
5103 0.00104024
5105 0.000513885
5106 0.000392545
5109 9.00397e-09
5112 1.31842e-05
5113 0.00424278
5115 2.2183099999999998e-10
5117 0.00036957900000000003
5118 0.00011700700000000001
5119 0.466125
5120 0.8110649999999999
5123 3.3797199999999996e-05
5125 0.000650139
5126 0.000605847
5127 0.0131714
5132 0.00123653
5133 0.00023973900000000002
5137 7.191239999999999e-06
5139 0.00016456900000000002
5140 0.0076285
5141 0.015060299999999999
5142 0.08879930000000001
5147 3.75821e-08
5148 0.00213037
5149 0.000103406
5151 0.00104568
5152 0.00143081
5154 3.3972499999999995e-07
5155 1.48167e-07
5157 2.25035e-06
5158 0.000253194
5162 9.765089999999998e-06
5163 0.0396344
5164 4.10953e-10
5165 0.000134222
5166 0.00045696
5167 0.00275003
5170 0.00144118
5172 0.14611300000000002
5174 0.00377106
5178 2.65073e-07
5180 0.0027625999999999996
5182 0.00319056
5184 0.009528700000000001
5187 2.38522e-05
5188 0.0008756360000000001
5192 6.44165e-05
5193 0.00666809
5194 2.2635100000000003e-05
5196 7.81233e-05
5197 7.17266e-05
5198 0.31867399999999996
5200 5.61073e-05
5201 0.000836127
5204 2.72629e-07
5205 0.00384393
5206 0.0308015
5207 0.000119097
5211 0.9974940000000001
5213 2.6145199999999998e-05
5216 0.00324914
5218 0.00417069
5221 0.0363719
5225 0.00206109
5226 0.027021499999999997
5227 0.10800799999999999
5228 1.57746e-06
5232 0.775648
5233 0.0007202339999999999
5234 0.000237816
5235 0.0190915
5237 0.00126845
5238 3.1456999999999996e-09
5240 2.0649200000000002e-05
5241 7.606569999999999e-05
5243 0.00013453
5247 4.4734499999999996e-07
5249 0.0147468
5250 0.148174
5251 0.07377689999999999
5252 0.0109791
5255 0.00139265
5256 0.00037326300000000003
5261 0.00343004
5265 0.000273171
5266 0.00335598
5271 0.000774547
5272 1.21734e-06
5275 8.732950000000001e-05
5276 0.48079799999999995
5277 0.00048585699999999997
5279 0.00201443
5280 0.0014707000000000001
5282 2.96028e-12
5284 0.072776
5286 0.00270192
5287 0.00125887
5289 1.39226e-06
5291 0.0005974730000000001
5294 0.761558
5295 0.00812711
5296 0.0734646
5299 0.701117
5300 0.0006891730000000001
5301 0.974181
5302 0.0007769439999999999
5308 0.011059999999999999
5309 8.26546e-11
5313 0.00690916
5316 0.00160772
5317 1.6040099999999998e-07
5321 0.000447148
5322 0.00141711
5323 0.00120744
5324 2.43813e-08
5329 0.0477503
5330 1.9861400000000003e-05
5332 0.000662855
5333 0.0006689010000000001
5334 0.019759799999999998
5335 0.000117054
5339 4.61931e-05
5341 0.0138065
5342 0.00165469
5347 0.105677
5353 0.0115662
5354 0.00017051900000000003
5356 9.598870000000001e-05
5357 0.040365
5359 0.000490847
5361 0.000180131
5362 0.016958400000000002
5364 2.16135e-15
5366 0.0053558
5372 0.000623492
5375 0.025590900000000003
5376 0.00529671
5377 0.00805784
5381 0.00560907
5382 0.000328711
5386 0.0255709
5390 0.00025680900000000004
5392 0.0526249
5394 0.00229229
5399 0.00803476
5400 9.12097e-05
5401 4.3861600000000004e-07
5402 0.000827752
5403 5.48264e-06
5409 0.00035781699999999997
5411 9.7137e-06
5412 0.06852910000000001
5415 0.00799396
5422 2.11455e-06
5425 0.000563567
5426 0.107206
5427 0.00340807
5428 3.41606e-05
5432 3.76448e-05
5435 0.00215842
5437 4.3633e-06
5442 0.00147919
5443 0.00482922
5444 3.02824e-07
5446 0.129778
5447 0.000892346
5449 0.00323162
5452 8.36787e-07
5456 0.000325986
5458 0.000202318
5459 0.125083
5460 0.00573142
5462 9.990719999999999e-05
5463 9.91895e-07
5464 0.000459692
5466 0.304708
5468 0.000905274
5472 0.00595517
5473 0.0013856
5474 0.00378567
5476 0.00048811199999999996
5477 0.0043837
5479 3.8306399999999996e-05
5480 0.9921200000000001
5482 0.00015769799999999998
5484 3.50939e-05
5488 0.000561557
5490 0.001147
5491 0.000596364
5492 0.20349
5493 3.1811e-07
5494 0.00388683
5495 7.10908e-14
5498 0.00512167
5500 0.00353547
5501 3.6368800000000006e-06
5502 0.0174748
5503 0.998218
5504 4.48983e-06
5505 0.484229
5506 4.0007e-05
5512 0.00690479
5513 0.0929662
5516 0.998441
5520 2.82308e-05
5523 0.00112146
5525 0.015743899999999998
5528 0.00117398
5529 9.04172e-05
5532 8.834299999999999e-05
5533 0.0449967
5534 8.27444e-06
5537 0.00698134
5538 0.000958077
5540 0.9977389999999999
5543 0.0007349539999999999
5545 0.000521167
5546 0.016277899999999998
5548 0.0677897
5551 0.00034110099999999996
5553 6.61873e-05
5555 0.00846615
5556 0.00177241
5557 0.000287624
5558 6.46588e-05
5560 0.301977
5561 0.802004
5562 4.74783e-07
5564 0.00494252
5565 0.00303969
5567 0.033968599999999995
5569 0.000117292
5570 0.000911554
5571 0.0198673
5572 0.00618857
5575 3.33046e-11
5578 0.0023933000000000005
5580 0.00016651
5581 0.014800200000000001
5587 0.000574554
5589 0.00877457
5594 9.967e-06
5595 0.08297230000000001
5596 4.00114e-05
5597 0.0020111
5598 5.4616099999999994e-05
5602 9.424129999999999e-05
5604 1.7991e-06
5607 0.00164944
5610 0.00176679
5612 8.977940000000001e-05
5616 0.00273088
5617 3.23031e-05
5619 0.982398
5621 0.000106406
5622 0.00770547
5623 0.00037447
5626 0.0281657
5627 0.00034640800000000003
5628 0.00690875
5632 0.784125
5633 0.00517424
5634 0.0638434
5635 2.85673e-06
5638 0.0536761
5642 0.30685300000000004
5643 0.000195291
5646 0.000929523
5649 6.9611399999999996e-06
5650 0.00347489
5651 0.000384836
5656 0.00398633
5659 0.00025474
5661 0.00469007
5663 0.000543739
5665 0.00108607
5666 0.0267596
5667 0.00034769900000000003
5670 0.012862899999999998
5671 8.274989999999999e-06
5673 0.00024954599999999996
5675 0.000275035
5677 0.0526769
5678 9.46503e-06
5681 9.044229999999999e-05
5683 0.995599
5684 0.11668900000000001
5688 7.014330000000001e-10
5689 0.000216148
5690 6.44826e-07
5691 0.026710700000000004
5692 0.00105065
5694 8.90055e-07
5698 0.00052667
5703 0.0245796
5706 0.00014418700000000002
5707 0.00107311
5708 0.153821
5709 0.7967850000000001
5711 0.00015211899999999998
5712 0.000931618
5717 0.00314446
5720 8.01555e-05
5721 0.00282516
5722 0.00508434
5724 0.000859
5725 0.00101453
5726 6.748770000000001e-05
5727 0.00188504
5733 0.00895901
5734 0.038501099999999996
5737 3.7880100000000003e-05
5739 3.2410300000000004e-05
5744 1.80818e-08
5745 0.340486
5746 0.000379019
5748 0.05021180000000001
5750 0.0989814
5751 6.23371e-05
5753 0.0714209
5754 0.0278971
5758 0.00018517099999999998
5759 0.00467381
5763 0.000203902
5766 0.0799811
5767 0.011026600000000001
5770 3.40983e-06
5771 0.00032937699999999995
5772 0.010208700000000001
5774 0.073898
5775 1.95263e-05
5776 0.000223243
5777 0.44271099999999997
5778 0.0005021569999999999
5785 0.0038088
5787 0.274559
5792 0.000970796
5793 0.00010434299999999999
5795 8.356399999999999e-07
5797 0.00371498
5798 0.0617081
5800 0.00165647
5801 0.0107887
5802 2.9257099999999996e-06
5804 0.211265
5807 0.021168
5808 0.000593119
5809 0.0103553
5810 0.00010352
5816 3.33221e-06
5820 1.71238e-07
5822 0.000743321
5823 0.000338894
5827 0.030645099999999998
5832 8.314299999999999e-07
5833 0.433483
5834 4.7469400000000003e-07
5835 0.0156793
5837 5.32388e-05
5842 0.000155213
5844 2.7037599999999996e-06
5846 0.11358499999999999
5847 1.6211199999999998e-05
5848 0.9534290000000001
5849 0.0329305
5855 3.13948e-10
5857 0.00809353
5858 0.00780548
5862 0.000782116
5865 0.13636900000000002
5866 0.0251199
5869 0.0007390060000000001
5870 2.8481e-05
5871 0.600436
5872 2.63673e-09
5876 0.062468600000000006
5880 0.049435599999999996
5882 0.0366095
5883 0.00145495
5886 1.15303e-05
5887 0.0006251319999999999
5890 0.180825
5891 0.000398504
5892 0.00602149
5896 0.00306762
5898 0.00419518
5900 0.0603781
5902 2.01246e-05
5904 0.00016768
5907 0.0332414
5913 0.00256164
5915 9.86374e-09
5916 0.000497442
5921 0.022466200000000002
5922 0.0062338
5924 0.019832699999999998
5925 0.375658
5926 0.00068334
5927 1.2242799999999999e-05
5929 1.89489e-06
5931 0.0955088
5932 0.00204848
5933 0.000136457
5934 0.0190418
5935 0.000768578
5936 0.0007885139999999999
5937 6.82714e-05
5939 0.0398532
5941 0.0175255
5942 0.00603354
5943 0.0116298
5944 0.311188
5945 0.013401099999999999
5946 0.00355203
5949 3.6836800000000007e-06
5950 2.3584299999999997e-05
5953 0.0152709
5955 0.000362269
5957 0.00011728799999999999
5958 0.0005906290000000001
5959 3.83486e-06
5962 4.8395e-09
5965 2.11439e-06
5966 0.00183833
5967 0.00550595
5969 0.00350993
5972 0.00031351400000000003
5973 0.137103
5974 1.84072e-06
5976 0.0152445
5977 4.12067e-09
5978 0.00198347
5982 0.00154259
5986 0.000104906
5987 0.00421213
5993 0.013699200000000002
5994 0.21689299999999997
5997 0.00806625
5999 1.40654e-06
6002 0.032579500000000004
6003 2.47518e-06
6006 0.00130481
6007 0.00684993
6008 0.905602
6010 0.0981905
6013 0.00733809
6014 2.9870700000000002e-05
6015 0.799794
6016 0.00035728
6017 6.787439999999999e-07
6019 8.614540000000001e-05
6021 0.000386485
6022 0.0312042
6024 4.57394e-06
6031 0.00652608
6032 0.453058
6034 0.000177612
6036 0.0196902
6037 1.19203e-05
6039 0.00187585
6040 0.00128298
6044 0.0009285999999999999
6047 0.0045303999999999995
6048 4.19507e-05
6049 0.0810068
6050 0.00797569
6051 3.62717e-05
6052 2.06786e-06
6053 5.063850000000001e-09
6054 0.637316
6056 0.000264646
6057 0.000320398
6059 0.261233
6060 0.0163348
6063 8.68562e-10
6064 8.240730000000001e-07
6068 2.23631e-05
6072 0.16154100000000002
6075 1.59866e-05
6076 0.0347061
6077 0.000413209
6080 1.60052e-11
6081 0.0717709
6082 0.000257505
6083 7.06473e-05
6085 0.0583158
6086 0.31909499999999996
6087 0.00042851699999999995
6090 2.56793e-08
6092 0.000841748
6093 0.00726862
6094 0.00186809
6099 5.56299e-05
6101 0.34515100000000004
6102 0.00241806
6106 0.00230061
6109 0.00140102
6110 0.00365224
6112 0.00182232
6113 0.00814454
6114 0.013881200000000002
6115 0.0688962
6116 3.52679e-11
6118 0.23019699999999998
6119 0.000628967
6121 1.4444100000000002e-07
6122 0.265836
6126 0.00104003
6127 0.00213071
6132 6.66714e-14
6137 2.27869e-05
6138 2.63854e-05
6142 0.00277369
6143 0.00996298
6144 1.5607200000000002e-05
6145 0.170819
6147 0.0178704
6149 0.00226292
6152 0.000780784
6154 0.00215994
6155 0.000626656
6157 0.013355500000000001
6160 6.62309e-05
6164 0.0106651
6165 0.655717
6167 0.00467605
6168 0.00496207
6169 0.00113036
6173 0.00240245
6178 0.0514615
6182 2.9043000000000003e-05
6186 0.0031910999999999997
6191 5.2808e-06
6192 0.781662
6193 0.00154234
6194 4.84329e-06
6195 0.0019255
6197 0.00219613
6199 0.8552209999999999
6200 0.105528
6204 0.00198042
6205 4.85102e-05
6207 0.00621338
6211 0.025829700000000004
6213 0.00229431
6217 0.000508601
6226 0.00229311
6227 0.00038838800000000004
6228 0.000135697
6231 0.057871900000000004
6232 0.0470103
6237 0.0161933
6239 0.000590906
6242 8.54241e-06
6244 0.00015553
6245 1.95002e-05
6246 0.029221499999999997
6248 0.016406599999999997
6253 3.88594e-06
6255 0.024635900000000002
6256 5.20075e-06
6257 0.00787072
6263 4.5699e-13
6265 2.3128e-06
6266 0.000213521
6268 3.69261e-13
6271 0.00135415
6273 0.013816
6274 0.000495662
6278 3.7496199999999998e-06
6280 6.78595e-05
6283 0.00010603799999999999
6287 0.00284685
6288 0.0116428
6292 0.7333390000000001
6293 0.023646900000000002
6294 0.000110946
6297 0.00036469599999999997
6298 0.000165201
6302 4.82966e-06
6303 3.01191e-07
6307 0.00980077
6308 5.0411e-07
6310 0.0963464
6311 0.00080976
6312 0.840392
6313 0.00088546
6315 0.00167527
6316 5.9306e-07
6317 0.230648
6322 0.00400991
6324 2.5390100000000003e-05
6326 3.59535e-08
6327 0.000243003
6328 0.00033818199999999997
6331 3.4580100000000005e-05
6332 0.0007875860000000001
6333 2.8354499999999998e-08
6334 0.000100957
6336 3.8241900000000003e-07
6340 1.03367e-06
6342 0.0006569910000000001
6343 0.12379200000000001
6345 0.000640709
6347 6.39089e-06
6354 0.00313156
6356 3.12318e-07
6358 0.049930199999999994
6359 0.0214613
6360 0.00716711
6361 0.21681399999999998
6364 0.10928399999999999
6365 0.0959355
6368 0.00145162
6370 0.00279747
6372 1.5580200000000003e-06
6373 0.0011201
6376 0.00404106
6378 8.90463e-05
6379 2.45317e-06
6380 0.00322885
6383 0.0013723
6384 0.0153695
6386 0.000152637
6388 0.000315909
6389 0.0008218710000000001
6390 0.00178029
6393 0.00890117
6394 6.2452200000000005e-09
6397 1.45048e-05
6399 0.00544317
6401 0.162967
6402 0.000218509
6403 0.00319811
6405 0.000986942
6406 4.13542e-05
6407 0.00167493
6408 1.82823e-05
6410 0.148989
6412 0.9923069999999999
6413 0.638916
6414 0.00102242
6415 5.29405e-05
6416 0.00333483
6420 0.011995200000000001
6422 0.00010927
6423 0.014728
6426 0.00115021
6431 0.0721891
6432 0.00147308
6435 0.106966
6439 3.02411e-07
6441 0.019344
6446 0.00252282
6451 1.88578e-08
6452 0.000591884
6453 0.00252394
6454 5.75449e-05
6457 5.52077e-05
6460 0.0127919
6461 0.0284358
6464 0.000744355
6467 0.9969370000000001
6469 0.0418326
6471 0.00215766
6477 0.0485851
6478 0.00135596
6479 0.000185949
6481 2.94894e-05
6485 0.000467646
6487 0.00154873
6489 0.00516341
6490 0.00382626
6491 6.957110000000001e-12
6493 0.000269328
6494 3.0965300000000003e-09
6496 0.000935275
6498 6.4266499999999995e-09
6500 0.0124023
6502 3.36508e-07
6504 0.0211958
6505 9.65313e-05
6508 0.013462299999999998
6510 1.67986e-05
6511 0.00045872
6513 0.00010048899999999999
6514 0.11540299999999999
6516 0.037798000000000005
6517 0.0443259
6518 0.81957
6521 0.5652659999999999
6522 0.00247392
6525 0.00568623
6526 0.00848108
6527 0.05352180000000001
6528 0.6553399999999999
6531 0.180457
6533 3.68614e-10
6535 4.14912e-09
6537 1.2528499999999999e-05
6539 0.342934
6540 0.000493584
6541 0.00563447
6544 0.7279720000000001
6545 2.11231e-05
6546 0.0120675
6552 0.00502787
6554 0.00502142
6555 0.0009512839999999999
6557 2.67412e-09
6558 0.00106263
6559 0.011449700000000002
6561 1.87775e-05
6563 0.00923452
6566 6.78961e-05
6567 0.00027159
6568 0.00107704
6571 0.00022407599999999997
6573 5.7614899999999996e-05
6574 0.000539278
6577 4.8713999999999995e-05
6579 0.389703
6580 0.140185
6581 0.6227659999999999
6582 0.13253800000000002
6586 0.00722013
6589 0.00893265
6590 0.00121035
6591 0.00672672
6592 0.005375199999999999
6594 0.511454
6596 3.28108e-06
6598 0.00771446
6600 9.82985e-06
6601 0.000715142
6604 7.03184e-07
6607 0.0573472
6608 0.993475
6613 0.10839000000000001
6614 0.0950569
6615 0.00810497
6616 0.0642086
6620 0.8897010000000001
6623 0.00169508
6624 0.0386564
6629 0.364773
6630 0.000690265
6633 0.000511219
6634 0.00012481799999999998
6639 6.565869999999999e-08
6640 9.35734e-09
6641 2.45306e-14
6642 5.09184e-08
6644 0.000608861
6646 0.00190715
6649 0.00032691700000000003
6650 4.3014599999999997e-08
6651 0.00718612
6653 2.12131e-07
6655 0.00015339799999999998
6656 0.000477489
6659 0.154076
6662 0.052142499999999994
6663 0.008111199999999999
6665 0.00252503
6669 0.00146085
6672 0.00187482
6675 0.00280613
6676 5.0057e-05
6680 0.000452286
6683 4.987399999999999e-07
6685 0.000145146
6686 0.00020021
6688 2.39718e-08
6691 4.8247299999999995e-05
6692 0.00450036
6693 0.000115788
6700 0.058771500000000004
6701 0.994308
6705 0.00415297
6710 0.0337471
6711 0.00566184
6712 8.399290000000001e-07
6713 0.11104000000000001
6715 0.0007665780000000001
6716 2.09403e-08
6717 0.00973742
6720 0.987146
6721 0.00234996
6723 1.70151e-05
6724 2.9163200000000002e-05
6728 0.0753267
6729 0.00703728
6732 0.052627
6733 0.0008235839999999999
6737 0.931132
6741 3.76138e-05
6742 7.23485e-05
6743 2.9753700000000004e-06
6744 0.0407634
6745 0.00835714
6746 0.0127244
6749 1.3646e-07
6750 0.00129494
6752 1.4730700000000002e-08
6754 1.69064e-07
6756 0.00176088
6757 1.91568e-05
6758 0.000118059
6763 2.0418e-06
6764 0.00170729
6767 0.10231699999999999
6770 0.0563766
6771 0.00022866599999999998
6774 7.215399999999999e-07
6775 0.675304
6776 0.176576
6778 0.0256281
6779 0.019681599999999997
6780 0.000669585
6785 0.00244975
6787 0.0400189
6788 0.031438299999999995
6790 0.000247096
6791 0.000671244
6792 0.015054399999999999
6793 0.0007392989999999999
6795 0.00903413
6796 4.53934e-05
6798 0.000487184
6801 0.000105196
6804 0.153548
6807 0.21131399999999997
6809 0.00332949
6811 2.14348e-05
6812 0.000384881
6815 0.000147586
6816 0.5224310000000001
6817 0.00604028
6818 0.608159
6820 0.000106864
6823 0.0803485
6826 0.00166877
6830 0.000522456
6831 0.9912690000000001
6832 1.30043e-06
6834 3.7935e-08
6837 0.00091576
6843 0.0111725
6846 0.00466337
6851 0.005573399999999999
6853 8.14483e-06
6854 0.000300299
6856 0.00285634
6857 0.0181143
6861 0.409089
6863 0.00556986
6870 6.829850000000001e-05
6871 5.348970000000001e-09
6872 0.00012129
6873 0.00298298
6875 0.00022223
6877 0.000131356
6879 0.00560479
6881 0.00292567
6882 0.035587
6885 0.00100558
6888 1.51655e-08
6889 2.49738e-05
6890 1.93692e-05
6891 0.00268042
6894 0.150502
6895 0.00732599
6897 0.00422247
6898 0.042159800000000004
6901 0.000960993
6902 0.00252437
6904 0.00178803
6905 0.0043619
6906 0.016278
6907 0.0242897
6913 7.751189999999999e-05
6915 0.0674892
6920 0.000503469
6921 0.00902106
6923 0.00021459999999999998
6925 0.020841
6926 0.00320297
6927 8.211629999999999e-09
6928 0.000483478
6929 3.36324e-12
6936 0.00411418
6937 0.00239619
6938 0.000621804
6941 0.000293799
6942 0.9991760000000001
6946 1.50844e-08
6951 8.43472e-06
6954 0.0186155
6955 9.18039e-05
6957 0.0156959
6960 3.4911300000000003e-12
6961 0.000125231
6964 0.061653099999999995
6967 6.26847e-05
6969 3.14887e-05
6970 0.00128667
6973 0.000709055
6974 0.0126962
6975 0.859808
6977 1.15716e-07
6978 0.000338772
6979 4.26775e-11
6980 0.00285538
6982 0.0882385
6984 0.000322604
6985 0.0710831
6986 0.00498426
6991 0.00305241
6992 0.00156298
6993 0.9990379999999999
6996 0.0017772000000000003
6997 1.60365e-06
6998 0.0305733
6999 7.33921e-13
7000 0.034430300000000004
7001 0.000331413
7005 0.979929
7010 0.998698
7012 0.0155082
7013 0.79815
7014 0.00030869599999999996
7015 4.8284199999999995e-08
7017 0.032547700000000006
7019 0.000640709
7024 0.034046
7026 0.000237867
7027 2.45319e-05
7028 0.14363
7030 0.87877
7032 0.00556987
7034 0.000790861
7037 2.37171e-05
7041 1.90065e-06
7043 0.00101484
7044 0.102309
7047 0.00121389
7051 0.59668
7053 0.00397774
7055 0.00399952
7057 0.00420464
7060 0.233582
7061 0.0146816
7063 1.1736e-08
7066 0.00223545
7067 0.00881524
7069 0.00019485900000000003
7076 5.41726e-10
7081 0.00696716
7082 0.00068552
7083 0.00166223
7085 0.00128266
7087 0.771396
7091 1.5329000000000002e-05
7094 0.041192599999999996
7096 7.94159e-05
7098 1.18524e-06
7099 0.00416942
7102 0.000132619
7103 0.0499224
7106 0.00203361
7107 3.02821e-05
7110 0.00262801
7111 0.000176357
7112 0.00072329
7115 0.999135
7116 0.0497912
7118 0.138973
7119 0.031702
7120 0.0268692
7124 0.9097299999999999
7126 0.0192287
7127 0.00106224
7131 0.9987459999999999
7134 0.0761887
7135 0.00048815
7136 0.24092399999999997
7137 0.13156800000000002
7142 0.00684033
7143 3.7838499999999998e-06
7145 7.591760000000001e-08
7151 0.00130399
7155 6.44663e-12
7156 0.00364206
7157 3.8222500000000005e-06
7158 0.0228601
7160 0.995575
7161 0.00023168
7164 1.8721699999999998e-07
7169 0.0975531
7170 0.0119027
7171 0.103654
7173 0.000318439
7175 0.00122248
7176 0.00731663
7178 0.0393112
7179 0.00982023
7181 0.00410856
7183 7.48668e-05
7186 0.060610500000000005
7188 6.727489999999999e-08
7190 3.8396300000000004e-05
7192 0.00100954
7195 0.028486200000000003
7196 0.00310029
7198 0.0245271
7199 3.01993e-10
7201 0.250052
7202 0.0030976999999999997
7203 0.0008330869999999999
7206 7.71952e-07
7207 0.0160374
7209 7.551749999999999e-06
7218 0.0742873
7220 0.0310038
7221 1.61083e-05
7225 0.00569167
7226 2.86846e-05
7228 0.00390294
7229 0.000387191
7231 0.000767404
7232 0.43879799999999997
7233 2.94062e-08
7235 0.898126
7237 0.07665419999999999
7238 3.7027500000000003e-09
7239 0.00888368
7240 0.000133025
7242 0.00099704
7246 0.000606844
7248 0.00043453400000000004
7251 0.000219851
7252 0.051681
7253 0.004256800000000001
7254 1.21444e-05
7255 0.18043
7257 8.224379999999998e-09
7262 0.000841925
7264 0.00230375
7265 0.000145957
7267 0.000773758
7268 0.00233965
7269 0.00114638
7272 0.00357027
7273 0.000676085
7277 0.000247231
7278 0.00171964
7281 0.00191923
7282 0.00606786
7286 2.52813e-06
7287 0.00036999699999999995
7288 6.19019e-08
7290 1.2923900000000002e-05
7291 2.09481e-09
7293 0.0103133
7301 0.000115905
7303 0.00299246
7304 0.00200722
7306 0.0148518
7307 4.68766e-06
7309 0.9983850000000001
7310 0.124456
7312 0.00535
7313 0.384252
7315 0.0117124
7316 0.00315119
7317 0.022030599999999997
7319 0.0360291
7320 0.732241
7321 0.0103441
7324 0.257201
7326 2.8697900000000006e-06
7328 0.000965102
7331 7.164810000000001e-06
7332 0.00265074
7333 0.00318007
7335 0.0504194
7337 0.00769258
7338 0.5064489999999999
7339 9.52807e-06
7340 8.861960000000001e-07
7341 3.0609e-05
7342 0.06668020000000001
7345 0.57826
7347 0.007047399999999999
7348 0.000329332
7349 0.000405342
7352 0.00943788
7353 0.00303381
7354 4.76108e-07
7355 0.00214507
7357 3.93986e-06
7358 0.0012950999999999998
7360 0.00724956
7362 2.07996e-05
7364 0.00164595
7366 0.125576
7367 2.40204e-05
7368 0.000106297
7371 0.627526
7377 7.09024e-05
7378 0.027079500000000003
7379 0.000947112
7380 0.013227200000000001
7382 0.0006811689999999999
7384 0.012928700000000001
7386 0.00179116
7387 2.42705e-08
7391 0.13383299999999998
7392 0.00402128
7393 0.11306400000000001
7395 0.00103707
7397 0.000888263
7399 2.83283e-06
7400 0.00042408699999999997
7401 5.05649e-05
7402 1.5328e-07
7403 1.4666600000000002e-09
7404 0.0506444
7405 0.000628954
7406 0.018790900000000003
7407 0.017463299999999998
7409 1.0078000000000001e-06
7412 0.014545600000000002
7415 3.86086e-05
7418 4.51949e-06
7420 0.0382584
7423 2.3113800000000001e-07
7426 4.26346e-13
7428 0.06271209999999999
7429 1.25696e-05
7430 3.54784e-05
7434 0.000399999
7440 1.07416e-05
7441 2.5390999999999998e-11
7442 0.04631830000000001
7444 0.10809
7447 0.801529
7450 0.000940295
7452 0.0005177669999999999
7453 0.00906945
7455 5.99047e-07
7456 0.0270355
7459 0.0222401
7462 1.5376499999999999e-10
7463 0.000171455
7464 0.000365665
7469 3.63164e-05
7471 0.0103067
7472 0.00960445
7473 0.00298426
7476 0.159477
7478 0.00264658
7485 0.00113444
7487 4.0042000000000006e-06
7488 0.471049
7492 0.000187929
7494 0.0811776
7495 0.00131518
7496 0.00364229
7499 0.00678639
7500 0.00722433
7501 0.0096814
7502 1.25661e-07
7504 0.00016604
7505 7.99279e-06
7507 0.010398600000000001
7508 0.000607085
7509 0.00501782
7510 0.00505027
7512 0.00517441
7514 0.0485399
7515 0.00135605
7516 0.00239545
7518 0.000274982
7520 0.000768822
7522 0.0862038
7529 0.956168
7531 0.053312599999999995
7532 0.00433115
7534 3.1386300000000004e-08
7539 1.29606e-05
7541 0.933414
7542 3.52662e-06
7545 0.000132385
7548 0.08738860000000001
7549 0.8371780000000001
7550 0.058451699999999995
7552 0.000132556
7553 0.00140317
7554 0.000449817
7556 2.32058e-07
7557 5.9810600000000006e-05
7560 0.012229299999999999
7561 0.000154389
7562 0.01737
7564 0.056629099999999995
7567 0.00250786
7569 0.00839149
7573 0.00762783
7574 4.89869e-05
7577 0.00807779
7580 2.5570700000000002e-05
7581 0.00570973
7582 0.0185987
7583 0.00257547
7584 0.00243197
7587 0.000299774
7588 0.000773163
7589 0.00012574100000000001
7591 2.3563299999999998e-06
7593 0.000283785
7595 0.00448162
7596 6.425550000000001e-05
7597 0.8028029999999999
7598 0.0627215
7599 3.1894200000000004e-05
7602 1.83271e-06
7604 0.00610784
7607 0.8722989999999999
7608 0.022065599999999998
7609 0.00273412
7610 0.0648024
7613 0.000295072
7616 0.00028372900000000003
7617 0.000124795
7620 0.000233562
7623 0.00504176
7625 0.00109362
7627 0.310134
7628 0.00084825
7630 2.28499e-16
7632 0.000324199
7634 0.10970099999999999
7635 7.052640000000001e-05
7636 0.00162836
7638 0.288331
7641 1.86503e-06
7643 3.56813e-07
7644 0.8335309999999999
7645 0.0009480360000000001
7646 0.832462
7648 0.00865801
7651 4.700439999999999e-05
7652 0.00639837
7658 0.6795479999999999
7659 3.4128400000000003e-05
7660 0.0157653
7661 5.10152e-07
7665 0.000122002
7669 0.00039903199999999996
7674 4.47834e-05
7676 0.00729978
7681 5.7403100000000006e-05
7684 0.00151118
7686 0.00253093
7689 0.053358
7690 9.448139999999999e-05
7693 0.00021344
7695 0.00424616
7698 1.95548e-10
7700 0.0120201
7701 1.01527e-05
7703 0.618015
7706 0.06829249999999999
7707 0.0359024
7708 0.00036639199999999994
7710 0.017396400000000003
7711 0.0920378
7714 0.00240299
7716 0.000711273
7717 7.442060000000001e-05
7719 0.033841
7722 0.262577
7725 0.8120229999999999
7726 0.000720545
7728 0.00468106
7730 0.0901807
7733 0.00103346
7734 5.545649999999999e-07
7737 5.6874300000000005e-05
7738 0.663443
7739 0.026839699999999998
7741 3.9971599999999995e-05
7744 0.000211841
7747 0.000349663
7750 0.00143506
7752 0.018710400000000002
7755 0.000201035
7756 0.0037764000000000005
7757 1.61519e-07
7759 0.00272277
7761 9.93382e-07
7764 4.463080000000001e-06
7766 0.0201437
7769 0.00528244
7770 0.00562749
7771 1.54871e-08
7774 0.000402571
7778 0.00407951
7780 0.0009465319999999999
7782 0.00365581
7783 0.000327969
7784 0.00412485
7785 0.044198
7787 0.000446185
7788 0.00303921
7789 0.00170874
7792 0.00539908
7794 0.00324012
7796 0.005692
7797 3.63109e-05
7800 0.00045621
7801 0.07273339999999999
7802 6.209890000000001e-05
7804 0.09474819999999999
7805 0.012271500000000001
7806 0.0137988
7807 0.00493634
7808 0.0348912
7811 0.000559435
7816 0.000739871
7817 0.000771294
7818 0.00922297
7822 0.00384877
7823 1.7765299999999998e-06
7825 2.33974e-06
7827 4.08103e-06
7828 0.0009110189999999999
7829 0.00017696
7830 0.128103
7832 0.000394899
7835 5.71231e-06
7837 5.66449e-07
7839 0.0343986
7842 5.3075600000000004e-05
7844 5.84375e-07
7846 0.00017391099999999998
7848 0.0159958
7849 0.000121263
7850 0.000102709
7851 0.000146509
7852 2.8363200000000003e-05
7858 0.00531331
7860 0.967944
7861 0.000140756
7862 0.0207655
7866 0.0356451
7867 4.26239e-06
7870 0.00513863
7871 0.000723424
7874 0.10802300000000001
7875 2.0383e-05
7879 0.0012747
7880 0.00029383400000000003
7881 0.000607766
7882 5.72451e-07
7887 0.00321008
7888 0.000103732
7891 0.022419400000000003
7892 0.321913
7893 0.0130701
7894 2.30407e-10
7895 0.00207198
7896 0.051325699999999995
7903 0.0434212
7904 0.0324168
7906 9.43903e-07
7907 0.00210165
7912 2.11694e-05
7913 0.198106
7917 0.00334758
7918 0.111881
7922 0.016385
7927 6.87042e-05
7929 0.00229958
7930 0.080419
7934 1.0284200000000002e-10
7936 0.0010595000000000001
7937 0.00089457
7938 0.00035866800000000003
7941 0.00046948800000000006
7942 0.0472181
7944 0.000837795
7945 4.7290399999999996e-07
7948 0.00466189
7949 0.000213849
7951 7.01099e-05
7952 0.00211948
7955 0.107135
7957 0.00277283
7960 1.876e-06
7961 0.0071206
7962 0.00732622
7965 0.0125264
7966 0.00383072
7967 0.00040753800000000004
7969 0.008265100000000001
7972 0.00113185
7973 2.57592e-07
7975 0.00184902
7977 0.000425625
7978 0.373707
7981 0.0128285
7982 0.00832182
7983 0.727937
7985 0.0226274
7986 0.0126021
7988 0.025447499999999998
7989 0.00914865
7990 0.000520091
7992 0.00268841
7993 8.713129999999999e-08
7994 0.0169557
7995 9.373280000000001e-08
8000 0.00124891
8003 0.00027345
8006 0.00296298
8007 0.996761
8010 0.0507004
8011 2.2142600000000004e-05
8013 0.0253402
8014 0.0492477
8015 4.45098e-05
8016 9.43509e-06
8018 0.00992262
8020 0.000510512
8021 0.181991
8022 0.000592589
8025 0.030534500000000003
8027 0.09008769999999999
8028 0.00150705
8030 3.38715e-06
8034 0.0007957239999999999
8035 0.02561
8038 0.00589292
8039 0.0168211
8041 0.025916599999999998
8045 0.043018400000000005
8046 0.95185
8047 0.00242896
8050 0.0113167
8052 0.0028805999999999997
8054 5.4264399999999995e-05
8055 2.57461e-07
8056 0.00257828
8058 0.000866786
8059 0.000573455
8065 0.00369262
8066 7.21256e-05
8070 0.00217062
8071 0.0741748
8073 0.31845999999999997
8074 0.925141
8077 0.00224179
8078 0.000432726
8080 0.00235033
8081 0.00362905
8088 1.1962899999999998e-06
8089 0.0381231
8090 8.06714e-05
8092 0.000116893
8094 0.0622061
8097 1.22194e-05
8099 5.72979e-09
8102 0.0239533
8104 0.00530269
8109 0.0236634
8110 0.00069699
8111 0.0029750999999999996
8113 0.00329317
8114 0.0008051260000000001
8118 6.42562e-05
8119 0.00200703
8120 0.141353
8123 0.347373
8124 0.00748106
8126 0.00738338
8128 0.956752
8129 0.00016428599999999998
8131 0.00188302
8133 0.00106583
8134 1.98602e-07
8135 0.00122499
8136 0.000316515
8143 0.000278265
8145 0.00216785
8146 0.12138499999999999
8147 0.00161267
8148 1.52204e-11
8149 2.4020900000000002e-05
8152 0.00354172
8153 0.042527300000000004
8154 1.0300999999999998e-05
8155 0.00244229
8156 0.00120929
8157 0.054729599999999996
8158 0.00401466
8161 5.4677e-05
8162 0.017456799999999998
8165 0.000177872
8167 0.0406321
8170 0.00685564
8172 0.00141213
8176 0.00180761
8178 0.00949499
8179 1.77368e-06
8181 6.17713e-07
8182 0.054192599999999994
8183 5.1950299999999996e-05
8184 0.06800419999999999
8185 0.000195233
8187 7.79676e-06
8192 0.00597047
8193 1.0198199999999999e-07
8194 8.49857e-05
8195 0.00583325
8196 0.00167176
8198 1.2046800000000001e-05
8201 0.00860704
8205 0.043841399999999996
8206 0.0522812
8207 0.000607784
8210 0.00333586
8212 0.0103068
8214 3.94945e-05
8215 0.00291933
8217 0.053089300000000006
8219 2.59551e-05
8221 0.958667
8227 0.111588
8228 0.000197453
8230 0.0006249140000000001
8231 0.000554413
8233 0.00302741
8234 2.09409e-05
8237 0.0013727000000000001
8238 0.00200719
8239 0.00185492
8240 0.000225829
8242 0.123116
8243 4.5442099999999996e-08
8245 0.041814699999999996
8246 1.93747e-05
8247 5.87302e-05
8249 0.0007478680000000001
8255 0.974223
8256 0.000108381
8257 0.00109664
8259 0.514382
8264 0.00018992099999999999
8265 0.00280197
8266 5.73388e-05
8267 0.00221069
8270 0.000106398
8271 0.47972
8273 0.0796815
8274 7.49448e-07
8276 0.00110826
8277 5.77203e-05
8278 7.147640000000001e-09
8283 8.16375e-06
8286 0.028462099999999997
8287 0.000333348
8288 0.000777667
8289 0.00830396
8290 0.000526855
8291 0.000118909
8298 0.00117545
8303 0.0176905
8304 0.000578655
8305 0.000179145
8308 0.00134374
8309 0.00165279
8314 0.00247562
8321 0.0727663
8324 0.270507
8325 0.004947600000000001
8328 0.000161648
8330 0.458417
8331 2.4434299999999997e-05
8333 1.74532e-05
8334 5.632090000000001e-06
8337 0.000306986
8339 0.00989134
8340 0.000226632
8343 1.22194e-05
8344 0.000613892
8347 0.00275003
8348 1.1692200000000002e-14
8350 0.00482375
8352 0.00012634
8353 1.76463e-06
8354 0.0669378
8356 0.000331085
8357 6.38991e-05
8358 0.00013734200000000001
8361 3.2559899999999996e-09
8362 0.653465
8363 0.00483032
8366 1.7705399999999998e-05
8367 0.539112
8369 5.87446e-09
8371 4.14037e-05
8373 0.000248365
8375 0.011945299999999999
8377 0.000117621
8378 1.37902e-05
8379 0.00274427
8380 0.028181
8382 0.0199429
8383 0.0335149
8389 0.039314800000000004
8392 0.0278572
8393 1.32966e-05
8394 0.00601131
8395 0.0165746
8396 0.000497367
8399 0.013587100000000001
8400 0.00265566
8401 0.784325
8402 0.00986054
8404 0.00036989300000000004
8405 3.30653e-06
8406 0.0103293
8407 0.0649419
8408 0.00014107
8411 0.0037431999999999995
8412 0.000147696
8414 0.000608216
8417 0.00540722
8418 0.00846302
8419 0.00165331
8420 9.965450000000001e-05
8421 3.8037199999999994e-06
8428 0.022724599999999998
8431 0.00023532099999999998
8432 0.000117494
8435 0.0008473630000000001
8436 0.0372749
8439 0.00393208
8440 0.0137077
8441 0.000291067
8446 0.00435115
8447 1.1836200000000001e-06
8448 0.00609498
8451 3.1548000000000004e-05
8455 0.0549367
8457 1.10324e-06
8458 0.00164517
8459 0.00231586
8460 0.141565
8463 0.0435684
8464 0.00186998
8469 6.21755e-05
8471 0.00549025
8473 4.16579e-08
8474 0.00282623
8476 0.00126102
8479 0.000361335
8480 0.00212154
8481 0.040337599999999994
8486 0.013117799999999999
8487 0.000552994
8488 0.00130984
8489 0.000808877
8490 0.00561
8491 0.0475726
8493 0.00491516
8496 0.0119943
8497 2.18191e-05
8500 0.000790812
8501 0.00121957
8504 0.000584332
8505 0.0361961
8507 0.976417
8508 1.6093600000000001e-12
8510 0.00832081
8511 0.996367
8515 0.9791610000000001
8516 0.00437073
8520 0.00149574
8525 0.000928914
8527 0.00812897
8528 1.6073599999999998e-05
8531 5.80737e-05
8532 2.0517199999999997e-05
8537 0.00896693
8538 0.00294741
8539 2.82216e-07
8540 0.990663
8543 0.00757291
8544 0.033960699999999996
8545 6.049220000000001e-09
8546 4.28815e-05
8547 2.41109e-05
8548 0.00952206
8551 0.9495680000000001
8552 0.010184899999999998
8554 0.00038645300000000004
8555 0.00010958
8560 0.000268516
8561 6.99279e-07
8563 0.123447
8565 0.000103436
8566 0.162731
8567 0.0015448
8569 0.00015547
8570 8.11163e-05
8571 3.00694e-05
8574 0.00852644
8575 5.08643e-07
8577 0.00175311
8578 0.00269694
8579 0.00154431
8580 0.0022478999999999997
8583 0.00237267
8589 1.4373799999999999e-07
8590 0.000623724
8591 7.679010000000001e-06
8593 0.00042019
8594 0.000374327
8597 0.00020744400000000001
8598 0.000835647
8599 0.00157089
8600 0.0423004
8603 9.73333e-05
8605 0.00212481
8609 2.4802e-06
8611 0.00251125
8613 0.000459033
8614 0.000154483
8616 0.00018365900000000002
8619 0.0010617
8622 2.2538900000000003e-06
8623 0.00019430400000000002
8625 6.5895e-05
8626 0.00019989900000000002
8627 0.0582732
8629 0.00059752
8630 0.00125655
8631 7.079249999999999e-06
8632 7.39187e-05
8634 0.014433600000000001
8637 0.00019996
8640 2.1045799999999998e-05
8641 0.0131553
8642 0.00035146099999999996
8643 1.3049000000000003e-09
8646 0.00015908
8648 0.092538
8649 0.000103173
8650 0.00309059
8651 3.49061e-05
8652 0.00036298099999999996
8656 4.29326e-07
8657 0.00136873
8658 0.0909199
8659 4.273939999999999e-05
8660 0.064828
8661 0.000754671
8662 1.59279e-14
8664 0.00451151
8666 0.032831400000000004
8668 0.00152209
8669 0.043695
8671 0.0473298
8672 2.6966e-05
8673 0.766304
8674 1.0617e-05
8675 0.000553235
8677 9.31587e-06
8678 0.00161629
8679 0.00100963
8681 0.076658
8682 0.000218507
8684 2.03687e-05
8685 0.000114307
8686 0.000618726
8689 7.16721e-05
8693 1.65086e-06
8694 0.09117339999999999
8696 2.22118e-05
8697 0.0121072
8700 1.8669e-05
8703 4.16598e-10
8704 1.9626e-06
8705 0.0103362
8707 0.011362899999999999
8708 0.052867
8711 0.012421399999999999
8712 0.0008221589999999999
8714 2.5369999999999998e-12
8715 9.77733e-05
8719 0.195455
8721 0.0012944
8724 0.00193615
8726 0.0126243
8729 0.00185242
8734 0.041886599999999996
8735 0.0251995
8736 0.140655
8737 1.38284e-07
8740 0.00146958
8743 0.00183845
8745 0.0574389
8746 0.0250784
8751 0.0614471
8754 0.0369242
8758 0.0005018269999999999
8761 0.234566
8762 0.0179704
8763 9.17305e-08
8765 0.47988500000000006
8767 1.10156e-05
8774 0.0098255
8777 5.94666e-08
8778 0.00412756
8779 0.000249325
8780 0.00160778
8781 0.000211578
8782 2.74455e-06
8785 0.00264567
8786 0.19786700000000002
8787 1.4993099999999999e-09
8788 9.79044e-06
8789 6.581619999999999e-07
8791 2.17792e-06
8792 7.91216e-06
8795 0.000905486
8797 0.00977011
8798 0.0006911910000000001
8800 0.00019723400000000002
8802 0.000284217
8803 0.00108482
8804 0.00369144
8807 0.42707
8808 0.0008144469999999999
8812 0.132127
8816 0.0194153
8818 0.000939611
8820 0.14544200000000002
8821 0.00362527
8824 0.011529000000000001
8825 1.59474e-08
8827 0.281211
8828 0.105726
8829 2.22311e-06
8830 0.00045911300000000003
8832 0.000178281
8834 0.00530733
8839 0.801415
8842 0.000233379
8844 0.00317915
8845 2.7129600000000002e-05
8846 7.42845e-07
8850 0.0145816
8851 0.0146749
8852 0.030780500000000002
8853 7.32763e-05
8855 0.00023340900000000001
8857 0.00108216
8860 4.83578e-05
8861 0.000279899
8863 0.000751442
8864 0.00015184200000000001
8866 0.00386172
8868 0.330849
8869 0.000140982
8870 2.86076e-10
8875 0.000265389
8877 0.0015239000000000001
8881 3.00578e-09
8882 0.00283534
8887 0.157654
8889 0.000207238
8893 0.00267239
8894 0.000267655
8895 0.007375
8896 1.71639e-05
8897 0.044343
8898 0.038512199999999996
8899 0.0178848
8901 0.00149955
8902 0.00117242
8903 0.00124155
8904 0.022843099999999998
8906 0.00190604
8907 0.0813346
8908 3.965119999999999e-06
8910 0.000162085
8912 3.72632e-08
8915 0.00115782
8916 0.030141300000000003
8918 0.000529541
8922 0.350082
8924 4.04373e-07
8925 3.26952e-06
8928 0.0280236
8934 2.10045e-15
8935 2.33055e-09
8937 5.8399999999999997e-05
8938 0.000138391
8941 0.0009750280000000001
8945 0.184395
8946 0.000756446
8947 0.00471409
8949 6.97196e-05
8950 4.47294e-12
8952 0.0898539
8954 0.393788
8956 4.597310000000001e-13
8957 0.000421195
8959 0.000344203
8963 0.0705197
8964 0.000595769
8972 1.7023e-08
8974 0.00011596200000000001
8977 0.00079328
8981 2.00143e-09
8984 0.000158448
8986 1.2566800000000001e-05
8990 0.00194366
8991 0.018776499999999998
8992 0.000423549
8993 0.00287498
8994 0.0791206
8996 0.000622685
8998 0.000376578
9001 0.000112832
9003 0.017997
9008 0.00359778
9009 0.00742521
9010 0.00022998900000000002
9011 0.027692599999999998
9012 0.000153519
9013 0.005868600000000001
9014 0.00563872
9017 0.0115219
9021 0.000582231
9023 2.6627e-06
9025 0.000389364
9026 0.00105994
9028 0.800733
9030 0.000123881
9031 0.00119231
9033 0.00181415
9038 2.94737e-05
9040 0.39268800000000004
9041 4.46567e-06
9043 0.00209315
9044 0.000627076
9046 0.0258332
9047 0.0342519
9050 0.00021679099999999998
9052 0.000175345
9054 0.00218043
9055 0.27378600000000003
9056 0.00816077
9057 1.0981000000000001e-06
9061 2.80322e-05
9062 0.000772204
9065 0.0257969
9067 0.00039724
9069 0.00733441
9070 0.00141746
9071 1.44387e-06
9074 0.0188327
9075 0.00881691
9076 0.000626755
9077 0.0240383
9081 0.00235106
9082 0.00110424
9083 1.74981e-05
9084 0.00928292
9088 0.00206566
9090 0.00021339099999999998
9092 0.0010925999999999998
9093 2.6372800000000003e-05
9095 0.00079196
9096 8.29361e-06
9097 0.000509253
9101 0.307677
9102 0.0342287
9103 0.028790100000000002
9104 0.37385100000000004
9107 0.000294068
9109 0.07370449999999999
9110 0.0203139
9111 4.1559799999999995e-05
9115 0.344575
9118 0.00072834
9119 0.00012811700000000002
9120 0.00320916
9122 0.00146499
9124 0.0621322
9125 0.0224929
9127 0.00759697
9130 0.000485116
9132 0.00381158
9134 3.60924e-05
9135 0.995877
9137 9.49622e-06
9139 0.00300761
9140 0.494083
9142 2.76475e-05
9143 0.00042968300000000004
9145 0.000177509
9146 1.49203e-05
9149 0.00162505
9152 0.0561904
9154 0.00495951
9156 1.3441900000000001e-05
9158 3.06038e-12
9164 0.11400199999999999
9165 0.00118395
9167 5.53148e-14
9169 0.000106024
9170 0.000238155
9171 0.00487468
9172 0.28287399999999996
9176 0.00668721
9182 3.51118e-05
9183 5.90127e-12
9188 1.1349100000000001e-05
9190 2.09007e-05
9198 0.9989790000000001
9199 0.000359522
9201 0.00527611
9203 0.00015884299999999998
9204 0.0587755
9206 0.00746465
9207 0.005176300000000001
9210 0.00146228
9211 1.51601e-13
9216 0.00038638400000000003
9217 1.16868e-07
9219 0.0796745
9220 0.582344
9222 0.000948475
9223 0.0166874
9225 0.12704400000000002
9226 4.57858e-06
9228 0.0638075
9229 0.17913800000000002
9231 0.00199357
9232 0.8255110000000001
9233 0.00515673
9234 6.04779e-07
9235 0.025792700000000002
9237 0.342443
9240 5.54051e-05
9241 0.00922766
9243 1.1034299999999999e-06
9248 0.0377573
9253 0.00342785
9256 4.3475300000000006e-12
9257 0.000492845
9258 0.901028
9260 3.66083e-05
9261 0.030804500000000002
9262 2.62493e-06
9263 0.145643
9264 0.000533433
9265 0.00842284
9266 0.00294047
9267 0.000640089
9274 1.93173e-05
9275 0.00503737
9276 0.00414863
9277 0.00020534200000000001
9280 0.804255
9284 0.056544500000000004
9292 0.00312974
9293 0.178144
9294 0.0206226
9297 0.0375175
9298 6.78577e-05
9300 0.14538900000000002
9301 0.00175119
9302 0.000111809
9304 0.017474200000000002
9305 0.9983860000000001
9310 0.00206107
9311 0.169247
9313 4.8956000000000004e-05
9314 0.00706402
9317 0.260209
9319 4.16211e-06
9320 0.00365265
9321 2.59646e-05
9322 0.0120989
9328 0.00451552
9329 2.14504e-05
9332 0.00630492
9335 0.00117196
9338 0.00504078
9340 0.00013675
9341 7.41355e-05
9344 0.410602
9345 0.000941008
9346 3.9532e-05
9352 0.0326108
9353 0.00901152
9355 0.996397
9356 7.076350000000001e-05
9357 9.43371e-05
9360 1.8647899999999998e-05
9361 0.0204547
9363 0.00021414400000000002
9364 0.00512555
9366 7.551100000000001e-09
9367 0.049482
9369 0.0242065
9370 0.946674
9372 4.5716499999999995e-05
9376 7.76389e-05
9379 0.00216464
9380 0.044955199999999994
9381 3.8600400000000006e-06
9383 0.000252648
9384 0.0211002
9385 0.000627343
9387 0.00281981
9390 3.59311e-11
9391 0.00627137
9395 5.0696399999999995e-08
9396 0.013730200000000001
9397 0.000510211
9399 8.15423e-05
9400 0.0201607
9402 0.0721729
9403 0.000990315
9404 0.0051937
9415 0.0198567
9416 4.54485e-06
9423 0.000713714
9425 0.00893706
9426 0.000593077
9427 0.0405418
9428 0.036523599999999996
9430 1.9788e-06
9431 2.54444e-05
9435 0.008846600000000001
9436 0.16403399999999999
9441 0.113927
9442 4.2158e-08
9444 9.115129999999999e-05
9447 0.996878
9449 0.0009693589999999999
9450 0.00117299
9451 4.80664e-11
9452 9.39867e-05
9453 7.09477e-05
9462 1.7364100000000002e-05
9467 0.000647131
9471 0.028652499999999997
9473 0.00151866
9474 6.233869999999999e-05
9475 3.83821e-05
9478 0.00666878
9482 0.000185252
9483 4.38614e-12
9485 0.00219295
9486 0.00749194
9487 0.0711177
9489 0.013847
9492 6.56453e-06
9493 0.670678
9495 0.0044441
9498 0.000102494
9501 7.08e-05
9503 0.028201999999999998
9505 0.00108581
9506 0.000882301
9509 0.7032390000000001
9510 3.2153199999999997e-06
9511 0.048606199999999995
9513 0.00331273
9514 0.00822068
9521 0.000499703
9522 6.8342600000000005e-06
9525 6.7241e-05
9529 0.0171521
9530 0.000862155
9534 0.41818599999999995
9535 0.00280919
9536 2.00523e-07
9538 0.0359494
9539 0.0750842
9544 8.67413e-05
9547 0.00123839
9548 2.5586e-06
9552 2.95414e-06
9553 9.01234e-07
9554 0.00369318
9555 0.00231573
9556 0.00486666
9559 0.771357
9561 0.00622391
9563 0.733793
9564 0.143896
9569 0.0320021
9570 0.0366801
9572 0.180833
9574 0.00184744
9575 7.02344e-07
9578 0.00301378
9581 0.000158276
9582 0.0258441
9583 0.00932785
9589 7.06154e-05
9590 0.00046415599999999997
9592 0.00449532
9593 7.32688e-05
9594 0.00211183
9595 0.00373315
9599 0.00441154
9601 0.00685437
9602 8.94044e-06
9604 0.000336735
9606 0.08191110000000001
9607 0.0150534
9608 1.09855e-06
9610 0.006562100000000001
9612 0.000942879
9616 1.55465e-05
9622 4.20036e-06
9624 0.000123577
9625 0.0011541
9626 0.00137657
9628 0.00248874
9630 0.011367799999999999
9631 0.0136328
9632 0.00013126299999999998
9633 0.00729136
9635 0.00829496
9639 0.029314099999999996
9640 3.45781e-09
9642 0.345578
9643 0.00376953
9645 0.0048467
9646 8.911160000000001e-09
9648 0.008924799999999998
9651 0.00047589999999999997
9652 3.0231999999999997e-09
9653 0.00136942
9657 0.0864043
9660 0.00446225
9661 0.0507994
9662 0.00015178200000000002
9663 0.00934332
9665 0.328882
9669 4.2035800000000004e-07
9672 0.00703763
9673 0.000170476
9674 0.000174828
9675 7.62163e-06
9677 0.165649
9680 4.2051499999999995e-05
9682 2.35351e-06
9683 0.00015146799999999998
9688 0.00031775
9689 0.0156797
9690 0.00164538
9694 0.0038726
9696 0.00672512
9697 0.00036136800000000004
9701 0.00305389
9704 0.030409
9705 0.8610059999999999
9708 0.000834012
9714 0.00938623
9715 0.000497484
9716 3.6324699999999996e-14
9720 5.98342e-12
9722 0.17515799999999998
9723 1.16348e-05
9725 0.728617
9727 0.00047999999999999996
9728 6.49545e-05
9730 0.226727
9731 1.25393e-09
9736 0.00019223799999999998
9739 0.016342500000000003
9740 2.50614e-06
9741 0.16121300000000002
9742 0.64145
9744 0.00174708
9750 0.0646026
9751 6.69227e-05
9752 0.221532
9753 0.00796896
9757 5.527719999999999e-06
9759 2.09721e-06
9760 0.000128977
9765 3.6431100000000004e-05
9766 0.00014981
9768 0.00874076
9769 0.0048102
9770 0.00139576
9771 0.0055295000000000006
9775 7.18607e-09
9777 0.00336075
9779 0.00371428
9782 0.032514999999999995
9783 0.308477
9784 0.0008548830000000001
9786 0.0196046
9787 0.000354871
9788 0.9948319999999999
9791 0.000823834
9793 9.59451e-05
9795 2.09142e-05
9798 0.00560994
9799 0.000465666
9802 0.00216741
9803 0.0110367
9804 0.0317281
9806 0.00401385
9811 4.14896e-05
9812 0.114325
9814 6.86341e-06
9815 0.00103306
9817 0.050582
9818 3.62349e-05
9820 5.97138e-06
9821 6.39759e-07
9824 0.000242411
9826 9.943870000000001e-09
9827 3.0253199999999998e-06
9829 0.00115027
9835 2.09477e-06
9837 0.000263395
9838 0.00021857
9840 2.18035e-06
9843 0.108222
9844 8.6545e-05
9846 0.012937299999999999
9847 0.00835766
9849 0.0151063
9850 0.00974922
9853 0.021676499999999998
9854 0.000489981
9856 0.0123488
9857 0.0346029
9861 9.74549e-05
9864 0.00424395
9866 0.989237
9871 0.000793733
9873 0.00011675100000000001
9875 0.0104514
9876 2.50979e-14
9883 0.0408084
9885 0.0902586
9888 0.0260949
9889 0.00387619
9890 7.65172e-05
9891 0.00306607
9892 0.000383816
9893 0.0007079769999999999
9895 0.00038952199999999995
9899 0.000204379
9901 0.00543992
9903 0.00638162
9906 6.901659999999999e-05
9907 0.000288812
9909 4.50001e-06
9910 0.00348741
9912 0.00034442800000000003
9914 0.00136855
9915 0.0008670660000000001
9916 0.00315528
9919 6.385390000000001e-05
9921 0.00418136
9922 2.39909e-05
9924 0.024434099999999997
9925 0.000110159
9927 0.00014812
9928 0.840031
9929 0.00094631
9930 0.00386456
9931 0.0806753
9933 4.5470200000000004e-05
9934 0.0210873
9936 0.00401438
9937 0.0141809
9941 0.000560474
9943 0.000156305
9948 0.37821
9951 0.00759647
9952 5.71164e-05
9953 0.99774
9956 7.93987e-08
9957 0.00443787
9960 0.000151247
9962 0.0404589
9963 0.49328
