1 0.00011803100000000001
2 3.7318199999999996e-07
3 4.87234e-05
4 3.14108e-05
6 1.09976e-05
8 3.2261099999999998e-06
10 7.48624e-05
11 0.00466083
13 0.184711
14 2.9202499999999997e-06
15 7.00928e-11
18 4.63801e-06
22 1.59631e-05
25 0.000164277
27 7.6376e-06
28 6.13284e-08
29 1.4143e-07
31 3.80972e-09
37 2.08048e-07
38 6.564019999999999e-15
40 1.0
43 0.00286913
45 3.64311e-07
49 0.00030696
53 0.00013609899999999999
54 5.126130000000001e-10
55 1.23625e-08
56 0.000807523
57 1.0
58 5.7220500000000006e-06
59 4.7756e-06
62 0.000486455
67 8.055239999999999e-10
68 1.0
69 1.68854e-05
70 9.21699e-07
71 5.44407e-11
74 4.4922e-09
75 0.00026969200000000003
76 6.29861e-07
79 2.9893099999999994e-08
80 0.000131839
82 3.8371600000000004e-09
84 2.0898099999999998e-07
85 7.27398e-05
86 0.000604943
87 0.000182935
88 0.00011903200000000001
90 0.000156211
92 1.16147e-05
94 8.84527e-09
96 0.00288255
97 8.2801e-07
98 1.3398699999999999e-06
100 3.20878e-08
103 4.1527999999999994e-06
105 0.00013655200000000002
106 1.0
108 5.06275e-06
111 0.00016264399999999998
114 3.8728e-05
115 0.508575
116 1.84105e-06
119 1.31522e-07
124 2.53413e-06
126 0.000245145
127 0.0447274
128 1.16304e-06
135 2.50388e-06
136 0.00201831
137 0.023119
139 6.834960000000002e-14
144 0.00784042
145 1.7991999999999999e-06
148 1.0
149 2.44309e-07
151 8.731139999999999e-05
152 5.94657e-11
155 4.16922e-07
157 3.60037e-06
160 3.39742e-05
166 4.92101e-06
167 3.6053000000000003e-13
168 0.000130101
172 4.6866e-10
175 1.1076500000000001e-05
176 0.06788510000000002
178 3.3955300000000005e-08
179 1.36005e-05
181 1.4071600000000001e-05
182 0.00173202
183 1.44757e-07
185 1.50145e-06
186 0.626472
188 1.83042e-12
191 7.7039e-06
195 5.1249000000000004e-08
196 4.1759300000000005e-07
197 8.66212e-08
199 1.0
201 1.46064e-11
202 0.000244281
204 1.18395e-07
205 7.30918e-05
206 0.000240521
212 1.2001900000000001e-05
213 1.3904100000000001e-05
216 7.432039999999999e-12
217 1.07081e-05
223 4.66094e-06
226 0.000293301
227 0.139318
230 1.28154e-08
231 1.15553e-07
234 2.35412e-08
237 0.00312348
238 1.5180199999999999e-05
239 8.124889999999999e-12
240 1.8073e-09
243 3.1213299999999997e-13
247 2.62213e-06
248 9.92414e-05
252 2.99008e-09
253 2.21517e-10
254 5.925729999999999e-06
255 1.15614e-05
258 0.00639214
260 3.91455e-09
261 7.314349999999999e-14
264 2.9066100000000003e-05
265 1.02641e-06
267 0.000159379
271 0.000599544
272 0.00473371
273 0.00113672
274 0.999999
277 2.2964000000000002e-05
279 0.000606412
280 7.336360000000001e-07
281 1.0440300000000001e-07
283 3.6089199999999997e-16
284 5.8817700000000005e-09
286 0.00716157
287 6.949769999999999e-07
290 0.0456305
291 9.51183e-08
292 7.81054e-05
293 1.02758e-07
295 0.263942
297 5.17662e-05
299 7.3172899999999995e-06
300 7.01242e-05
301 5.60951e-07
309 0.9999979999999999
310 2.74716e-05
313 8.62261e-09
314 1.65093e-06
315 0.00231912
316 3.07341e-06
319 7.10617e-05
324 3.78979e-05
326 0.8736649999999999
327 2.42482e-06
330 0.0009243410000000001
333 1.00255e-11
335 3.48833e-05
339 1.5074400000000001e-05
341 6.78875e-10
342 3.0769e-05
345 4.4002200000000004e-05
346 9.832709999999999e-05
348 5.0467699999999996e-14
350 2.3120700000000003e-09
351 6.42509e-10
353 3.72716e-11
356 0.000292001
357 0.9994350000000001
358 1.36878e-11
360 2.7478500000000003e-06
361 4.1968800000000006e-10
362 1.54254e-05
364 4.67117e-19
365 0.9975200000000001
366 1.34412e-06
368 0.000395241
369 0.000473942
371 0.000267508
375 7.35839e-05
376 0.00043337
377 0.0008416669999999999
378 2.82264e-07
383 0.999999
384 1.2807399999999999e-07
385 2.5632599999999997e-08
386 8.92633e-05
388 0.00202046
389 0.00023308
390 4.37866e-07
392 1.2525999999999998e-05
393 0.00503764
397 3.19071e-07
398 4.2358800000000005e-07
399 8.28125e-12
401 3.02908e-07
402 1.36901e-06
405 0.00207824
409 0.00644264
410 8.735260000000001e-06
412 0.000415192
413 1.8871e-05
414 2.56143e-09
415 1.52443e-08
418 3.64735e-05
421 1.73148e-07
422 1.48499e-07
423 2.22427e-05
425 3.09294e-08
426 0.865721
429 1.40308e-05
432 0.00199962
434 3.75681e-05
436 0.9997959999999999
437 3.59445e-06
440 1.80306e-06
441 2.23608e-10
442 6.044430000000001e-09
444 1.3372e-05
445 1.52118e-06
447 0.000111313
449 4.7849600000000003e-05
451 3.6835000000000004e-06
452 5.83466e-06
453 4.52646e-08
455 3.24258e-05
456 1.10561e-08
457 0.00040821900000000003
458 4.7393699999999995e-06
465 7.41442e-07
466 0.00280084
467 5.49514e-12
471 9.4441e-06
472 1.0
473 0.00069963
475 9.51203e-06
478 1.5448500000000001e-06
479 0.00295197
481 0.000595699
485 1.34962e-05
487 5.08699e-07
488 1.2443999999999999e-08
490 2.03743e-05
493 9.963200000000001e-05
495 0.737962
497 2.4890700000000002e-14
502 0.000785621
504 0.000312335
505 3.8257500000000004e-08
506 5.30461e-06
507 2.70697e-06
510 4.62569e-06
511 2.96021e-07
512 8.824220000000001e-10
517 6.7426600000000004e-06
521 1.4402600000000002e-06
527 2.7375299999999997e-15
529 0.00041013
532 1.27361e-10
533 0.000887043
534 0.0149399
536 4.61192e-13
538 5.13961e-09
539 9.977489999999999e-05
542 2.73908e-07
546 4.8129e-06
547 0.000180858
548 1.3276199999999998e-07
551 0.010448700000000002
553 1.67885e-11
556 1.6973e-09
557 0.222152
558 0.000472535
560 0.0009735039999999999
561 0.999999
562 1.68618e-10
566 4.827399999999999e-07
567 5.52556e-10
568 1.12093e-08
569 0.9999979999999999
570 6.39104e-10
571 6.9548e-07
572 5.37065e-12
573 3.9006599999999995e-06
574 5.4932299999999996e-05
575 0.00016696900000000002
576 1.59746e-05
578 0.000139836
580 4.2812e-10
584 1.1862e-10
585 3.8184699999999995e-10
586 2.40985e-05
587 7.7933e-05
593 5.231990000000001e-10
594 5.24021e-08
595 4.73516e-06
596 0.000561422
600 0.012628700000000001
602 5.660509999999999e-06
603 5.30439e-06
604 1.50655e-05
606 1.11712e-06
607 1.3208399999999998e-07
611 4.81979e-05
614 7.2258e-15
615 1.74245e-05
616 0.00925152
617 1.2206e-05
618 2.2800300000000003e-05
621 9.83313e-06
623 1.2876300000000002e-06
624 2.25383e-08
627 0.000123449
629 4.91571e-07
630 1.7628400000000002e-12
631 0.00154265
634 3.05488e-06
636 3.4785000000000004e-10
638 5.51568e-07
639 0.052809
640 9.50182e-16
641 5.239940000000001e-06
642 0.000178456
643 0.000370901
644 5.085839999999999e-10
646 3.30047e-09
649 7.48748e-07
650 5.32562e-05
651 0.0767462
652 6.80018e-05
655 2.37213e-11
658 6.37268e-07
659 4.75912e-07
662 1.37875e-10
664 0.00548663
665 5.34966e-14
666 4.3253599999999995e-05
668 5.0130200000000005e-09
669 3.85983e-05
670 1.81799e-05
673 0.000107449
674 0.00024559
678 2.73939e-09
679 3.09394e-07
681 0.00641925
683 4.9095100000000004e-05
687 3.17882e-07
691 6.279030000000001e-08
692 2.10081e-05
693 1.1617499999999999e-07
696 2.21314e-07
697 1.1659700000000001e-07
698 1.54393e-05
701 0.00780571
703 5.077470000000001e-07
704 0.00020831099999999998
706 4.42074e-07
708 0.0007449160000000001
715 1.19715e-07
716 0.00018249099999999998
718 0.000244581
719 6.843189999999999e-10
721 7.07094e-08
722 2.25317e-07
723 4.9448e-08
724 1.9695e-07
725 0.00419574
727 1.18394e-08
732 6.949469999999999e-07
734 9.21843e-06
735 1.3961200000000001e-08
736 2.3617600000000003e-09
737 0.00157083
741 1.5421100000000002e-08
743 6.66974e-05
744 0.000141818
745 1.04607e-06
747 1.78687e-11
749 1.77326e-08
751 0.00147034
757 4.4110199999999997e-10
758 2.5571099999999997e-08
759 2.33453e-08
762 6.76173e-06
765 0.00340058
766 4.1108999999999996e-05
769 6.11796e-05
773 0.999208
775 1.3596600000000001e-10
778 1.2520999999999998e-06
779 0.9480069999999999
781 0.00547867
783 7.91937e-05
784 6.42573e-06
785 4.24347e-05
788 6.45644e-08
789 9.37021e-08
790 2.71945e-05
792 0.00024026
795 5.5242e-05
798 1.70113e-11
801 8.385180000000001e-12
803 3.29104e-05
807 0.00253722
809 2.88004e-08
811 1.52801e-11
813 5.77848e-08
817 0.000467675
819 4.00718e-08
821 0.999974
824 9.048769999999999e-08
825 9.08996e-14
833 9.75219e-07
835 4.53773e-12
836 6.990189999999999e-06
837 5.62664e-05
838 1.0
839 2.51372e-07
840 7.10709e-07
841 1.8148e-05
844 1.36377e-09
846 4.37695e-06
852 6.2101999999999994e-06
853 9.67401e-06
856 0.000606577
858 2.31266e-10
861 3.09292e-06
864 1.11935e-12
866 8.51024e-06
869 0.00347849
870 0.00022913099999999999
873 6.06402e-06
875 1.7541299999999998e-07
877 7.47444e-05
881 4.943750000000001e-10
883 5.90252e-08
884 0.9699709999999999
886 0.000116655
890 0.00371032
891 2.2230899999999998e-07
893 1.11527e-06
894 4.63494e-09
897 4.20965e-07
901 0.00081047
905 0.00833213
907 0.00279289
909 7.876939999999999e-05
910 1.5929099999999999e-06
913 0.00024441700000000003
914 0.000295726
916 2.30852e-13
922 1.2627000000000001e-05
924 1.13522e-12
925 0.9671420000000001
927 0.00523963
928 0.8653209999999999
930 1.1880100000000001e-12
932 1.0159999999999999e-06
933 4.73821e-05
938 2.02298e-06
939 0.014227799999999999
940 1.86088e-07
941 7.125010000000001e-06
942 2.45623e-10
944 0.000431935
945 1.10153e-08
952 0.00153887
953 3.16124e-06
955 0.000115585
956 0.00034282
957 0.986316
959 4.5328400000000005e-05
960 0.00578588
961 7.5998699999999995e-06
963 1.28613e-07
968 9.280639999999999e-10
969 0.00396921
970 1.9651499999999997e-06
974 3.2116999999999996e-09
975 1.60482e-05
976 0.00018073200000000002
978 4.63559e-05
979 1.59254e-05
981 0.000257387
983 0.000762097
984 1.7387e-06
985 8.989669999999999e-07
986 3.45669e-05
988 0.00305704
990 0.00401833
992 2.29671e-05
994 6.746770000000001e-09
995 8.63716e-06
998 3.8166400000000005e-07
1000 2.11524e-06
1003 5.577e-10
1005 2.0791700000000004e-09
1006 0.869035
1007 1.0164500000000001e-07
1013 0.00243004
1016 1.56115e-06
1019 2.5367599999999997e-06
1020 0.0007494310000000001
1021 5.39258e-09
1022 7.3585899999999995e-06
1023 1.1896e-06
1025 5.81051e-09
1026 9.9903e-06
1029 7.46427e-08
1030 2.43746e-09
1031 3.38995e-10
1032 1.36488e-08
1033 1.29087e-08
1034 6.4490099999999994e-06
1035 7.84645e-07
1037 0.00487966
1038 0.00233272
1039 5.85249e-07
1040 0.00192134
1044 0.00654449
1046 2.38903e-06
1047 7.39557e-07
1048 3.44078e-05
1049 0.000143766
1051 1.0
1054 0.000166738
1055 0.00020205400000000001
1058 7.49955e-05
1059 7.04042e-05
1063 2.75017e-05
1065 0.00267518
1067 1.25448e-07
1070 1.2502e-08
1075 0.000398365
1076 0.0008614639999999999
1080 5.69262e-07
1081 2.36848e-07
1085 7.303910000000001e-14
1086 0.00232447
1087 0.000270145
1088 6.99968e-06
1089 5.51384e-10
1090 1.8001e-06
1094 1.88732e-06
1095 0.000284115
1096 9.655939999999998e-16
1098 9.51665e-10
1099 8.38476e-06
1100 0.00033595900000000004
1103 6.86256e-05
1105 5.4717e-06
1108 0.0818696
1111 0.00020205400000000001
1114 0.000285772
1115 9.28659e-11
1116 0.00960074
1117 1.54948e-05
1118 0.00015047299999999998
1120 0.000489346
1122 0.999949
1123 8.53032e-05
1126 6.17001e-14
1128 3.5205800000000005e-06
1131 1.8915900000000002e-06
1132 0.000123421
1133 3.6373000000000003e-06
1134 9.64424e-12
1135 3.2416200000000002e-09
1138 3.63694e-07
1139 4.10267e-11
1141 9.888780000000001e-06
1146 2.48512e-05
1150 5.980720000000001e-09
1153 2.5731400000000002e-06
1155 6.3086e-06
1157 1.47642e-10
1159 0.00010337200000000001
1162 0.000140145
1163 1.02087e-06
1165 0.00846452
1167 0.00022806400000000002
1169 6.10788e-06
1173 0.000500122
1177 1.69928e-05
1178 2.19632e-08
1179 1.7873200000000002e-07
1180 0.00133016
1181 1.0
1183 4.10473e-06
1188 3.93255e-09
1189 4.5226600000000003e-08
1190 1.11508e-05
1193 2.6793299999999997e-08
1195 0.00173812
1196 0.999969
1197 3.0049699999999998e-05
1198 2.49907e-09
1202 1.08429e-06
1208 0.000233943
1210 4.12684e-05
1213 0.00669622
1216 0.00017555
1217 0.00300939
1218 3.12875e-11
1219 7.10479e-05
1220 1.3773199999999999e-05
1222 2.1828e-06
1223 1.36224e-10
1227 8.68988e-06
1228 6.240770000000001e-05
1232 0.00134041
1235 0.8240870000000001
1238 1.3781599999999999e-15
1242 0.0154863
1243 0.00011562600000000001
1244 2.23875e-05
1245 2.8931e-07
1246 0.00108623
1249 0.00088443
1251 9.93541e-05
1252 4.417210000000001e-09
1253 5.3881099999999995e-05
1255 0.000166745
1256 4.58178e-05
1257 1.01883e-05
1261 0.000186514
1262 1.0
1264 5.01057e-11
1267 1.69875e-09
1271 0.000104168
1275 0.9984870000000001
1276 5.72931e-06
1278 4.43848e-09
1280 3.23521e-07
1282 0.000525395
1283 6.62273e-08
1285 6.14252e-08
1291 1.0545899999999999e-07
1295 3.68834e-08
1296 2.3903599999999997e-14
1297 2.95462e-05
1300 0.07998200000000001
1301 3.70502e-10
1302 2.04784e-05
1303 4.52875e-05
1305 3.99665e-05
1306 3.63586e-06
1307 6.981470000000001e-07
1308 1.06967e-07
1313 4.46858e-05
1317 4.85954e-06
1318 5.89661e-08
1319 4.08894e-05
1320 3.49197e-05
1321 4.51188e-09
1322 1.1918e-05
1328 1.156e-05
1329 6.28669e-05
1331 1.6508800000000002e-09
1335 1.49015e-08
1336 5.16994e-15
1338 8.02515e-08
1339 0.00021245200000000002
1340 0.000317695
1342 0.00226342
1344 9.20924e-05
1347 7.5324e-05
1349 0.00137112
1351 9.269889999999998e-06
1353 5.22054e-08
1354 0.000187364
1355 2.4227e-06
1356 1.00834e-09
1357 1.6661900000000002e-09
1358 8.3471e-07
1359 3.10026e-08
1363 4.9844300000000005e-06
1366 1.41554e-06
1367 2.7578e-08
1368 1.23515e-05
1369 1.31304e-10
1370 1.69164e-12
1372 2.95493e-06
1373 7.0696700000000005e-09
1374 4.2396299999999997e-07
1376 8.950239999999999e-06
1377 4.5532700000000005e-05
1379 9.480639999999998e-09
1380 7.489789999999999e-05
1381 1.90734e-08
1382 3.27749e-05
1389 0.00176751
1391 2.1548700000000004e-08
1392 6.35143e-09
1394 6.19775e-06
1396 3.44179e-05
1398 0.000187751
1399 0.0258483
1401 3.4405300000000008e-06
1403 7.06087e-10
1407 3.0091199999999997e-05
1410 0.000261515
1411 5.04019e-07
1412 1.4011000000000002e-06
1415 0.00871086
1416 5.7746000000000006e-05
1417 3.94607e-06
1419 1.95824e-05
1422 4.19736e-08
1423 0.000584381
1424 1.26597e-06
1425 0.016125399999999998
1428 0.000239675
1429 0.00030421
1431 4.68976e-06
1433 6.790000000000001e-07
1435 6.040919999999999e-08
1437 1.1474600000000002e-06
1438 4.534e-05
1440 1.0
1446 1.9130500000000002e-10
1447 1.13782e-13
1448 9.743120000000001e-05
1449 1.13018e-07
1452 0.00029376799999999997
1454 3.70531e-05
1456 0.010740000000000001
1458 7.83909e-06
1459 9.238299999999999e-05
1461 6.55532e-05
1462 0.00384235
1469 0.00032788699999999996
1471 2.6354200000000003e-06
1473 0.000261867
1474 0.00010738
1476 4.4561899999999995e-13
1477 9.41795e-06
1478 1.96243e-05
1482 1.9523e-05
1487 0.0005648
1489 1.7343599999999998e-06
1491 1.7068599999999998e-09
1495 0.00647193
1496 8.53017e-20
1500 1.61812e-07
1502 8.256e-12
1503 1.75367e-08
1505 9.94418e-05
1506 7.79949e-06
1507 0.000133583
1508 0.000920848
1511 2.04824e-10
1513 3.0624e-06
1516 1.33674e-16
1518 4.68014e-08
1519 4.25937e-06
1520 0.00688681
1525 4.78754e-10
1527 3.38168e-06
1530 0.8028430000000001
1533 3.6898000000000005e-05
1534 0.000238958
1535 0.000143441
1538 2.62829e-09
1540 6.3762e-06
1542 3.8221499999999995e-06
1546 1.7690599999999998e-08
1547 1.94737e-13
1549 2.07645e-08
1550 2.5278999999999998e-08
1551 3.36431e-09
1552 8.9168e-10
1558 0.00019652599999999998
1560 4.43145e-11
1562 5.130509999999999e-06
1564 7.016669999999999e-06
1566 6.13128e-05
1567 1.73392e-08
1568 9.64968e-06
1569 8.71794e-06
1570 4.85925e-06
1572 2.20721e-11
1573 0.03319930000000001
1574 0.039840600000000004
1575 6.38085e-05
1578 5.54756e-08
1581 3.61258e-05
1583 0.000167298
1584 0.013337
1585 2.27829e-06
1587 7.30079e-09
1589 0.00037513900000000003
1591 1.31103e-08
1592 0.00034771300000000004
1596 0.00098832
1599 5.18536e-07
1600 9.6023e-06
1601 2.25843e-09
1602 3.35578e-07
1605 0.000614785
1606 5.48871e-11
1609 1.2006200000000001e-06
1613 2.1533899999999997e-09
1615 0.9985120000000001
1616 6.15851e-08
1619 4.2752199999999995e-10
1620 4.84906e-13
1621 9.226419999999999e-10
1623 3.55183e-07
1624 2.28039e-06
1625 0.000129016
1626 2.6069799999999998e-14
1629 0.000753885
1631 7.82159e-05
1634 3.0351799999999996e-06
1635 6.83615e-05
1637 0.0030957
1639 2.43698e-07
1641 8.146460000000001e-06
1644 9.0603e-07
1645 0.022953599999999998
1646 0.000172515
1648 5.4383300000000005e-06
1652 1.79418e-05
1655 8.11132e-05
1656 5.4775600000000005e-05
1657 1.05246e-05
1658 1.27442e-09
1659 1.9722200000000002e-07
1660 2.8838000000000003e-11
1663 3.89876e-06
1664 0.00422208
1665 4.374619999999999e-08
1666 1.01217e-05
1667 9.97101e-05
1668 1.26596e-05
1670 1.5265500000000002e-08
1671 0.000940654
1672 1.26374e-10
1674 1.7855200000000002e-06
1679 4.806760000000001e-09
1681 0.9997879999999999
1687 0.9498030000000001
1692 3.6822e-06
1694 6.9452e-09
1695 4.07283e-06
1696 2.09467e-06
1697 0.00111735
1698 2.86042e-07
1700 1.05413e-08
1701 1.69246e-08
1702 5.82487e-07
1703 0.000383516
1704 6.98566e-07
1705 7.02459e-06
1706 5.961990000000001e-06
1709 8.63207e-10
1710 4.63715e-07
1712 6.0465200000000005e-05
1715 0.000134884
1716 0.00034262699999999997
1719 0.9849040000000001
1720 8.58003e-05
1722 0.00341678
1728 0.000114716
1731 1.31388e-05
1735 5.92622e-05
1736 2.0551300000000002e-07
1737 1.89894e-13
1740 1.94767e-06
1742 1.2700300000000002e-07
1743 9.763580000000001e-06
1744 2.95242e-10
1745 0.00025749400000000004
1748 2.70544e-10
1751 6.503229999999999e-05
1753 0.000246018
1757 0.00010579
1760 5.65767e-06
1762 0.00224757
1763 0.000217075
1764 9.46733e-06
1767 4.26816e-05
1769 6.72737e-06
1770 1.37512e-06
1773 7.37625e-05
1774 0.00108887
1776 5.38626e-06
1779 3.61159e-06
1781 0.00222882
1783 5.49369e-05
1786 8.54166e-05
1788 5.451889999999999e-10
1790 1.08899e-05
1791 0.00146297
1792 0.0011725
1794 1.4960499999999998e-06
1796 2.63258e-08
1798 1.23615e-12
1802 4.89404e-06
1803 9.073729999999999e-08
1804 2.4660599999999997e-08
1805 1.4896e-05
1808 1.2019500000000002e-09
1811 3.7072400000000003e-07
1812 5.15615e-05
1813 0.00022852200000000002
1814 1.94842e-06
1815 1.59071e-07
1817 1.1815899999999999e-07
1819 2.95154e-06
1820 2.0511e-08
1822 6.29966e-07
1823 3.04886e-05
1824 1.9131900000000002e-07
1826 0.000214562
1829 9.42447e-05
1831 9.23666e-08
1835 1.56003e-07
1838 1.0647799999999999e-10
1839 4.34827e-07
1844 3.57442e-15
1846 0.000625156
1848 9.65788e-13
1850 3.58662e-05
1851 8.17316e-05
1852 5.11497e-05
1856 3.31009e-06
1857 4.74064e-07
1859 9.55461e-14
1863 9.05805e-10
1865 0.000271499
1866 8.307610000000001e-05
1867 1.57472e-06
1868 7.412019999999999e-07
1869 1.01774e-06
1871 5.54472e-10
1873 1.4114000000000001e-09
1874 1.18573e-06
1876 5.26038e-10
1879 9.36651e-05
1880 0.000385755
1883 1.92216e-08
1884 7.292569999999999e-05
1885 6.97128e-05
1886 8.72493e-06
1889 1.4565e-13
1890 0.0008294110000000001
1891 9.325519999999999e-10
1893 1.0812700000000002e-06
1895 0.000291307
1897 1.86648e-12
1900 2.6730799999999998e-05
1905 3.08486e-06
1908 3.7097900000000004e-10
1909 2.5232600000000003e-05
1910 0.950867
1912 1.20296e-17
1913 6.9748500000000006e-09
1914 4.70447e-07
1916 1.27396e-13
1917 0.000162941
1919 2.1034999999999998e-11
1921 0.000152449
1923 4.79063e-09
1924 4.99721e-08
1925 2.02251e-09
1926 0.47782299999999994
1929 1.19145e-15
1935 9.26943e-09
1939 0.000167821
1942 2.50528e-07
1943 0.0021241
1946 0.00791934
1947 0.00352958
1949 2.6598e-07
1951 1.74838e-07
1953 1.42083e-08
1955 1.77096e-05
1956 1.50816e-06
1957 2.3291099999999997e-06
1959 1.0
1961 4.91897e-06
1965 2.11545e-06
1966 2.792e-05
1967 1.0
1968 2.0404e-05
1969 4.1468500000000005e-05
1973 0.00177532
1974 0.000164272
1975 6.308440000000001e-06
1979 0.000460338
1983 2.14726e-11
1984 0.573022
1986 0.0062505
1987 1.57674e-07
1988 1.37002e-10
1990 2.30416e-05
1991 1.46037e-11
1992 1.77282e-07
1993 0.000775608
1994 2.62264e-09
1996 5.616770000000001e-09
1997 1.0
1998 1.46387e-10
2003 1.104e-07
2005 5.12317e-05
2007 8.79615e-12
2008 7.15924e-14
2009 1.33659e-07
2010 9.47318e-08
2013 2.5685100000000002e-05
2014 1.27285e-06
2016 0.00848079
2017 1.68098e-05
2018 2.6689699999999996e-07
2026 2.6602e-06
2028 0.000716559
2029 1.3042e-06
2031 2.6186200000000003e-06
2032 6.51342e-06
2033 0.00201831
2035 1.1345399999999998e-08
2038 0.00401095
2040 9.922610000000002e-10
2041 2.47627e-06
2044 0.9999979999999999
2046 0.00011196700000000001
2048 0.000132591
2050 2.26474e-05
2052 2.63901e-07
2053 3.2863300000000004e-08
2057 8.29446e-06
2059 7.28549e-08
2060 8.96763e-06
2062 1.926e-06
2065 0.00162589
2066 2.91585e-05
2071 7.30875e-05
2072 2.91779e-05
2073 1.126e-05
2074 9.629030000000001e-06
2075 4.2887300000000003e-07
2076 0.000217609
2077 2.4093e-05
2078 1.16507e-14
2079 0.00011594
2080 1.4000199999999999e-07
2081 1.46604e-08
2084 2.4625599999999997e-06
2085 0.0008543260000000001
2087 2.7175900000000002e-05
2089 2.1606999999999998e-13
2092 0.00487356
2093 4.80129e-09
2097 0.00227848
2100 1.17313e-05
2103 1.0
2105 6.59846e-13
2106 4.21537e-08
2107 0.0123958
2110 4.23017e-05
2111 1.71889e-05
2113 4.16738e-06
2115 0.000186285
2118 7.2075300000000004e-06
2119 5.517330000000001e-06
2121 0.00150689
2122 0.00142056
2123 1.70576e-06
2127 7.510330000000001e-08
2128 3.96438e-08
2130 3.93195e-09
2131 1.1703e-05
2133 0.00204639
2137 1.70894e-05
2138 3.96566e-06
2141 2.57371e-05
2143 4.02179e-11
2144 0.00700571
2147 7.05987e-07
2148 1.7731300000000002e-13
2149 7.96851e-06
2150 1.90689e-05
2154 1.6765e-08
2157 3.6780699999999994e-08
2159 1.5789500000000002e-05
2160 0.06994639999999999
2161 2.75166e-05
2162 7.15131e-05
2164 3.3785400000000006e-06
2167 0.044994400000000004
2168 1.25259e-12
2173 9.4408e-05
2175 5.4398599999999995e-09
2177 5.78173e-10
2185 8.21557e-11
2188 2.49106e-06
2189 4.14335e-05
2195 0.00016616599999999998
2198 0.000253012
2200 6.32102e-05
2203 0.00051688
2204 1.4641900000000001e-05
2205 7.63054e-06
2206 1.46115e-12
2207 2.09635e-08
2210 5.28176e-07
2211 3.39382e-05
2216 2.95844e-07
2217 1.64364e-11
2222 3.86857e-05
2223 4.9219e-07
2225 1.32861e-05
2227 6.13146e-14
2229 5.56014e-12
2230 9.53806e-05
2231 0.000306774
2232 8.27205e-06
2235 0.000150675
2236 6.27355e-09
2239 2.7989899999999997e-09
2240 1.1613e-07
2242 5.95949e-12
2243 0.000549119
2245 1.68154e-08
2246 4.23444e-07
2250 0.00567562
2252 2.6521100000000003e-06
2254 4.59385e-05
2258 2.7756900000000004e-07
2262 0.00195717
2264 0.000305264
2269 0.00119579
2271 5.05883e-11
2274 6.26305e-07
2275 1.58565e-08
2282 1.6212200000000002e-06
2283 1.1883399999999999e-05
2286 2.6767e-06
2289 1.29578e-06
2292 2.66282e-10
2294 1.548e-10
2295 0.00263867
2296 6.56498e-05
2297 6.74821e-05
2298 1.19132e-05
2299 0.000591802
2301 3.15175e-06
2303 0.000183955
2304 4.94409e-07
2309 1.0
2312 0.000802923
2313 0.000207967
2314 0.00121215
2316 0.9834290000000001
2317 1.37586e-07
2319 2.68218e-07
2322 8.88373e-05
2325 1.9864100000000002e-05
2326 8.911360000000001e-07
2327 2.3862199999999997e-05
2331 5.97639e-07
2336 0.9999950000000001
2338 1.51517e-06
2339 1.59229e-06
2341 0.06879060000000001
2344 0.0115433
2346 2.9894e-10
2349 1.55371e-10
2351 6.05716e-10
2353 1.76799e-06
2356 1.38056e-08
2357 9.552860000000001e-05
2358 2.44448e-05
2360 3.62741e-06
2363 0.0317903
2365 0.000332527
2370 1.92187e-11
2379 2.12619e-11
2380 0.884215
2381 0.000148208
2383 4.80777e-11
2386 1.81253e-05
2388 8.662629999999999e-05
2389 4.63675e-08
2390 1.97847e-05
2394 3.28645e-05
2395 2.9839499999999996e-06
2396 3.4779800000000003e-07
2397 5.92005e-11
2398 7.774689999999999e-05
2399 6.2796e-07
2400 0.9999950000000001
2402 1.5992999999999998e-09
2406 1.1244899999999999e-07
2408 7.15423e-07
2409 4.56059e-06
2412 0.43137200000000003
2414 7.78159e-05
2416 1.34364e-06
2418 4.65474e-06
2421 0.00043033199999999996
2422 1.30745e-07
2424 2.6496e-08
2426 1.29043e-12
2428 0.000136506
2429 4.58484e-05
2430 0.00021993099999999998
2431 0.0028680999999999997
2432 0.291652
2434 9.329290000000001e-05
2438 0.00395763
2440 1.53349e-08
2446 1.05484e-11
2447 2.42991e-05
2449 0.00138249
2451 2.91946e-05
2453 5.88097e-07
2455 2.5181499999999998e-06
2457 6.98441e-05
2463 1.03051e-05
2464 8.11929e-05
2467 6.9111699999999995e-12
2469 5.0309600000000004e-05
2473 2.83387e-11
2474 3.4418900000000007e-08
2475 2.46738e-11
2482 9.37121e-05
2484 2.90081e-05
2485 2.6126599999999998e-05
2486 0.9999899999999999
2487 4.3887300000000004e-07
2488 2.6441099999999997e-12
2489 0.000213677
2495 3.986790000000001e-06
2498 8.41382e-05
2499 0.00045316400000000004
2503 5.51626e-06
2506 5.48974e-09
2507 8.13346e-09
2509 0.00145944
2510 3.36158e-10
2511 8.9583e-05
2515 3.66195e-08
2516 1.34867e-05
2517 2.45269e-10
2521 3.9403100000000004e-10
2522 4.27667e-07
2526 7.08465e-08
2527 6.570839999999999e-08
2528 0.000230623
2530 3.08351e-13
2531 4.41986e-11
2532 2.7823e-11
2535 4.70372e-08
2536 1.10276e-05
2538 2.1687800000000003e-05
2541 4.1126699999999997e-07
2543 5.04901e-06
2548 9.83824e-09
2550 0.000498389
2551 2.58034e-05
2552 0.000293127
2553 0.00124336
2556 4.0605599999999995e-06
2557 2.10521e-08
2560 2.6666999999999997e-05
2562 2.8747900000000006e-06
2568 1.5412000000000003e-11
2570 0.06901130000000001
2573 0.000154911
2574 5.79384e-06
2575 2.79669e-05
2576 0.00043653
2577 1.53011e-11
2580 8.66231e-06
2581 3.0020399999999998e-05
2582 1.4043399999999998e-05
2583 2.07844e-05
2587 4.70847e-05
2588 0.000293945
2591 0.000175945
2592 2.1993000000000002e-14
2596 1.2114e-06
2597 7.55789e-06
2601 3.42547e-10
2602 2.69732e-08
2604 0.00025287
2607 4.38829e-09
2608 8.630520000000001e-05
2610 6.90173e-05
2612 2.1230000000000003e-10
2614 0.00022591900000000002
2616 0.000177249
2617 2.4049700000000003e-06
2619 3.42935e-09
2620 0.00037522
2622 0.000915207
2623 1.0646900000000001e-05
2624 0.000158044
2626 6.986219999999999e-08
2628 2.2286399999999997e-05
2629 4.59729e-05
2630 0.9999979999999999
2631 2.64349e-06
2638 1.6475000000000002e-09
2639 7.25717e-05
2640 1.76872e-11
2642 9.45753e-07
2644 3.66173e-05
2650 3.2361400000000003e-07
2651 0.021980200000000002
2652 0.000162029
2654 3.6327499999999997e-06
2655 0.000161466
2656 8.844580000000001e-07
2660 0.00040510800000000005
2661 1.1204400000000001e-13
2663 6.121e-05
2665 1.4541300000000001e-05
2671 0.00257441
2672 0.984145
2673 1.16493e-06
2674 9.61524e-07
2676 0.0282447
2679 0.00016507599999999998
2681 1.26523e-07
2685 4.98634e-05
2686 4.6873899999999997e-07
2687 0.0023639
2688 8.23367e-08
2692 2.60815e-05
2694 0.00014516100000000002
2698 3.28046e-14
2700 0.00019335
2701 3.8908e-05
2703 0.00160084
2705 0.000187491
2707 1.8840999999999998e-05
2708 1.66535e-05
2711 7.27149e-07
2712 1.03828e-06
2716 2.24979e-08
2719 4.80893e-05
2720 0.00038693699999999996
2724 1.78274e-07
2725 0.00025707400000000004
2726 0.000445213
2728 0.000328027
2729 5.2427199999999994e-08
2731 6.94699e-11
2733 2.3836999999999995e-09
2736 0.0158953
2739 1.3433700000000002e-08
2740 0.9769
2742 1.34605e-08
2743 3.07609e-05
2746 2.21931e-05
2748 9.49877e-09
2750 0.00030249
2752 2.35452e-07
2753 3.1498e-05
2754 4.6421900000000005e-08
2756 1.24425e-06
2758 2.83597e-08
2761 0.0041542
2764 5.24757e-11
2768 0.000146246
2769 0.000499788
2770 0.00125426
2771 3.7809e-08
2773 0.000772405
2777 1.7249099999999998e-07
2780 3.61683e-05
2781 0.00021087900000000003
2787 1.5940599999999998e-05
2788 0.000167892
2789 3.92222e-06
2790 6.510940000000001e-06
2792 2.28734e-07
2793 7.44316e-07
2797 2.27371e-07
2799 6.98245e-07
2802 3.4755900000000004e-05
2805 8.62604e-06
2806 4.72277e-10
2808 6.67042e-09
2809 5.99711e-06
2811 1.51303e-06
2813 1.5020099999999998e-06
2814 5.97255e-08
2818 0.00026088
2819 6.0107e-05
2821 0.000219029
2822 1.72655e-06
2823 2.1358200000000003e-08
2824 0.00135752
2825 1.0
2828 0.00014993799999999999
2829 1.18519e-07
2830 6.28061e-15
2831 9.96648e-10
2832 4.30874e-07
2837 0.00118631
2839 4.79259e-13
2840 2.55551e-07
2843 3.75771e-07
2846 5.22923e-06
2849 0.00192975
2850 9.50582e-07
2851 2.59034e-05
2852 4.4689300000000006e-05
2853 0.00040956099999999996
2856 1.63395e-06
2857 5.53573e-07
2860 7.223049999999999e-08
2861 0.9994540000000001
2862 5.24656e-06
2863 8.468379999999999e-05
2865 1.54185e-07
2871 2.34373e-08
2872 0.00282448
2874 2.71574e-07
2876 2.8267e-06
2877 8.30369e-05
2878 0.0036647
2882 8.62324e-05
2883 0.021402200000000003
2885 8.85701e-07
2887 9.921489999999999e-06
2888 1.00957e-06
2890 4.46838e-10
2892 8.74827e-06
2894 0.000216876
2895 1.79815e-05
2897 7.638339999999999e-06
2898 8.891899999999999e-08
2900 1.64657e-07
2902 5.92716e-06
2903 0.0006902760000000001
2904 1.8156700000000002e-05
2905 0.00046492699999999996
2907 5.972659999999999e-06
2908 3.5724800000000007e-10
2909 4.0569900000000004e-06
2911 0.000813919
2918 5.8342e-06
2920 3.7432699999999996e-07
2921 0.00010840100000000001
2922 0.994836
2923 0.00012877
2925 0.00134578
2926 0.000505496
2927 9.097870000000001e-08
2928 0.0140216
2929 2.97868e-06
2930 9.435540000000001e-07
2936 3.94364e-07
2945 0.000276906
2948 1.08744e-06
2949 2.98343e-08
2950 0.0025679
2951 3.25702e-06
2955 8.03855e-09
2959 0.884381
2961 5.70095e-07
2964 3.22443e-06
2968 0.9999959999999999
2970 1.8984e-07
2971 8.090779999999999e-05
2972 0.00519693
2973 1.01546e-06
2974 1.84744e-05
2979 2.9437899999999998e-05
2980 0.66728
2981 5.9024300000000003e-05
2982 0.00288741
2983 3.24074e-06
2985 2.90388e-05
2991 4.003769999999999e-06
2993 6.35804e-07
2996 4.1691599999999996e-06
2997 2.88118e-07
2998 4.59701e-16
2999 3.5858699999999997e-16
3001 7.05978e-08
3006 8.19317e-13
3010 6.659939999999999e-05
3012 0.000304134
3014 7.234879999999999e-07
3016 6.16132e-07
3018 1.11224e-05
3019 0.00646039
3020 9.21235e-05
3022 1.62351e-05
3025 0.00043058800000000003
3026 0.00405814
3029 2.31161e-06
3030 0.00026961
3033 6.042770000000001e-09
3035 0.00030131099999999996
3036 0.000593517
3037 0.00011079
3040 3.82617e-05
3041 1.95966e-05
3043 5.0828199999999996e-06
3046 2.13664e-10
3048 8.12181e-07
3049 4.63684e-05
3050 3.54158e-06
3052 5.53908e-07
3055 3.78668e-06
3059 2.37177e-07
3060 2.50069e-08
3062 9.20664e-07
3067 9.4141e-08
3068 2.79112e-07
3069 7.531489999999999e-06
3070 2.70625e-06
3071 0.000206236
3073 3.61612e-07
3075 3.5887800000000006e-06
3076 2.10036e-07
3079 0.000259499
3080 2.31813e-06
3081 0.00013969999999999998
3084 1.00659e-06
3087 4.43166e-06
3091 0.00812915
3095 0.00666211
3096 0.000432626
3097 3.0474799999999996e-08
3099 1.51372e-07
3101 7.017339999999999e-10
3104 8.17582e-05
3109 6.729060000000001e-10
3111 1.2655099999999998e-07
3113 2.68067e-09
3114 0.00103653
3115 1.9647500000000002e-07
3119 9.32497e-08
3123 0.000800362
3125 0.9997389999999999
3128 0.000122005
3130 7.387699999999999e-17
3131 0.00505113
3132 0.00544455
3136 3.08521e-07
3139 1.85791e-05
3141 4.234419999999999e-06
3143 2.41311e-07
3144 1.57094e-05
3148 7.37581e-05
3151 5.31155e-09
3152 0.000508151
3153 1.13448e-05
3156 7.04183e-07
3158 2.21726e-06
3160 1.07865e-06
3166 1.8391400000000001e-06
3167 1.01573e-05
3168 9.522969999999999e-05
3171 0.00106237
3172 0.000781769
3173 0.000339425
3174 3.6331299999999997e-07
3179 2.78348e-05
3180 5.13584e-07
3182 0.000853743
3187 0.0022701
3190 0.000253454
3191 0.010109700000000001
3192 5.64329e-07
3193 1.71733e-05
3196 1.01118e-07
3197 6.7413e-07
3198 0.000473907
3201 0.000106886
3203 4.03506e-10
3206 8.47083e-07
3208 7.085139999999999e-07
3209 8.82054e-07
3212 0.00271245
3215 0.00114806
3217 2.8358599999999998e-08
3220 3.35662e-11
3221 0.0009313660000000001
3222 9.013630000000001e-07
3224 0.000128346
3225 0.000526827
3226 0.000577453
3227 1.0875999999999999e-07
3230 1.17481e-06
3232 0.00013664
3234 0.00024592
3235 0.000140638
3237 3.84728e-05
3238 7.460670000000001e-07
3241 0.00827029
3245 0.012573299999999999
3246 5.88893e-06
3248 1.0902e-08
3249 4.60621e-12
3251 2.96929e-11
3252 7.41073e-05
3257 6.43929e-08
3263 0.000674243
3264 2.68038e-06
3265 5.11138e-09
3266 1.9433700000000003e-06
3267 0.999999
3268 3.3137499999999996e-09
3275 0.00017162900000000002
3276 8.365039999999999e-08
3277 3.31995e-08
3278 2.98435e-06
3281 8.45637e-08
3283 1.5874499999999998e-07
3286 3.72932e-11
3287 9.40078e-08
3288 0.00061622
3289 9.659810000000001e-06
3291 1.89273e-08
3295 1.1874799999999998e-08
3297 3.98308e-07
3298 0.00508685
3302 5.92842e-12
3304 2.47783e-05
3305 8.82681e-08
3306 1.6754400000000003e-10
3309 1.1558699999999999e-09
3310 3.74994e-11
3312 6.459919999999999e-12
3314 7.84747e-07
3315 0.999883
3317 4.0308e-05
3318 0.00154103
3319 4.7095e-05
3321 7.53099e-10
3322 9.65122e-06
3323 8.94489e-07
3324 5.27648e-07
3326 5.00097e-09
3328 2.63003e-07
3329 2.40222e-05
3332 1.7500200000000002e-08
3333 2.7684000000000004e-11
3334 1.3780200000000001e-06
3340 8.05885e-06
3341 3.21245e-06
3342 9.227949999999999e-07
3345 1.92981e-05
3346 3.1885599999999997e-08
3347 0.00020505599999999998
3348 6.8258e-08
3352 1.01925e-05
3353 8.17904e-13
3357 5.435380000000001e-12
3358 1.34734e-07
3361 0.00421074
3364 2.7383800000000002e-09
3366 0.00012743299999999998
3368 0.00522552
3371 5.80165e-06
3372 1.96932e-08
3375 7.84224e-08
3378 0.000115875
3381 1.95114e-09
3383 0.00459549
3384 0.000318926
3385 8.846639999999999e-07
3387 1.1065e-09
3388 1.28676e-10
3389 1.01188e-07
3393 7.94235e-09
3394 2.7549299999999996e-07
3399 8.88748e-10
3400 5.14789e-14
3402 0.000748304
3405 1.23831e-10
3409 3.8098799999999997e-07
3411 0.0124505
3414 3.09211e-07
3418 1.73313e-05
3423 0.006814199999999999
3426 0.00618156
3427 4.1816699999999994e-08
3428 7.928489999999999e-08
3431 0.00041710099999999996
3432 0.0270001
3434 5.59945e-06
3437 7.405280000000001e-07
3438 2.02684e-07
3440 5.03996e-06
3442 7.195529999999999e-07
3445 6.42092e-08
3446 0.0106848
3447 4.448309999999999e-06
3448 4.019469999999999e-10
3454 5.88702e-06
3456 5.6388999999999995e-06
3457 1.4297e-06
3459 2.0075599999999998e-05
3460 4.6834300000000004e-08
3463 3.82404e-05
3467 1.0
3471 1.32464e-05
3472 0.00013093
3473 0.00196349
3474 1.59533e-11
3475 4.90524e-06
3476 0.00203246
3478 0.00113152
3479 0.00011951
3480 0.00137685
3481 1.08164e-07
3482 8.055570000000001e-06
3483 0.000749828
3485 0.000497909
3486 2.53729e-06
3488 0.000175571
3490 5.2463199999999996e-05
3494 5.25995e-09
3495 4.06349e-05
3498 8.9639e-05
3501 1.7132900000000003e-08
3502 3.94094e-08
3503 5.05256e-11
3504 0.00323861
3505 1.34501e-13
3507 5.64453e-09
3512 3.07457e-10
3513 2.7685e-07
3514 0.9999389999999999
3515 9.117359999999999e-07
3517 2.1664e-07
3520 1.1446400000000001e-05
3523 5.644969999999999e-10
3526 0.00020736799999999998
3527 2.07211e-07
3531 6.88234e-05
3532 3.6882e-06
3533 0.00034854199999999997
3534 1.0785799999999998e-16
3535 0.9990120000000001
3538 4.03713e-08
3540 3.94402e-05
3541 0.000111792
3542 9.19522e-10
3543 6.13113e-07
3544 0.00028053700000000003
3545 8.730100000000001e-11
3547 2.29264e-08
3552 5.48645e-07
3553 2.8420099999999998e-08
3557 0.000201471
3558 7.27544e-06
3559 0.000146896
3560 3.48266e-07
3561 6.03771e-05
3562 0.0140809
3563 0.000547882
3568 5.35663e-08
3569 4.5643700000000005e-07
3570 8.99972e-07
3571 0.000117185
3572 1.08519e-12
3573 0.00013396100000000001
3574 2.17605e-13
3578 8.89741e-11
3579 0.000671171
3581 1.3614e-05
3582 6.73688e-06
3583 0.00043870800000000006
3584 5.24161e-06
3590 6.97671e-06
3591 1.1726400000000002e-05
3592 1.7766e-05
3595 0.000120453
3598 0.0010784
3600 3.65175e-05
3601 8.84774e-13
3602 0.00612233
3607 2.3371900000000004e-06
3610 0.00769934
3612 0.00602297
3613 0.0007139939999999999
3615 2.38789e-06
3616 6.88429e-06
3617 1.1417399999999998e-06
3619 9.25468e-05
3624 3.25868e-05
3626 8.143340000000001e-07
3630 2.15921e-10
3631 5.39851e-06
3633 3.34002e-05
3637 2.3019200000000003e-07
3641 6.23625e-06
3643 3.8952199999999996e-05
3647 3.92658e-06
3649 1.1173e-05
3650 9.624989999999999e-07
3652 0.0010554
3653 0.000212074
3659 6.88714e-05
3661 2.78777e-06
3665 9.403020000000001e-06
3666 3.826400000000001e-09
3668 3.6731699999999994e-06
3670 1.56637e-14
3672 0.00044065300000000005
3676 3.6425800000000004e-06
3677 7.556260000000001e-10
3680 1.6791e-05
3682 1.42973e-07
3683 1.47593e-07
3686 1.9310099999999998e-08
3687 1.55478e-05
3689 1.57536e-10
3692 9.957540000000001e-05
3693 1.3513999999999999e-06
3697 1.1374000000000002e-05
3701 1.12851e-06
3702 1.30352e-06
3707 0.000598027
3710 1.95532e-07
3712 0.0209572
3715 1.47855e-07
3716 0.00477469
3718 1.92136e-07
3719 3.0057499999999996e-08
3720 4.5592299999999994e-05
3723 2.34796e-05
3724 2.67487e-05
3725 1.9124200000000002e-06
3726 9.97787e-11
3728 1.2037200000000001e-06
3730 7.154210000000001e-16
3731 0.00443856
3733 5.37592e-10
3734 0.000204353
3736 4.65341e-05
3737 1.29847e-05
3738 0.000203268
3739 1.8644300000000002e-07
3741 0.00116555
3742 6.109810000000001e-05
3744 6.11394e-06
3745 0.000583999
3746 1.7303799999999997e-14
3747 0.000570948
3755 7.01835e-06
3756 0.0009159210000000001
3757 3.8564e-08
3761 1.0374399999999999e-07
3762 0.000781632
3764 1.0810299999999999e-06
3765 0.000126929
3766 4.50773e-14
3768 5.9631e-10
3769 3.99518e-11
3770 2.89096e-07
3771 0.000586015
3775 0.00459756
3776 1.66073e-09
3777 5.86202e-09
3778 0.000113705
3782 5.2272e-05
3785 1.03318e-06
3787 1.86507e-09
3789 0.00726822
3794 0.00453427
3795 3.16053e-11
3799 1.84899e-05
3800 1.10464e-06
3801 3.5965199999999996e-10
3802 3.80174e-09
3804 2.9403099999999997e-08
3805 1.63327e-07
3810 2.72561e-10
3812 8.8496e-05
3813 6.36692e-06
3815 1.1545100000000002e-08
3816 0.0926569
3819 2.51364e-08
3822 1.0
3823 5.93707e-07
3825 5.47126e-08
3829 2.0977499999999997e-09
3831 1.8345e-06
3832 0.00138557
3833 2.92622e-15
3836 8.266069999999999e-05
3839 1.3126700000000001e-05
3840 9.61003e-07
3841 8.61127e-05
3842 3.1499200000000003e-10
3843 9.69692e-07
3850 0.04158169999999999
3851 1.7582e-06
3852 0.00011173
3853 5.7099300000000006e-06
3854 4.65711e-05
3858 0.00025958599999999996
3862 5.2636199999999996e-05
3864 5.170740000000001e-10
3867 5.78518e-05
3870 0.9648969999999999
3873 3.14411e-10
3875 0.000151552
3878 1.7542400000000001e-06
3880 5.25535e-06
3881 1.6476400000000002e-06
3882 0.000747105
3883 2.66738e-10
3884 2.36281e-07
3888 1.8967900000000001e-07
3892 1.9151900000000003e-08
3893 1.62519e-10
3894 5.150830000000001e-06
3896 2.2798400000000002e-05
3897 0.00393208
3900 5.74928e-06
3901 0.8902200000000001
3902 6.2181100000000005e-06
3903 0.0006920730000000001
3904 0.000454645
3906 5.20555e-06
3908 2.33012e-08
3909 1.32735e-08
3910 2.34002e-06
3914 9.33614e-07
3916 6.77072e-07
3917 1.41355e-07
3920 7.32846e-05
3922 9.68063e-06
3925 0.00010575399999999999
3927 0.144572
3928 1.00923e-07
3929 1.35346e-05
3930 2.3688200000000002e-06
3931 0.41715699999999994
3933 4.9775600000000005e-05
3934 1.19154e-08
3938 1.63233e-06
3940 3.17403e-07
3942 0.00200322
3943 5.80339e-06
3944 0.000214093
3950 2.69392e-05
3951 0.000826832
3952 6.25767e-07
3955 0.00171684
3958 0.172062
3959 0.000220717
3962 2.6904700000000003e-06
3964 2.47492e-05
3967 3.7447699999999997e-07
3968 0.000122233
3972 4.32255e-05
3975 0.00018574900000000003
3976 8.93854e-16
3977 3.5775300000000004e-08
3978 0.000229753
3980 0.000298881
3981 2.00917e-05
3982 0.00112852
3985 0.999999
3989 1.35618e-11
3995 0.00880444
3999 1.06584e-07
4000 1.06833e-06
4001 5.377380000000001e-06
4002 2.39056e-07
4004 0.000203479
4006 1.19611e-05
4007 5.794729999999999e-05
4018 0.999974
4021 2.1240900000000002e-05
4022 5.32009e-05
4024 1.59106e-08
4026 2.88141e-09
4027 3.81297e-07
4029 0.000361855
4030 5.06061e-10
4032 2.421e-05
4036 1.0
4038 1.5229700000000001e-05
4040 5.77845e-07
4041 0.0113405
4042 0.000330395
4043 8.82469e-07
4044 0.00146239
4045 6.893610000000001e-08
4048 3.86008e-07
4049 1.11504e-05
4050 1.0876399999999999e-10
4053 4.0815e-06
4054 1.3817999999999999e-05
4055 2.48522e-06
4056 3.23062e-06
4059 0.999957
4061 0.00170799
4062 1.99836e-05
4063 8.588510000000002e-06
4064 3.1204400000000005e-06
4065 3.04999e-06
4068 4.288030000000001e-06
4070 3.79272e-17
4071 2.9709599999999998e-08
4072 0.0007744939999999999
4074 0.00046198699999999997
4078 1.04862e-07
4079 0.000143808
4080 2.13328e-07
4081 8.62733e-06
4083 1.0
4084 4.2817799999999996e-07
4086 9.238100000000001e-05
4088 3.48056e-07
4090 0.000412755
4094 3.9305599999999995e-10
4096 0.000387443
4097 1.07895e-09
4098 2.4457e-05
4099 3.7493300000000007e-08
4101 3.35109e-08
4103 3.43077e-06
4104 4.75152e-07
4107 0.0006304230000000001
4109 4.5492600000000006e-05
4112 3.6466300000000003e-09
4114 7.04262e-08
4115 8.65263e-08
4116 1.83724e-05
4118 2.17134e-06
4119 1.68224e-05
4123 7.25977e-06
4124 1.92416e-08
4125 6.16048e-07
4126 2.21623e-05
4127 0.0012186
4128 1.7674900000000002e-06
4130 0.020206000000000002
4132 1.55614e-06
4134 1.04763e-07
4139 5.27346e-07
4144 3.05719e-05
4147 1.03022e-06
4151 1.02025e-06
4153 1.66693e-08
4154 1.04092e-08
4155 3.58899e-06
4156 0.000689191
4157 3.08388e-05
4159 3.12377e-06
4160 5.63614e-08
4161 3.95364e-07
4162 0.000243456
4165 0.000519446
4166 1.12004e-07
4167 7.75494e-09
4172 5.04118e-07
4173 0.04059190000000001
4175 0.00898327
4176 1.0
4177 2.24977e-06
4179 2.21431e-06
4180 6.734200000000001e-08
4181 1.09824e-07
4182 5.55527e-09
4183 9.94782e-09
4184 0.000462655
4187 0.0014535
4188 2.38052e-05
4197 0.000853233
4198 7.36476e-11
4199 4.0774999999999996e-10
4202 2.47356e-05
4206 0.999992
4207 1.7266199999999997e-05
4208 8.84445e-05
4210 8.52926e-05
4211 0.0020445999999999997
4213 7.438639999999999e-06
4214 1.2959e-12
4216 3.82719e-07
4217 3.44495e-10
4218 0.0012136
4219 0.00326409
4222 2.93648e-07
4225 1.31687e-09
4226 3.4270599999999995e-06
4227 1.7203700000000003e-08
4233 1.57475e-06
4234 0.000530806
4235 1.8135000000000002e-07
4236 2.5817e-06
4238 8.39337e-06
4240 4.1931e-05
4243 4.0831e-10
4245 2.18173e-06
4248 4.26721e-05
4249 7.73202e-07
4250 1.44869e-06
4251 1.0
4252 3.6448699999999996e-06
4254 3.07469e-11
4260 7.80627e-08
4261 1.3968599999999999e-08
4262 1.47691e-05
4266 0.000100063
4267 2.07989e-05
4268 5.647150000000001e-06
4276 8.408530000000001e-06
4277 0.00233417
4278 6.08417e-08
4282 0.0471351
4285 0.000782806
4288 1.32196e-08
4289 4.01748e-05
4290 3.14966e-10
4294 6.119069999999999e-06
4297 1.3044499999999999e-06
4299 2.16817e-05
4301 3.95143e-07
4302 2.31408e-09
4305 7.985460000000001e-07
4306 0.00305341
4308 1.1628900000000001e-05
4309 0.00394034
4311 1.47105e-05
4313 1.66311e-07
4314 7.64311e-11
4316 0.0008464439999999999
4317 0.000108577
4319 2.8048500000000003e-06
4320 1.36601e-09
4324 2.0578899999999998e-13
4328 4.874869999999999e-06
4330 1.15412e-08
4332 0.00521586
4334 1.72272e-05
4335 1.94694e-10
4336 0.00112113
4337 2.5131200000000005e-10
4340 0.999983
4342 2.22716e-08
4343 0.010404700000000001
4344 2.34505e-11
4348 8.033560000000001e-05
4350 0.9999969999999999
4353 3.4737499999999995e-07
4355 6.419229999999999e-05
4357 2.62337e-05
4358 1.1230100000000001e-07
4362 1.0
4363 3.04054e-05
4366 3.40663e-06
4373 0.0156564
4374 2.0911e-09
4375 0.00162992
4377 0.00164391
4378 3.2406900000000003e-06
4381 2.89738e-05
4382 4.28479e-09
4383 0.263869
4385 0.0040935
4388 7.54558e-10
4393 9.67956e-07
4394 1.0
4395 3.6013300000000005e-16
4398 1.5376299999999998e-08
4399 0.000964244
4400 1.0
4401 1.95422e-06
4402 3.6568499999999997e-13
4403 1.0
4406 1.0
4407 4.48009e-05
4408 5.89992e-05
4410 1.31158e-06
4412 0.00118463
4413 0.9999959999999999
4414 4.10668e-10
4415 0.9917889999999999
4416 0.00341355
4417 1.31881e-11
4418 4.36151e-08
4419 1.18244e-05
4420 0.0005965619999999999
4422 4.3144e-06
4425 1.0
4426 1.2043600000000002e-10
4427 0.00046233099999999996
4428 0.0010804999999999999
4431 0.00018989599999999997
4435 0.00016379600000000002
4440 0.000352204
4442 2.64716e-06
4443 2.2527199999999997e-05
4444 8.70906e-07
4445 3.93433e-06
4447 1.5234799999999998e-06
4448 1.39004e-13
4449 8.19974e-06
4451 3.97536e-07
4453 5.2753700000000006e-09
4454 7.01164e-05
4456 2.8762799999999998e-06
4458 2.73453e-08
4460 0.756386
4461 0.999993
4462 0.99884
4465 7.681870000000001e-07
4467 2.81929e-08
4469 3.57213e-06
4472 1.3312500000000001e-08
4473 4.73506e-12
4475 1.33947e-06
4476 2.97739e-05
4477 1.82231e-05
4478 4.4964900000000004e-10
4480 0.000791613
4482 0.00145157
4483 4.26724e-09
4485 0.00884637
4486 1.4618e-08
4489 0.053817399999999994
4491 7.58639e-07
4492 5.7711300000000004e-05
4497 0.00210658
4501 8.11909e-06
4503 0.999976
4504 2.0498300000000002e-06
4505 2.12834e-10
4506 4.691040000000001e-06
4511 0.000153698
4513 0.000132113
4515 3.56575e-07
4516 1.06165e-06
4521 6.940189999999999e-07
4522 4.4932600000000004e-05
4523 2.31767e-06
4525 0.000338773
4529 0.999986
4531 0.9782620000000001
4533 3.8391300000000006e-08
4534 3.3582300000000003e-06
4536 0.00041213599999999996
4538 1.627e-05
4541 6.890010000000001e-08
4543 5.50922e-07
4545 1.13198e-07
4546 9.100189999999999e-08
4547 1.3838900000000002e-10
4550 0.551713
4554 5.76656e-08
4556 9.47868e-09
4557 0.00595326
4559 2.8387799999999997e-07
4560 3.3021999999999996e-09
4561 0.00164153
4564 2.4478e-06
4567 7.67245e-06
4568 2.93241e-08
4569 0.000197249
4572 4.8417e-07
4573 1.75496e-05
4575 8.05568e-06
4577 6.9865800000000005e-06
4578 4.0302900000000005e-10
4580 6.0335800000000004e-06
4582 0.000145442
4583 0.0122962
4586 0.000151799
4589 0.00015241700000000001
4590 1.5257e-05
4593 0.00016877
4594 1.31217e-07
4596 4.6270500000000004e-05
4598 0.00027467400000000003
4599 3.84175e-08
4602 1.89675e-06
4603 1.01883e-07
4608 0.00023519
4610 0.00131469
4613 0.00590798
4614 0.221191
4615 4.32983e-05
4616 4.37399e-09
4617 3.81002e-05
4619 0.25241199999999997
4620 0.02976
4621 0.056974300000000005
4624 4.93041e-07
4629 6.4075e-05
4633 0.000312339
4635 0.00141556
4637 5.65618e-24
4638 9.936339999999998e-10
4639 0.00192689
4640 8.420229999999999e-07
4641 2.1361e-09
4642 0.0491679
4645 7.90836e-15
4646 0.00592449
4650 7.1099399999999995e-12
4657 5.9095299999999996e-05
4658 7.07613e-05
4659 9.510700000000001e-07
4661 1.57925e-07
4663 4.941210000000001e-10
4664 7.294510000000001e-05
4665 6.963600000000001e-07
4666 1.15562e-11
4667 6.1359e-09
4668 2.50269e-05
4669 0.000379445
4670 0.000497236
4677 4.8174200000000004e-05
4678 0.06384169999999999
4680 8.344290000000001e-17
4681 4.41134e-07
4684 1.0438800000000001e-07
4688 4.94404e-09
4690 4.89614e-08
4695 7.38792e-05
4696 3.20534e-05
4697 3.00409e-12
4698 2.15085e-06
4700 3.54125e-05
4703 3.16261e-11
4704 0.000384265
4709 0.0009333389999999999
4711 3.68507e-11
4712 0.000127744
4713 0.000725488
4716 6.31431e-07
4717 3.30308e-08
4720 8.85613e-07
4721 0.00304387
4724 5.08083e-12
4725 2.41311e-10
4726 0.00129288
4728 0.0009018419999999999
4729 7.47467e-08
4730 0.9995780000000001
4731 5.512630000000001e-07
4733 4.47353e-05
4734 1.8400599999999998e-05
4736 0.00404192
4738 0.00021245700000000002
4739 0.00119754
4740 9.978729999999999e-05
4741 6.12902e-05
4744 3.87906e-05
4745 5.72269e-10
4749 1.60592e-05
4751 2.3993300000000003e-07
4752 9.59023e-06
4755 3.71046e-06
4756 1.05875e-05
4757 0.999994
4758 4.19769e-06
4759 5.7984400000000005e-06
4762 2.29723e-11
4763 5.132290000000001e-09
4764 5.42219e-05
4765 1.3121800000000001e-09
4766 1.05391e-05
4767 2.17233e-06
4769 7.3845e-08
4771 5.9074e-06
4772 3.58985e-07
4774 0.265059
4775 0.00046470699999999997
4778 0.00105324
4780 3.07278e-09
4781 2.2566299999999997e-07
4784 6.14496e-08
4787 5.303459999999999e-07
4791 2.19691e-06
4795 5.36086e-06
4798 0.21213400000000002
4800 7.02116e-13
4802 1.26315e-08
4803 1.05528e-05
4804 4.1057600000000005e-05
4806 1.5916899999999999e-06
4807 0.000520724
4809 3.3039699999999995e-05
4810 1.10117e-09
4811 1.14919e-07
4813 2.10848e-07
4817 0.00163803
4819 5.34433e-05
4820 4.3774300000000005e-05
4821 0.000329749
4822 1.16672e-11
4824 2.15666e-17
4827 0.09898960000000001
4829 0.999927
4833 4.13675e-10
4835 4.7991199999999994e-08
4838 0.00101027
4843 4.59788e-07
4844 4.56873e-06
4845 2.32248e-08
4847 4.5520000000000005e-07
4851 5.16096e-05
4853 1.82804e-05
4854 1.46075e-05
4855 1.6218599999999997e-05
4858 0.00282029
4860 2.3196399999999997e-09
4861 1.0
4862 6.57247e-06
4864 1.0338600000000001e-06
4865 0.000180178
4870 1.8188299999999997e-10
4871 7.75302e-07
4874 5.7669399999999994e-05
4875 0.9870059999999999
4877 8.05742e-06
4880 5.87014e-06
4881 0.00010019799999999999
4883 3.04344e-08
4884 1.5723900000000001e-06
4887 9.58863e-06
4888 0.012863999999999999
4889 1.8393499999999999e-07
4891 6.351389999999999e-10
4892 1.17325e-05
4893 0.00149933
4894 0.00265473
4899 2.1399e-07
4900 0.000380656
4901 7.04532e-05
4904 3.92118e-16
4906 7.87407e-08
4908 0.00152313
4909 0.999999
4914 2.48576e-05
4915 0.9999959999999999
4917 2.34495e-13
4918 2.35593e-07
4919 6.811569999999999e-06
4920 0.00013027200000000002
4921 2.10511e-09
4922 1.81531e-05
4923 2.81829e-07
4924 8.75518e-11
4925 0.00021653700000000002
4927 1.89008e-08
4930 0.00010297700000000001
4932 5.0525e-05
4933 2.52927e-08
4934 0.00390571
4937 1.12344e-05
4940 1.48367e-07
4941 6.243460000000001e-05
4942 1.1527999999999999e-11
4944 2.46187e-05
4945 7.63961e-05
4947 0.00011953799999999999
4949 0.06118200000000001
4952 5.9899e-08
4957 2.39795e-05
4959 5.1472100000000005e-08
4964 7.90326e-05
4965 2.8024200000000003e-07
4969 0.000538259
4970 2.39954e-06
4971 8.06587e-07
4975 1.71662e-07
4978 2.89805e-05
4979 0.9981969999999999
4980 0.00030890299999999997
4981 5.22921e-12
4988 7.3054e-05
4989 3.18842e-08
4993 0.00011686200000000001
4996 2.3503200000000003e-10
5000 2.7986e-13
5002 1.8706800000000002e-07
5005 1.42341e-06
5008 8.29077e-15
5009 3.077e-08
5010 1.57841e-05
5011 5.77001e-09
5012 0.000865915
5013 4.5836000000000004e-07
5015 0.9893719999999999
5017 0.000276494
5019 1.0340699999999999e-05
5021 8.143580000000001e-10
5022 3.80752e-05
5025 6.88311e-07
5030 4.09345e-12
5031 7.39217e-08
5034 0.00011806100000000001
5035 1.41201e-11
5038 0.000592117
5040 0.000752423
5041 6.054719999999999e-08
5043 0.00275717
5044 1.09206e-05
5046 7.27904e-12
5048 4.67684e-11
5049 2.26396e-05
5050 3.45293e-06
5051 4.078230000000001e-06
5053 0.00174418
5059 1.34809e-06
5060 1.75899e-05
5066 1.26846e-07
5069 5.97421e-07
5070 1.95662e-07
5074 0.000130945
5075 0.999999
5076 8.674910000000001e-06
5080 6.060299999999999e-06
5082 2.5663200000000002e-05
5083 3.64749e-08
5087 6.1943e-17
5088 4.38967e-06
5089 3.5830300000000007e-06
5091 1.56188e-11
5092 2.3634099999999998e-05
5095 0.000358865
5096 5.85085e-11
5098 1.5068600000000002e-10
5099 2.2193800000000003e-08
5100 3.91408e-06
5103 4.57704e-05
5105 2.42954e-07
5106 0.0007945000000000001
5109 2.2819800000000002e-07
5112 8.71005e-06
5113 0.605824
5115 0.999992
5117 3.58285e-05
5118 7.80711e-08
5119 7.09464e-07
5120 1.3337199999999998e-09
5123 3.8907e-07
5125 1.2458599999999999e-08
5126 1.12779e-05
5127 0.00115632
5132 3.42587e-05
5133 3.96247e-13
5137 1.36184e-05
5139 3.5947199999999998e-06
5140 3.3143000000000004e-05
5141 0.00149261
5142 2.1894299999999997e-06
5147 1.13489e-05
5148 0.00500525
5149 2.3568000000000002e-05
5151 3.5864899999999996e-05
5152 0.000111452
5154 3.62732e-13
5155 6.35176e-07
5157 5.6154599999999996e-12
5158 1.37185e-06
5162 4.1272799999999996e-05
5163 7.038679999999999e-07
5164 5.8534499999999994e-08
5165 8.35529e-06
5166 1.73703e-09
5167 0.00230605
5170 1.04506e-06
5172 2.39964e-05
5174 1.23452e-05
5178 4.25899e-10
5180 1.13637e-06
5182 1.8168299999999997e-07
5184 3.39156e-05
5187 6.09497e-07
5188 2.34672e-11
5192 1.31638e-10
5193 0.000450343
5194 1.64653e-08
5196 1.0884499999999999e-07
5197 9.189360000000001e-14
5198 0.000208887
5200 1.55831e-05
5201 0.023971400000000004
5204 1.07262e-11
5205 9.728760000000001e-06
5206 0.00520347
5207 0.997743
5211 1.12649e-12
5213 1.0862899999999999e-05
5216 0.8424780000000001
5218 7.78634e-07
5221 6.72745e-05
5225 2.1668400000000004e-06
5226 5.00369e-06
5227 1.04151e-05
5228 0.00387924
5232 5.53394e-10
5233 2.1749400000000002e-05
5234 1.24408e-05
5235 0.000211005
5237 9.042069999999998e-08
5238 3.5169999999999997e-12
5240 3.40951e-09
5241 0.0127873
5243 1.12245e-06
5247 0.999966
5249 5.90556e-07
5250 1.31319e-05
5251 0.000236005
5252 0.000147395
5255 6.37424e-06
5256 4.6991999999999996e-07
5261 1.96353e-06
5265 7.20677e-09
5266 9.59537e-07
5271 1.3530000000000003e-08
5272 5.114410000000001e-07
5275 9.465000000000001e-07
5276 2.4827600000000003e-05
5277 3.79059e-05
5279 0.000331941
5280 4.418669999999999e-06
5282 1.0
5284 2.7027400000000003e-08
5286 1.09008e-07
5287 4.72694e-08
5289 0.971461
5291 9.2541e-06
5294 0.00152096
5295 4.75842e-06
5296 1.7707400000000003e-08
5299 1.1116700000000001e-05
5300 0.0181117
5301 9.16645e-14
5302 1.1724500000000001e-05
5308 5.66693e-05
5309 1.9875799999999998e-08
5313 2.58057e-07
5316 6.19324e-09
5317 7.361750000000001e-07
5321 5.7568699999999995e-08
5322 0.000321681
5323 1.43521e-08
5324 0.000323114
5329 0.00148415
5330 6.46786e-09
5332 3.08856e-05
5333 5.04804e-05
5334 0.00024277
5335 0.000340604
5339 3.4801e-06
5341 0.00012309
5342 8.50866e-07
5347 5.204999999999999e-07
5353 4.61636e-05
5354 5.44841e-14
5356 3.94422e-05
5357 2.21169e-06
5359 1.04223e-06
5361 1.64549e-05
5362 0.000693872
5364 1.0
5366 6.98147e-08
5372 8.69147e-07
5375 0.00152153
5376 0.000629332
5377 1.86658e-05
5381 0.000143913
5382 0.000382743
5386 0.000770098
5390 2.5112900000000002e-08
5392 7.78179e-06
5394 0.000215405
5399 0.00300448
5400 1.34635e-08
5401 2.16582e-11
5402 9.653690000000001e-05
5403 0.9994370000000001
5409 2.2311e-05
5411 3.43224e-08
5412 3.88676e-10
5415 3.39822e-05
5422 6.22549e-11
5425 7.66872e-05
5426 0.00826452
5427 3.3476100000000004e-07
5428 9.72584e-10
5432 6.46365e-10
5435 1.1929100000000001e-08
5437 3.73433e-08
5442 1.81915e-05
5443 6.01267e-05
5444 6.41295e-07
5446 2.4744899999999997e-05
5447 4.17553e-08
5449 0.0013875
5452 0.9984049999999999
5456 6.67926e-06
5458 1.50672e-05
5459 0.00108014
5460 0.000320596
5462 0.00507332
5463 1.09667e-11
5464 7.66917e-07
5466 6.3880600000000005e-06
5468 8.25035e-13
5472 0.9580069999999999
5473 6.2945000000000005e-06
5474 1.4218299999999999e-05
5476 1.15719e-05
5477 7.288289999999999e-08
5479 2.05302e-12
5480 4.31026e-12
5482 4.21874e-06
5484 1.1731700000000001e-10
5488 6.51452e-06
5490 0.0337773
5491 3.05374e-07
5492 5.26748e-08
5493 6.85247e-10
5494 6.84579e-05
5495 1.0
5498 7.1150600000000005e-06
5500 0.002463
5501 2.36855e-09
5502 0.9932979999999999
5503 1.23887e-14
5504 1.93981e-11
5505 0.000255815
5506 6.6448300000000005e-12
5512 1.87794e-06
5513 4.5585500000000003e-07
5516 6.64913e-14
5520 2.4841900000000003e-08
5523 8.19806e-11
5525 3.08411e-06
5528 3.04728e-05
5529 0.000163624
5532 0.436779
5533 1.15679e-06
5534 6.21037e-17
5537 0.000254513
5538 0.00976517
5540 3.4314e-15
5543 2.27612e-07
5545 1.801e-07
5546 1.0750799999999999e-05
5548 0.0005655090000000001
5551 3.09684e-07
5553 2.18698e-11
5555 1.05534e-05
5556 3.31104e-05
5557 0.00522804
5558 5.57079e-10
5560 1.69923e-07
5561 3.5263e-08
5562 5.83179e-06
5564 0.00112261
5565 5.0451499999999996e-05
5567 8.25948e-08
5569 5.7599e-06
5570 6.070599999999999e-06
5571 7.58606e-11
5572 0.00336248
5575 2.22599e-14
5578 0.000783143
5580 0.00010376600000000001
5581 0.00017125599999999997
5587 2.72878e-08
5589 3.33867e-08
5594 0.000714916
5595 1.7523800000000001e-09
5596 6.73301e-08
5597 5.93661e-07
5598 4.01826e-12
5602 0.000293939
5604 1.6383199999999998e-07
5607 0.291616
5610 7.986820000000001e-06
5612 3.2648400000000003e-06
5616 2.2487699999999998e-05
5617 1.25453e-05
5619 2.54249e-12
5621 0.990258
5622 3.10712e-05
5623 2.46083e-07
5626 7.947439999999999e-10
5627 1.52058e-08
5628 8.10596e-05
5632 1.73012e-06
5633 1.0563199999999999e-05
5634 0.00639866
5635 1.24674e-08
5638 0.000184012
5642 7.589189999999999e-05
5643 1.06686e-06
5646 0.000599805
5649 3.52819e-08
5650 0.00253674
5651 0.00021185599999999999
5656 2.4441e-06
5659 1.08989e-08
5661 2.7764e-06
5663 9.85365e-08
5665 1.60901e-08
5666 0.0019862
5667 0.9721879999999999
5670 1.4989e-07
5671 8.33211e-09
5673 0.000137349
5675 1.60046e-05
5677 0.0016364
5678 1.31562e-12
5681 0.000237536
5683 6.6574e-09
5684 0.00887043
5688 1.54863e-06
5689 3.33874e-09
5690 5.6583e-11
5691 0.000325158
5692 2.7432199999999998e-05
5694 2.2550999999999998e-11
5698 1.1657899999999999e-08
5703 1.31236e-05
5706 1.29099e-06
5707 0.00010349899999999999
5708 3.8522399999999996e-07
5709 2.39836e-08
5711 1.3669999999999998e-06
5712 0.0006948130000000001
5717 1.0503e-05
5720 8.2095e-06
5721 2.96411e-05
5722 0.00040303699999999997
5724 5.87692e-09
5725 7.361979999999999e-05
5726 7.48704e-07
5727 3.60866e-05
5733 5.93264e-07
5734 0.000564301
5737 6.76907e-11
5739 1.03758e-11
5744 0.999876
5745 2.58739e-05
5746 2.09567e-10
5748 4.30014e-06
5750 9.58813e-10
5751 5.5620699999999996e-08
5753 5.81376e-06
5754 3.1222199999999996e-06
5758 1.34866e-06
5759 2.35388e-09
5763 2.5227200000000002e-08
5766 7.2651999999999995e-06
5767 4.3592599999999996e-07
5770 6.4506e-08
5771 0.00189168
5772 0.793566
5774 5.1092199999999996e-08
5775 4.231609999999999e-09
5776 0.5101439999999999
5777 8.794730000000001e-10
5778 0.000125081
5785 8.36263e-06
5787 9.06262e-07
5792 0.000507449
5793 7.74677e-07
5795 4.58355e-05
5797 2.83499e-06
5798 1.9550899999999997e-09
5800 6.08832e-06
5801 7.026569999999999e-07
5802 0.9980030000000001
5804 7.68197e-06
5807 0.000179286
5808 0.000193547
5809 9.79474e-10
5810 1.48773e-07
5816 3.02423e-15
5820 1.24627e-06
5822 9.607559999999999e-05
5823 4.396959999999999e-06
5827 6.51307e-08
5832 8.170449999999999e-06
5833 0.000125163
5834 8.291209999999999e-09
5835 3.08993e-05
5837 3.23854e-10
5842 1.66772e-13
5844 2.47578e-10
5846 0.0173867
5847 5.231e-10
5848 3.50964e-10
5849 0.0002715
5855 9.10538e-16
5857 7.5448e-05
5858 0.00191695
5862 4.89016e-09
5865 5.3526400000000005e-06
5866 3.4318800000000004e-06
5869 3.20493e-08
5870 1.58414e-14
5871 3.04287e-05
5872 4.9155199999999997e-08
5876 0.00101502
5880 1.31331e-07
5882 1.50569e-06
5883 0.00306399
5886 0.000822743
5887 0.835358
5890 0.00021826599999999997
5891 0.329809
5892 0.00742094
5896 0.000472645
5898 1.0725699999999999e-07
5900 2.90563e-07
5902 2.00543e-09
5904 7.079e-07
5907 1.0313e-06
5913 0.0008934230000000001
5915 0.0397418
5916 0.000572888
5921 0.000456417
5922 0.00534542
5924 3.53756e-07
5925 1.86962e-07
5926 0.000144904
5927 1.4187600000000001e-08
5929 2.87094e-08
5931 0.00164462
5932 7.592329999999999e-07
5933 3.71569e-08
5934 3.63655e-08
5935 1.1777100000000001e-05
5936 9.65588e-05
5937 1.2772200000000001e-08
5939 1.90743e-06
5941 6.30306e-07
5942 6.356149999999999e-05
5943 2.2822099999999998e-06
5944 9.58974e-05
5945 0.00040983400000000003
5946 1.2753800000000001e-05
5949 9.022040000000001e-05
5950 2.25274e-09
5953 0.00123187
5955 5.38589e-07
5957 0.010990399999999999
5958 0.00370467
5959 7.97192e-11
5962 1.4558199999999999e-05
5965 5.76344e-07
5966 0.00048602
5967 1.22384e-05
5969 2.0998099999999998e-05
5972 1.16175e-05
5973 0.000125462
5974 1.86985e-10
5976 1.44922e-05
5977 2.48804e-07
5978 2.33309e-05
5982 0.00740278
5986 1.2840199999999999e-09
5987 8.01255e-07
5993 0.00439971
5994 0.000197535
5997 4.80888e-05
5999 5.49714e-10
6002 7.618560000000001e-06
6003 4.48741e-09
6006 6.93006e-09
6007 0.031837
6008 2.2406200000000003e-06
6010 7.71226e-05
6013 0.000784286
6014 4.4556000000000005e-05
6015 5.01302e-05
6016 2.86336e-07
6017 1.58774e-11
6019 1.3953799999999998e-08
6021 3.36615e-05
6022 1.2829400000000001e-05
6024 1.58249e-08
6031 6.35406e-06
6032 8.4872e-08
6034 2.44035e-08
6036 0.00927626
6037 3.91985e-05
6039 0.00181274
6040 3.20154e-05
6044 8.88619e-07
6047 3.5130899999999996e-07
6048 2.1482400000000003e-06
6049 0.000177719
6050 3.29163e-05
6051 4.924810000000001e-05
6052 3.01268e-07
6053 0.9999950000000001
6054 1.70542e-06
6056 1.7669499999999999e-06
6057 1.37784e-08
6059 3.46707e-07
6060 0.00197647
6063 1.73844e-07
6064 2.35935e-06
6068 7.05034e-09
6072 2.6361e-06
6075 3.5374500000000004e-08
6076 0.000193522
6077 7.63898e-08
6080 1.26558e-08
6081 4.32361e-05
6082 1.0915899999999999e-10
6083 1.49149e-13
6085 8.50354e-05
6086 0.000131458
6087 0.00398057
6090 2.38273e-07
6092 0.00011517299999999999
6093 0.000447505
6094 9.128669999999999e-06
6099 2.24662e-06
6101 0.00012043
6102 0.0314551
6106 0.00126653
6109 1.19676e-05
6110 0.00551295
6112 0.15952
6113 5.94414e-09
6114 0.351538
6115 9.439060000000001e-06
6116 2.03692e-13
6118 2.21507e-06
6119 7.46233e-14
6121 5.30549e-10
6122 7.916570000000001e-07
6126 2.92784e-06
6127 3.3925600000000003e-07
6132 1.0
6137 4.618520000000001e-09
6138 1.8940099999999998e-08
6142 1.82521e-06
6143 1.76507e-05
6144 4.55256e-05
6145 1.23825e-08
6147 7.2564e-06
6149 0.0185783
6152 0.00030284
6154 6.25412e-07
6155 5.17686e-07
6157 0.738712
6160 0.00014722799999999998
6164 0.00181628
6165 1.6125299999999999e-10
6167 0.013965200000000002
6168 0.00105042
6169 2.0234e-05
6173 0.0107333
6178 1.07423e-05
6182 3.2974499999999997e-07
6186 1.76464e-05
6191 6.5528e-10
6192 2.23814e-07
6193 2.34762e-09
6194 6.01261e-07
6195 0.000224661
6197 1.63757e-05
6199 5.69225e-11
6200 1.92406e-05
6204 1.0218e-05
6205 6.50387e-05
6207 1.00738e-05
6211 0.000430066
6213 5.36145e-07
6217 0.000507423
6226 5.1171499999999996e-05
6227 0.0006468719999999999
6228 3.77788e-08
6231 1.9326500000000002e-05
6232 5.33064e-06
6237 6.12095e-05
6239 1.09353e-05
6242 2.09415e-12
6244 0.00508905
6245 2.9243500000000002e-06
6246 2.2362399999999998e-05
6248 3.3530300000000007e-06
6253 7.541060000000001e-07
6255 0.00282174
6256 7.406289999999998e-10
6257 2.36979e-07
6263 8.16167e-16
6265 7.2034e-07
6266 0.00179008
6268 1.0
6271 5.565940000000001e-06
6273 1.37509e-06
6274 2.37918e-06
6278 2.16069e-08
6280 0.00177711
6283 7.59296e-07
6287 1.1706299999999998e-06
6288 0.000782393
6292 3.46231e-13
6293 6.45112e-07
6294 3.6683499999999998e-06
6297 1.24944e-06
6298 6.825180000000001e-09
6302 2.28583e-06
6303 0.000200843
6307 2.17991e-06
6308 3.6784699999999996e-09
6310 0.00137879
6311 1.4030900000000002e-07
6312 4.1839300000000005e-08
6313 1.9019099999999998e-06
6315 2.45008e-05
6316 1.3274e-06
6317 3.19756e-09
6322 5.3979e-05
6324 1.45882e-10
6326 3.66625e-11
6327 1.70122e-08
6328 3.98122e-05
6331 5.42752e-09
6332 5.06978e-07
6333 2.41897e-12
6334 3.88052e-12
6336 5.41842e-06
6340 5.33631e-10
6342 0.995158
6343 0.0018309
6345 7.4581100000000005e-06
6347 5.52361e-08
6354 4.17936e-06
6356 5.36564e-12
6358 2.9581e-07
6359 1.69248e-05
6360 2.6717600000000003e-05
6361 1.29573e-05
6364 4.62771e-05
6365 0.0005941809999999999
6368 2.1616500000000002e-05
6370 0.000871785
6372 1.4344000000000001e-09
6373 0.000250269
6376 3.40511e-08
6378 1.0599200000000001e-06
6379 0.999875
6380 0.00219544
6383 1.41536e-05
6384 3.37138e-05
6386 8.628760000000001e-10
6388 1.45306e-08
6389 5.47764e-07
6390 0.000424805
6393 1.55404e-05
6394 4.95408e-08
6397 1.51308e-08
6399 4.96205e-07
6401 7.221589999999998e-08
6402 1.17824e-06
6403 6.472909999999999e-06
6405 4.25115e-06
6406 4.2471e-05
6407 9.768350000000001e-09
6408 8.19404e-05
6410 2.3911999999999997e-05
6412 2.8362400000000003e-10
6413 5.2051199999999995e-09
6414 0.00017576200000000002
6415 4.2696999999999996e-07
6416 2.49293e-05
6420 4.3680299999999996e-05
6422 2.34807e-06
6423 6.75321e-08
6426 3.17108e-05
6431 3.6135e-10
6432 9.147530000000001e-05
6435 4.25324e-05
6439 5.37819e-06
6441 1.99186e-05
6446 7.46017e-06
6451 2.94779e-06
6452 6.688590000000001e-07
6453 8.876469999999999e-05
6454 2.9704599999999997e-07
6457 3.45303e-07
6460 0.0297686
6461 4.28556e-06
6464 0.00851026
6467 2.63863e-12
6469 3.13762e-11
6471 0.000498975
6477 0.00278675
6478 0.000127992
6479 4.73602e-05
6481 1.1554799999999999e-10
6485 3.1658800000000002e-09
6487 9.339889999999998e-08
6489 0.00105714
6490 1.74882e-05
6491 0.999885
6493 2.0278400000000003e-08
6494 1.08881e-08
6496 0.00010146299999999999
6498 2.42016e-07
6500 0.000242503
6502 5.00567e-11
6504 1.35456e-06
6505 3.63378e-07
6508 5.9231400000000003e-05
6510 5.5720199999999996e-08
6511 0.000130016
6513 4.7958699999999995e-09
6514 3.8219699999999996e-05
6516 0.00010015
6517 3.10276e-05
6518 7.66345e-13
6521 5.77133e-07
6522 0.00153177
6525 6.66418e-05
6526 0.000367669
6527 3.59564e-05
6528 5.0498500000000004e-05
6531 0.00017806700000000001
6533 6.3249300000000006e-12
6535 1.0
6537 8.19021e-05
6539 0.000207212
6540 0.000119121
6541 0.000238184
6544 1.8098599999999998e-09
6545 5.60007e-07
6546 1.0684000000000001e-05
6552 1.54825e-07
6554 4.95901e-06
6555 0.0007862889999999999
6557 7.3601e-06
6558 0.000115215
6559 0.018310800000000002
6561 3.29001e-14
6563 7.90571e-05
6566 3.9743800000000004e-05
6567 2.59863e-18
6568 3.13525e-05
6571 1.25004e-05
6573 0.000128256
6574 4.546169999999999e-06
6577 1.10439e-06
6579 0.00014019
6580 9.653839999999998e-06
6581 1.2032199999999998e-07
6582 0.139247
6586 0.00204442
6589 0.000155372
6590 4.7627700000000005e-09
6591 3.07302e-05
6592 3.89659e-07
6594 3.78564e-09
6596 5.47936e-06
6598 0.00229559
6600 3.03148e-08
6601 1.81041e-08
6604 7.08532e-07
6607 0.185751
6608 4.73358e-14
6613 1.32132e-06
6614 7.64486e-05
6615 0.00135434
6616 0.000779635
6620 8.108410000000001e-10
6623 0.000245798
6624 0.00011695399999999999
6629 8.21583e-10
6630 1.23972e-07
6633 2.00608e-06
6634 8.388769999999999e-07
6639 0.999992
6640 1.0
6641 8.70065e-10
6642 0.9999950000000001
6644 1.80475e-05
6646 4.194219999999999e-06
6649 0.0004997819999999999
6650 0.9999969999999999
6651 3.36161e-06
6653 5.4557e-09
6655 7.46417e-05
6656 0.028853300000000002
6659 0.00299466
6662 4.18388e-05
6663 3.84465e-05
6665 0.0832404
6669 1.3357600000000001e-08
6672 3.76634e-05
6675 0.00432833
6676 1.09523e-07
6680 3.7552600000000005e-09
6683 0.9999969999999999
6685 1.21267e-07
6686 6.1712e-07
6688 2.6248400000000005e-06
6691 1.04925e-05
6692 0.112224
6693 5.13797e-10
6700 3.0076299999999998e-06
6701 9.2144e-12
6705 8.92478e-06
6710 0.000102073
6711 3.27914e-08
6712 5.9488200000000006e-09
6713 0.000121762
6715 3.44266e-06
6716 0.9991459999999999
6717 1.1699700000000003e-08
6720 1.11103e-11
6721 3.14802e-07
6723 1.53961e-11
6724 4.149e-08
6728 0.0005534
6729 0.015808700000000002
6732 8.01935e-05
6733 3.11385e-07
6737 7.37459e-14
6741 5.078080000000001e-10
6742 3.52381e-05
6743 1.46283e-09
6744 0.00954101
6745 5.94964e-05
6746 6.1842e-05
6749 1.7940000000000002e-10
6750 2.65322e-06
6752 1.5828299999999998e-09
6754 2.8197300000000004e-10
6756 0.00044934099999999997
6757 2.62468e-11
6758 3.52421e-05
6763 6.112909999999999e-10
6764 8.29645e-08
6767 0.750657
6770 0.00255902
6771 1.87795e-07
6774 8.43998e-08
6775 2.4383e-08
6776 0.0007283560000000001
6778 0.013640600000000001
6779 5.86257e-05
6780 7.2784e-08
6785 2.8495700000000002e-05
6787 0.000101095
6788 0.0007085189999999999
6790 5.02359e-07
6791 5.7777799999999994e-05
6792 1.34e-05
6793 3.12063e-05
6795 5.9301999999999996e-05
6796 1.83182e-13
6798 6.9252499999999995e-06
6801 5.91656e-05
6804 6.6225e-07
6807 0.000647179
6809 0.00506002
6811 1.56731e-07
6812 0.9983139999999999
6815 7.58735e-06
6816 1.6096500000000001e-06
6817 5.9085e-06
6818 0.0155126
6820 0.00118047
6823 3.73788e-06
6826 1.96186e-08
6830 0.00014206899999999998
6831 1.23903e-12
6832 3.91767e-06
6834 0.999986
6837 0.00647197
6843 1.00808e-06
6846 0.052638800000000006
6851 0.693185
6853 3.1697e-09
6854 1.67988e-09
6856 0.000110759
6857 1.71469e-08
6861 6.01006e-07
6863 2.6028700000000005e-06
6870 2.21553e-07
6871 0.0277913
6872 3.4501999999999996e-05
6873 0.000289342
6875 2.0988000000000003e-05
6877 3.67446e-05
6879 7.920859999999999e-05
6881 0.00428578
6882 2.68729e-07
6885 5.16957e-06
6888 7.98914e-10
6889 3.57493e-05
6890 2.46071e-06
6891 0.00042364
6894 0.00166471
6895 1.24874e-06
6897 4.50002e-06
6898 0.000491166
6901 3.79925e-07
6902 1.71006e-05
6904 0.0041458
6905 5.33875e-05
6906 5.95407e-05
6907 0.000599417
6913 1.6432400000000002e-12
6915 0.00206709
6920 9.946339999999999e-12
6921 6.01203e-14
6923 1.18516e-06
6925 1.27111e-06
6926 0.000123941
6927 0.999993
6928 2.0865099999999997e-06
6929 1.0
6936 8.19853e-05
6937 1.5384600000000001e-06
6938 1.08026e-06
6941 2.0630700000000002e-05
6942 9.77955e-14
6946 1.23811e-09
6951 3.90629e-12
6954 0.000930907
6955 1.2748200000000002e-06
6957 0.00340553
6960 5.80323e-08
6961 1.2972999999999998e-06
6964 0.00011213799999999999
6967 0.9976450000000001
6969 3.80927e-08
6970 9.38283e-06
6973 0.000540634
6974 0.000270086
6975 5.24706e-10
6977 3.75496e-09
6978 9.01707e-06
6979 1.10093e-08
6980 3.59783e-06
6982 5.50476e-06
6984 1.2556700000000001e-06
6985 0.8534579999999999
6986 4.3604300000000005e-05
6991 0.000108148
6992 4.006919999999999e-06
6993 4.89207e-15
6996 2.98363e-06
6997 2.12637e-09
6998 0.000129164
6999 3.22326e-09
7000 0.00016397700000000002
7001 8.939819999999999e-08
7005 3.5283200000000003e-10
7010 2.2800400000000002e-14
7012 4.15056e-07
7013 2.6910599999999997e-08
7014 1.70686e-07
7015 2.01322e-10
7017 6.33666e-05
7019 2.318e-05
7024 0.0309248
7026 0.000134415
7027 7.84025e-05
7028 0.00032811699999999995
7030 3.2565199999999998e-06
7032 1.89324e-07
7034 7.68278e-06
7037 1.24242e-08
7041 1.18098e-06
7043 0.000956632
7044 3.17406e-06
7047 0.00404624
7051 7.533939999999999e-08
7053 2.25417e-05
7055 0.0007159410000000001
7057 6.682910000000001e-06
7060 3.9634699999999995e-05
7061 1.9368000000000002e-06
7063 3.15264e-07
7066 0.000972434
7067 3.29874e-06
7069 0.000261218
7076 3.05236e-06
7081 1.4243699999999999e-05
7082 0.00021207799999999998
7083 0.00035489800000000003
7085 3.90304e-05
7087 0.000740138
7091 1.598e-05
7094 2.4448299999999998e-05
7096 8.254619999999999e-08
7098 8.51101e-07
7099 8.5376e-05
7102 0.9993280000000001
7103 7.66552e-05
7106 0.000159743
7107 3.46498e-09
7110 1.6778e-05
7111 4.27807e-09
7112 3.6004699999999994e-08
7115 2.5216099999999997e-14
7116 9.20854e-06
7118 3.74863e-05
7119 0.00791129
7120 0.00374648
7124 4.67554e-10
7126 6.5534199999999995e-06
7127 2.58936e-06
7131 1.29623e-13
7134 4.6743199999999997e-05
7135 7.8332e-05
7136 4.28981e-06
7137 3.08642e-06
7142 2.3236799999999997e-05
7143 1.53345e-08
7145 1.61563e-05
7151 0.00015274399999999999
7155 2.86305e-14
7156 6.358440000000001e-07
7157 2.95878e-08
7158 0.00033604699999999996
7160 6.89331e-11
7161 0.0177446
7164 1.10622e-09
7169 2.7162800000000004e-05
7170 2.71948e-07
7171 1.21665e-07
7173 4.42191e-06
7175 0.0040751
7176 7.30291e-08
7178 0.00325195
7179 0.010856200000000002
7181 3.3196300000000004e-06
7183 2.04195e-06
7186 1.96403e-08
7188 0.999994
7190 1.70345e-06
7192 9.20755e-08
7195 0.0031605
7196 2.83904e-05
7198 0.0017264
7199 7.545569999999999e-07
7201 0.000564857
7202 0.000246912
7203 2.20807e-07
7206 1.38282e-10
7207 4.18274e-06
7209 7.26449e-08
7218 0.000237885
7220 4.50532e-06
7221 3.99935e-07
7225 1.5196e-05
7226 2.4126900000000003e-09
7228 1.91949e-06
7229 5.01433e-05
7231 0.9457120000000001
7232 8.52834e-10
7233 3.4905799999999997e-09
7235 7.77807e-13
7237 5.388009999999999e-06
7238 1.8532599999999999e-06
7239 0.0191388
7240 2.4853e-07
7242 5.2619300000000006e-08
7246 4.19701e-06
7248 0.000777298
7251 0.00351656
7252 0.00344832
7253 0.000282158
7254 1.47083e-06
7255 2.65267e-06
7257 4.2762899999999995e-09
7262 4.7460200000000003e-05
7264 4.65709e-05
7265 8.6589e-05
7267 1.98717e-05
7268 0.000605615
7269 0.731301
7272 2.59642e-05
7273 4.2375599999999997e-07
7277 0.00014512299999999999
7278 0.00024009599999999997
7281 6.64901e-07
7282 1.21752e-07
7286 4.7476700000000003e-07
7287 1.5357300000000002e-09
7288 1.06118e-09
7290 1.3315700000000001e-06
7291 1.80638e-06
7293 6.46977e-05
7301 1.2809999999999999e-06
7303 0.000380331
7304 9.408200000000001e-05
7306 0.00017878099999999998
7307 9.91915e-13
7309 1.5774800000000001e-15
7310 0.000231279
7312 4.68159e-05
7313 3.45074e-06
7315 1.69771e-05
7316 0.0210408
7317 0.5447069999999999
7319 7.741589999999999e-08
7320 5.447169999999999e-10
7321 5.6314e-06
7324 2.81365e-06
7326 0.999767
7328 0.000613765
7331 9.15047e-06
7332 8.428629999999999e-07
7333 4.09995e-05
7335 3.01963e-06
7337 4.4803499999999995e-08
7338 2.30299e-06
7339 1.5102100000000002e-10
7340 0.9999620000000001
7341 2.9587400000000004e-06
7342 0.000374461
7345 1.19494e-14
7347 4.59523e-05
7348 5.375970000000001e-07
7349 1.7660699999999999e-09
7352 2.41322e-05
7353 0.000692295
7354 9.68782e-09
7355 3.3013100000000003e-07
7357 2.75256e-06
7358 1.05817e-07
7360 1.1758800000000002e-05
7362 1.28933e-10
7364 8.80819e-08
7366 0.000288656
7367 3.11077e-08
7368 1.81161e-09
7371 1.8154800000000001e-06
7377 4.2006500000000005e-07
7378 0.00197218
7379 0.0016454
7380 0.000879114
7382 2.21053e-07
7384 5.224880000000001e-08
7386 1.15328e-07
7387 2.72898e-12
7391 0.0007119030000000001
7392 3.4027e-05
7393 0.000166571
7395 0.00317344
7397 0.991093
7399 1.98493e-09
7400 0.0004485
7401 5.416919999999999e-07
7402 0.00011315
7403 7.39334e-11
7404 8.029189999999999e-05
7405 2.1962700000000002e-10
7406 1.51335e-06
7407 0.0825796
7409 1.54917e-06
7412 0.000297563
7415 1.75634e-06
7418 6.01955e-09
7420 0.00602348
7423 5.22075e-15
7426 1.0
7428 5.2334699999999995e-06
7429 1.76348e-09
7430 2.96476e-09
7434 0.000695765
7440 0.119629
7441 4.073699999999999e-07
7442 5.624490000000001e-06
7444 0.00725871
7447 4.42673e-14
7450 2.08271e-08
7452 8.099e-06
7453 5.2841e-06
7455 1.68888e-07
7456 1.4146e-05
7459 2.28423e-05
7462 3.6014099999999997e-07
7463 0.115949
7464 0.000313852
7469 0.0054353000000000005
7471 3.55921e-05
7472 0.000229345
7473 4.35034e-06
7476 3.65063e-05
7478 3.9319200000000004e-07
7485 6.1982e-05
7487 0.00013167799999999998
7488 6.0651499999999994e-05
7492 7.26811e-09
7494 1.00336e-05
7495 2.27336e-06
7496 0.000740757
7499 1.062e-06
7500 0.000964529
7501 2.8064e-09
7502 5.3985699999999995e-08
7504 4.33035e-07
7505 0.999976
7507 2.45542e-08
7508 8.42393e-06
7509 2.26913e-07
7510 4.4345600000000004e-05
7512 0.00146604
7514 0.00127936
7515 0.00114863
7516 0.00014578
7518 2.01049e-09
7520 2.6207299999999997e-06
7522 4.79466e-05
7529 1.41822e-08
7531 0.00011626799999999999
7532 7.967539999999999e-06
7534 8.71207e-05
7539 0.998806
7541 3.1413000000000005e-08
7542 0.000163513
7545 0.999124
7548 6.48307e-05
7549 6.42501e-07
7550 2.09396e-08
7552 6.35002e-05
7553 2.1707e-09
7554 0.00087462
7556 1.94899e-09
7557 0.998609
7560 0.00347406
7561 2.8792700000000003e-10
7562 7.096489999999999e-06
7564 2.44524e-06
7567 1.93162e-06
7569 0.000192487
7573 1.5003899999999998e-06
7574 3.41404e-05
7577 0.000252806
7580 5.996519999999999e-08
7581 3.91563e-08
7582 0.000259349
7583 2.3427800000000003e-05
7584 0.00306584
7587 0.00190179
7588 6.19757e-05
7589 1.8556699999999998e-07
7591 2.4252599999999997e-08
7593 1.77752e-15
7595 0.00994901
7596 0.00044436199999999996
7597 9.750130000000001e-08
7598 1.40715e-06
7599 5.52185e-07
7602 2.1209599999999998e-08
7604 0.17811300000000002
7607 1.70643e-08
7608 0.895264
7609 0.000152908
7610 7.00528e-05
7613 6.144830000000001e-07
7616 1.94762e-06
7617 3.43448e-08
7620 7.897510000000001e-06
7623 5.77425e-05
7625 7.848220000000001e-07
7627 3.60958e-11
7628 0.027852699999999998
7630 1.0
7632 1.08953e-05
7634 1.25226e-05
7635 7.82096e-06
7636 6.0335200000000005e-05
7638 7.9072e-05
7641 3.76559e-07
7643 2.45132e-09
7644 6.61012e-09
7645 3.23734e-10
7646 1.9463e-10
7648 5.00229e-05
7651 3.87166e-06
7652 0.000696103
7658 3.62072e-09
7659 0.000104702
7660 7.66301e-05
7661 0.000852405
7665 1.53511e-10
7669 0.00335405
7674 1.81644e-11
7676 5.2584300000000004e-05
7681 0.996201
7684 9.043889999999999e-08
7686 4.24618e-05
7689 0.000633337
7690 2.59701e-11
7693 2.12352e-07
7695 2.28514e-05
7698 1.16637e-11
7700 3.69922e-06
7701 5.641979999999999e-13
7703 2.2634499999999998e-05
7706 3.06768e-05
7707 0.230356
7708 3.6424900000000004e-06
7710 1.45464e-07
7711 4.91849e-05
7714 5.4946000000000004e-09
7716 0.0964591
7717 7.32958e-07
7719 0.000408098
7722 2.22969e-05
7725 2.88409e-13
7726 2.76894e-07
7728 0.000764319
7730 0.148045
7733 0.00018565400000000002
7734 5.6366e-13
7737 4.20566e-07
7738 1.7589e-05
7739 7.34106e-05
7741 0.00110312
7744 3.7511499999999995e-07
7747 2.81976e-06
7750 3.47556e-06
7752 0.000402875
7755 0.00015402799999999998
7756 4.2331000000000005e-05
7757 4.2349e-11
7759 0.00010708299999999999
7761 6.52177e-10
7764 8.940049999999999e-09
7766 1.4576900000000001e-05
7769 1.25504e-05
7770 0.000303903
7771 3.00919e-13
7774 8.40892e-05
7778 0.00134376
7780 4.6295600000000004e-05
7782 0.00274009
7783 1.21874e-12
7784 3.3451199999999992e-06
7785 3.1973e-05
7787 0.00116275
7788 6.01773e-07
7789 0.000462008
7792 9.33286e-08
7794 7.153910000000001e-06
7796 0.000268742
7797 3.4950599999999997e-09
7800 6.43489e-07
7801 0.000271087
7802 0.00016334
7804 1.57969e-08
7805 0.0773529
7806 0.00120599
7807 1.9852900000000002e-07
7808 2.37152e-06
7811 0.00010676
7816 4.63066e-06
7817 0.00145872
7818 3.1013099999999996e-05
7822 1.09916e-06
7823 2.2113e-06
7825 2.30958e-08
7827 1.52512e-08
7828 5.02338e-06
7829 0.00040073800000000004
7830 0.00028109
7832 3.61549e-07
7835 1.6591800000000002e-10
7837 9.27918e-09
7839 1.21137e-07
7842 3.80924e-07
7844 2.90363e-10
7846 0.00293367
7848 1.48546e-06
7849 2.84035e-07
7850 5.45479e-07
7851 5.86351e-06
7852 9.36945e-09
7858 1.11275e-05
7860 4.706630000000001e-13
7861 3.63284e-08
7862 1.95116e-07
7866 2.0083000000000003e-06
7867 1.79354e-05
7870 5.24809e-07
7871 0.00114151
7874 7.83777e-07
7875 7.017630000000001e-08
7879 0.00095939
7880 0.00443209
7881 9.472500000000001e-09
7882 1.17808e-09
7887 3.77722e-05
7888 2.70139e-05
7891 0.00191875
7892 0.000140161
7893 0.945664
7894 2.11309e-05
7895 0.013753399999999999
7896 7.022389999999999e-06
7903 1.54517e-06
7904 0.00013716799999999999
7906 2.3084299999999998e-10
7907 2.4943e-05
7912 5.47015e-14
7913 1.5418799999999999e-06
7917 0.000599206
7918 1.0506400000000002e-05
7922 0.00021579299999999999
7927 2.0974900000000002e-08
7929 0.000192809
7930 4.5735299999999996e-05
7934 1.0
7936 0.996778
7937 1.17843e-06
7938 6.2834e-05
7941 0.000993847
7942 0.000139115
7944 8.51989e-09
7945 3.1401e-11
7948 2.48118e-05
7949 8.30794e-09
7951 1.28229e-11
7952 0.0014757
7955 0.0005523619999999999
7957 0.00508403
7960 9.18233e-09
7961 1.58679e-06
7962 6.19028e-06
7965 8.07131e-06
7966 0.00072963
7967 3.6209e-10
7969 4.2643999999999994e-05
7972 1.46842e-05
7973 6.115229999999999e-09
7975 0.000186453
7977 0.000260706
7978 5.59207e-08
7981 0.0152155
7982 1.06165e-05
7983 2.3596900000000006e-10
7985 1.8793799999999998e-06
7986 0.00174119
7988 0.00046961400000000003
7989 8.244030000000001e-05
7990 1.79206e-07
7992 8.84131e-09
7993 4.38289e-11
7994 2.6304200000000004e-06
7995 1.25862e-09
8000 0.00516672
8003 2.9878600000000003e-10
8006 0.000115162
8007 1.01221e-11
8010 3.52582e-06
8011 3.09222e-06
8013 4.22884e-05
8014 9.676309999999999e-05
8015 0.985115
8016 4.30015e-07
8018 2.24044e-06
8020 3.78051e-08
8021 8.49016e-05
8022 0.000698525
8025 0.0228283
8027 0.000130196
8028 0.46716
8030 4.4114e-10
8034 6.78761e-13
8035 1.3722e-06
8038 4.8633e-06
8039 2.09136e-06
8041 0.00017312799999999999
8045 9.46446e-06
8046 1.00051e-13
8047 1.09897e-07
8050 3.8367600000000005e-07
8052 0.000463601
8054 3.0464000000000002e-05
8055 1.35649e-07
8056 0.00618256
8058 0.00011247299999999999
8059 3.0056400000000003e-06
8065 0.00022198
8066 6.78366e-05
8070 1.7293e-05
8071 0.0134613
8073 6.514199999999999e-06
8074 1.39902e-11
8077 2.8933099999999997e-06
8078 0.000236903
8080 1.80861e-05
8081 4.22589e-05
8088 1.2257999999999999e-17
8089 7.27406e-05
8090 9.70038e-05
8092 4.91272e-06
8094 0.00286216
8097 0.999466
8099 2.40242e-09
8102 0.00283763
8104 3.5909100000000005e-07
8109 0.00344218
8110 5.34311e-07
8111 0.0009857380000000001
8113 8.340440000000001e-10
8114 1.54458e-07
8118 0.9942540000000001
8119 0.00034397400000000004
8120 0.000571315
8123 0.030299400000000004
8124 0.000441882
8126 1.6288900000000003e-05
8128 3.1174200000000003e-12
8129 3.87609e-08
8131 5.9210699999999995e-06
8133 2.7064299999999997e-07
8134 6.78231e-09
8135 4.003830000000001e-08
8136 2.0989900000000003e-08
8143 1.3416700000000001e-05
8145 4.2963800000000004e-05
8146 0.20023
8147 1.84869e-05
8148 1.0
8149 5.58274e-05
8152 1.20795e-08
8153 4.26571e-05
8154 1.20187e-08
8155 1.87913e-06
8156 1.5715700000000001e-06
8157 1.24758e-05
8158 5.1238e-08
8161 2.64075e-09
8162 9.434569999999999e-07
8165 4.662409999999999e-08
8167 0.00337954
8170 1.07736e-06
8172 6.53547e-06
8176 1.96304e-05
8178 4.31608e-05
8179 5.52784e-08
8181 7.04495e-10
8182 0.0135602
8183 5.16247e-06
8184 7.372810000000001e-06
8185 5.29536e-09
8187 0.00825842
8192 0.00152734
8193 2.46102e-06
8194 1.6236900000000002e-09
8195 1.73593e-07
8196 0.000250691
8198 1.46381e-08
8201 0.000113425
8205 2.30051e-05
8206 8.60018e-06
8207 0.000159274
8210 3.74324e-05
8212 1.83362e-08
8214 0.999875
8215 8.534379999999999e-05
8217 5.622919999999999e-06
8219 0.000730854
8221 5.59209e-06
8227 1.2429e-06
8228 4.2004399999999994e-05
8230 1.8185400000000002e-12
8231 2.53096e-07
8233 1.1645599999999999e-05
8234 4.52688e-11
8237 2.0243200000000002e-07
8238 1.24547e-05
8239 0.000435641
8240 7.207410000000001e-06
8242 7.47447e-05
8243 0.99998
8245 6.20388e-06
8246 1.21457e-14
8247 9.1236e-08
8249 0.0006428709999999999
8255 4.840600000000001e-13
8256 3.23136e-06
8257 3.2167900000000004e-06
8259 9.76795e-10
8264 1.71072e-09
8265 0.00293163
8266 5.68808e-08
8267 0.000978749
8270 1.13663e-08
8271 2.00604e-05
8273 6.068e-05
8274 1.0430299999999999e-09
8276 0.00011970700000000001
8277 3.43883e-07
8278 6.7951e-10
8283 1.6820099999999999e-09
8286 1.78759e-05
8287 4.08974e-06
8288 7.13844e-07
8289 4.87419e-06
8290 2.18622e-09
8291 1.01165e-07
8298 0.017
8303 0.000193074
8304 3.34788e-05
8305 0.9926729999999999
8308 1.00037e-07
8309 0.000151252
8314 2.12212e-05
8321 0.00125727
8324 2.01717e-10
8325 0.00057274
8328 0.30530999999999997
8330 1.4196900000000001e-05
8331 1.47833e-09
8333 0.0245978
8334 4.6742799999999996e-05
8337 9.65953e-11
8339 0.00011660799999999999
8340 0.00023638200000000001
8343 0.015895199999999998
8344 0.00011115200000000001
8347 8.53441e-07
8348 1.0
8350 1.91421e-07
8352 2.7524400000000004e-06
8353 1.5787700000000003e-10
8354 0.00021596
8356 2.12421e-07
8357 9.109289999999999e-12
8358 2.69597e-05
8361 1.2568799999999999e-06
8362 6.37613e-07
8363 2.26194e-05
8366 2.09038e-12
8367 1.5756400000000002e-09
8369 6.16762e-11
8371 0.999453
8373 0.00022403400000000002
8375 0.000154009
8377 0.000106081
8378 1.02185e-09
8379 5.64132e-05
8380 5.12383e-05
8382 2.23211e-06
8383 3.2754800000000004e-07
8389 0.0005746330000000001
8392 4.34899e-07
8393 0.999345
8394 5.201979999999999e-05
8395 1.08722e-06
8396 1.90224e-08
8399 3.0239699999999998e-06
8400 0.0172704
8401 2.86289e-05
8402 0.00033657699999999996
8404 1.7097799999999998e-07
8405 2.1771499999999998e-10
8406 0.000234844
8407 1.45447e-06
8408 6.35115e-10
8411 0.00498097
8412 5.807009999999999e-07
8414 6.89284e-08
8417 2.98301e-06
8418 0.000688915
8419 0.7731979999999999
8420 0.000108301
8421 1.6606e-10
8428 5.62096e-11
8431 4.21293e-06
8432 3.24656e-08
8435 6.28392e-10
8436 4.28012e-05
8439 0.000122827
8440 1.45826e-05
8441 1.41795e-05
8446 0.000624221
8447 8.719000000000001e-10
8448 1.62532e-05
8451 9.452910000000001e-06
8455 9.69258e-10
8457 1.82492e-08
8458 0.000871848
8459 0.00010955100000000001
8460 7.354739999999999e-05
8463 2.6407199999999997e-05
8464 0.000939568
8469 3.23068e-05
8471 1.7020799999999998e-05
8473 6.16116e-14
8474 7.068270000000001e-05
8476 0.000102936
8479 4.37069e-11
8480 8.90596e-06
8481 2.2141399999999998e-05
8486 1.53781e-06
8487 0.000924108
8488 1.24512e-09
8489 1.9246400000000004e-06
8490 2.5264700000000003e-06
8491 0.00020989099999999997
8493 1.80695e-06
8496 2.0225599999999998e-05
8497 6.57522e-05
8500 1.82263e-07
8501 6.11109e-06
8504 3.8412900000000005e-12
8505 0.00017784
8507 5.20549e-06
8508 1.0
8510 2.90383e-07
8511 3.71637e-11
8515 1.88895e-09
8516 0.000102499
8520 1.2916499999999998e-07
8525 4.77126e-05
8527 1.85302e-05
8528 2.54076e-07
8531 1.28591e-07
8532 0.00233629
8537 1.6545199999999998e-09
8538 0.00306409
8539 5.18858e-07
8540 3.4483400000000003e-15
8543 5.32471e-05
8544 0.0207886
8545 3.50766e-10
8546 1.26191e-11
8547 2.74233e-07
8548 3.33871e-08
8551 4.3838e-12
8552 0.011542299999999998
8554 0.00021785
8555 1.73377e-05
8560 9.16585e-11
8561 4.216359999999999e-09
8563 2.41422e-06
8565 0.995909
8566 0.000138132
8567 0.00116075
8569 2.4108400000000002e-08
8570 6.0362e-08
8571 9.134619999999999e-07
8574 3.44456e-05
8575 2.11637e-05
8577 0.000126379
8578 1.25755e-06
8579 5.39981e-11
8580 2.55238e-06
8583 0.000273161
8589 1.52373e-08
8590 0.000979735
8591 9.975870000000001e-10
8593 3.70719e-06
8594 3.25082e-05
8597 8.62178e-10
8598 0.000310131
8599 5.9435600000000004e-05
8600 3.03042e-07
8603 0.00041128800000000005
8605 0.00023365
8609 6.57393e-10
8611 1.1871500000000001e-05
8613 2.87647e-05
8614 1.05968e-07
8616 3.3135e-05
8619 5.5660699999999995e-12
8622 1.04354e-12
8623 5.03739e-12
8625 8.561839999999999e-07
8626 7.632519999999999e-07
8627 1.31504e-05
8629 0.0633365
8630 2.60548e-08
8631 0.99971
8632 8.62945e-09
8634 7.19344e-07
8637 3.23922e-05
8640 0.9921969999999999
8641 0.00148066
8642 1.72854e-08
8643 2.35369e-11
8646 3.32486e-06
8648 0.000270395
8649 5.77981e-07
8650 7.574730000000001e-06
8651 3.39203e-07
8652 0.0337301
8656 0.9928309999999999
8657 5.9430100000000006e-05
8658 4.56585e-09
8659 6.40804e-07
8660 1.14877e-07
8661 6.72214e-09
8662 1.0
8664 0.0105036
8666 0.00380973
8668 1.00049e-05
8669 5.1032299999999996e-05
8671 1.54777e-06
8672 4.7121299999999997e-07
8673 2.31998e-08
8674 1.8487099999999998e-06
8675 2.91418e-05
8677 3.41447e-11
8678 1.78904e-05
8679 2.48673e-06
8681 6.64542e-07
8682 3.20658e-07
8684 6.873800000000001e-11
8685 0.00406223
8686 3.06153e-07
8689 1.11379e-15
8693 5.35857e-07
8694 1.18923e-07
8696 5.83144e-11
8697 4.53389e-05
8700 6.0478100000000006e-05
8703 3.0308e-06
8704 7.31688e-07
8705 0.00106011
8707 1.1876800000000001e-05
8708 0.00504624
8711 3.29527e-07
8712 2.25213e-11
8714 3.56714e-15
8715 4.3172299999999996e-09
8719 0.00192588
8721 2.9773200000000004e-06
8724 2.90224e-07
8726 4.57057e-07
8729 2.99393e-08
8734 7.57355e-08
8735 3.00243e-05
8736 0.00127771
8737 1.30512e-06
8740 0.00168761
8743 2.83948e-07
8745 7.04766e-09
8746 0.902424
8751 0.000104869
8754 1.80886e-06
8758 1.00855e-05
8761 0.00051128
8762 0.00039983900000000003
8763 5.53671e-08
8765 5.941600000000001e-13
8767 0.00111813
8774 0.000249026
8777 2.4829000000000003e-10
8778 4.03298e-05
8779 1.0861700000000001e-07
8780 0.000262573
8781 0.216525
8782 3.7699199999999995e-15
8785 4.14068e-09
8786 0.0049815
8787 8.108089999999999e-08
8788 1.24425e-13
8789 4.58616e-11
8791 4.83091e-09
8792 7.51432e-08
8795 6.38465e-06
8797 4.03174e-08
8798 3.36043e-07
8800 6.27486e-09
8802 1.8557400000000001e-06
8803 5.10086e-07
8804 1.36573e-05
8807 0.000531032
8808 0.00021559
8812 0.0017674
8816 0.00025251900000000004
8818 0.151387
8820 1.36662e-05
8821 2.55287e-06
8824 1.00811e-11
8825 4.6498499999999997e-10
8827 0.000292233
8828 3.3565799999999996e-05
8829 6.58222e-09
8830 2.1285400000000003e-06
8832 0.11997000000000001
8834 1.8046599999999998e-06
8839 1.54984e-10
8842 0.0338657
8844 2.3259699999999997e-05
8845 1.1887e-11
8846 7.46711e-07
8850 2.2829400000000002e-05
8851 9.81753e-08
8852 8.705419999999999e-12
8853 7.99745e-07
8855 1.28957e-09
8857 8.0528e-05
8860 2.1426199999999998e-05
8861 0.000273997
8863 0.00140798
8864 2.99395e-06
8866 0.000210745
8868 3.4931199999999995e-07
8869 7.33449e-06
8870 1.0
8875 7.02297e-08
8877 5.35372e-07
8881 1.06728e-10
8882 6.80948e-09
8887 3.41738e-09
8889 6.65728e-07
8893 2.7253700000000004e-08
8894 0.00272841
8895 6.7412e-10
8896 9.20507e-10
8897 3.15508e-07
8898 1.33929e-05
8899 4.0547800000000005e-05
8901 9.454440000000001e-09
8902 0.00409297
8903 1.11822e-06
8904 0.000100368
8906 0.000100768
8907 0.00145517
8908 7.86498e-08
8910 5.034270000000001e-09
8912 2.34371e-05
8915 1.0976500000000002e-09
8916 4.48529e-05
8918 7.40907e-05
8922 2.06922e-06
8924 0.000113437
8925 6.244799999999999e-08
8928 0.00203959
8934 1.0
8935 2.41004e-07
8937 0.9474950000000001
8938 4.5155200000000004e-05
8941 5.5194799999999995e-05
8945 0.000117546
8946 0.00124314
8947 3.87303e-06
8949 5.77675e-08
8950 2.30569e-14
8952 2.0811499999999998e-07
8954 5.984219999999999e-07
8956 1.0
8957 2.8942700000000004e-06
8959 0.701287
8963 0.00017610599999999998
8964 0.000170248
8972 3.59805e-05
8974 0.00177109
8977 5.04495e-06
8981 0.999999
8984 0.6107670000000001
8986 2.09062e-07
8990 4.91323e-05
8991 4.74592e-07
8992 0.00212925
8993 0.00406498
8994 7.71288e-06
8996 0.000377322
8998 0.00176112
9001 2.89363e-05
9003 0.00823006
9008 1.77314e-14
9009 4.79229e-05
9010 1.24283e-07
9011 2.7436599999999997e-05
9012 1.9523099999999998e-08
9013 7.779689999999999e-06
9014 2.16742e-05
9017 3.0146100000000003e-07
9021 1.05046e-08
9023 1.71895e-12
9025 1.27869e-06
9026 0.00194036
9028 9.22816e-15
9030 2.44899e-07
9031 3.64185e-05
9033 4.36982e-07
9038 1.06588e-11
9040 5.38233e-05
9041 2.84125e-14
9043 0.000137097
9044 3.4689e-13
9046 4.363819999999999e-06
9047 1.28077e-12
9050 5.6505800000000004e-15
9052 2.29922e-08
9054 0.004691399999999999
9055 0.00189895
9056 5.65849e-06
9057 8.23558e-05
9061 1.2438499999999999e-07
9062 3.74848e-09
9065 9.143059999999999e-09
9067 2.07497e-05
9069 1.75515e-14
9070 1.95316e-06
9071 1.3859100000000002e-09
9074 7.745270000000001e-09
9075 0.000128832
9076 2.31303e-05
9077 6.3919e-05
9081 2.69054e-08
9082 7.89069e-05
9083 4.41584e-07
9084 4.9612800000000005e-08
9088 0.971426
9090 1.40387e-06
9092 3.3590099999999995e-10
9093 0.99969
9095 1.21345e-06
9096 4.89992e-08
9097 9.654710000000002e-08
9101 4.0635900000000005e-06
9102 0.00360895
9103 1.83976e-07
9104 0.258056
9107 0.00164618
9109 0.000195993
9110 2.9496700000000002e-05
9111 1.52216e-12
9115 5.8909399999999995e-05
9118 4.1694e-08
9119 1.95567e-07
9120 0.0060062
9122 2.02245e-06
9124 3.11271e-05
9125 1.17422e-05
9127 1.01261e-05
9130 1.14122e-05
9132 3.04347e-05
9134 9.25248e-11
9135 1.2869700000000002e-09
9137 3.4344e-05
9139 5.45134e-11
9140 0.000418336
9142 3.7807400000000004e-08
9143 2.31045e-06
9145 3.3327300000000004e-18
9146 0.999877
9149 9.68413e-07
9152 5.75948e-07
9154 4.5784e-06
9156 5.31473e-09
9158 1.0
9164 0.00213073
9165 4.6133499999999994e-08
9167 1.2768299999999999e-17
9169 6.36476e-06
9170 0.00023123799999999998
9171 8.396540000000001e-05
9172 7.64175e-08
9176 0.00064012
9182 4.32052e-08
9183 5.96617e-09
9188 3.6458600000000003e-13
9190 1.53548e-06
9198 1.5379300000000003e-17
9199 0.00298798
9201 0.00035497199999999995
9203 2.3236999999999998e-07
9204 0.047671899999999996
9206 3.965119999999999e-06
9207 0.00315298
9210 7.667270000000001e-07
9211 1.7215e-16
9216 5.3130299999999995e-05
9217 4.04722e-10
9219 0.000465824
9220 4.08661e-06
9222 5.405819999999999e-08
9223 1.99821e-05
9225 0.000104141
9226 5.24598e-09
9228 9.44782e-05
9229 3.19904e-08
9231 2.0933e-06
9232 0.000386306
9233 0.00200962
9234 3.7115e-06
9235 0.000297255
9237 9.031799999999999e-13
9240 7.51554e-06
9241 9.831690000000001e-05
9243 7.051089999999998e-10
9248 3.6643899999999997e-05
9253 6.43314e-05
9256 4.41679e-08
9257 2.0956e-06
9258 5.01389e-12
9260 1.26313e-07
9261 0.000719927
9262 2.38625e-08
9263 4.23372e-07
9264 5.51166e-05
9265 0.00016838099999999997
9266 0.643451
9267 7.4364e-09
9274 8.60523e-06
9275 0.0008662230000000001
9276 0.000323345
9277 6.9634899999999994e-12
9280 1.81808e-07
9284 0.00102651
9292 1.5108e-05
9293 4.61664e-06
9294 0.00408947
9297 1.0384800000000001e-05
9298 4.16083e-10
9300 0.263868
9301 0.00044292199999999994
9302 5.66791e-10
9304 1.75674e-06
9305 5.25319e-13
9310 4.31783e-06
9311 4.3633e-06
9313 5.675310000000001e-07
9314 0.00130427
9317 5.49353e-12
9319 7.168770000000001e-09
9320 0.00129431
9321 3.4917800000000004e-08
9322 9.59761e-09
9328 2.31041e-06
9329 4.32671e-07
9332 8.49046e-06
9335 1.59853e-08
9338 5.02958e-15
9340 3.9664299999999996e-07
9341 3.9996000000000004e-07
9344 1.2397400000000001e-05
9345 1.5651e-05
9346 4.2410900000000004e-05
9352 0.00267518
9353 2.23367e-08
9355 5.22947e-11
9356 0.000152227
9357 2.30637e-06
9360 4.7085300000000004e-08
9361 1.10395e-08
9363 3.97903e-07
9364 2.19015e-05
9366 2.56683e-11
9367 3.68591e-05
9369 8.28323e-06
9370 1.29561e-12
9372 1.595e-06
9376 2.32593e-08
9379 2.05646e-05
9380 2.7567000000000002e-06
9381 1.3059e-11
9383 2.51253e-05
9384 0.00241904
9385 2.50352e-05
9387 5.50805e-07
9390 1.0
9391 0.00016404900000000001
9395 0.9999979999999999
9396 5.1322799999999996e-05
9397 7.37932e-08
9399 6.36976e-09
9400 0.00214898
9402 1.29702e-05
9403 0.00139172
9404 0.000244138
9415 0.00501034
9416 4.87265e-06
9423 2.59169e-05
9425 0.00039319699999999997
9426 1.34884e-06
9427 2.48542e-06
9428 0.00206442
9430 1.1772700000000002e-10
9431 1.49226e-06
9435 0.00013475799999999999
9436 3.92856e-05
9441 4.7185e-05
9442 1.5614100000000001e-12
9444 0.000150581
9447 9.22105e-14
9449 7.247310000000001e-06
9450 3.10775e-05
9451 3.45032e-05
9452 1.63705e-05
9453 0.9995950000000001
9462 1.0634700000000001e-08
9467 0.07684289999999999
9471 0.000430634
9473 5.31011e-05
9474 1.8171700000000002e-06
9475 3.24968e-08
9478 0.0039875
9482 3.30595e-07
9483 3.16544e-08
9485 0.000183511
9486 5.08333e-07
9487 2.54504e-05
9489 0.06906060000000001
9492 2.4582899999999998e-09
9493 7.028939999999999e-10
9495 1.90108e-06
9498 7.80706e-11
9501 5.285080000000001e-10
9503 3.11273e-06
9505 8.95975e-06
9506 2.58981e-08
9509 5.81911e-07
9510 6.5272900000000004e-15
9511 2.14161e-05
9513 1.65307e-05
9514 2.5193400000000004e-06
9521 1.1788e-05
9522 2.6741599999999998e-05
9525 1.9084900000000002e-07
9529 5.484019999999999e-06
9530 1.40386e-05
9534 2.39677e-10
9535 2.57105e-05
9536 6.35865e-09
9538 1.06159e-05
9539 4.1689800000000005e-06
9544 7.9313e-06
9547 4.2348199999999995e-05
9548 7.11841e-11
9552 0.00241909
9553 4.28521e-07
9554 5.29927e-06
9555 8.25126e-06
9556 0.00973579
9559 8.413650000000001e-08
9561 2.12039e-07
9563 2.60714e-10
9564 7.95249e-07
9569 0.0203622
9570 8.423069999999999e-05
9572 0.000364135
9574 0.000230261
9575 2.64898e-06
9578 0.000710276
9581 2.55585e-05
9582 0.000189559
9583 1.37213e-06
9589 1.87361e-05
9590 3.61645e-09
9592 5.1951099999999995e-06
9593 4.36353e-09
9594 5.50614e-05
9595 4.92687e-06
9599 1.55752e-06
9601 2.8103700000000002e-08
9602 1.8695900000000002e-08
9604 0.00114915
9606 2.27531e-06
9607 0.650359
9608 6.19181e-07
9610 0.00892857
9612 0.00135345
9616 0.999458
9622 2.77161e-07
9624 7.688270000000001e-05
9625 4.75978e-06
9626 1.40793e-06
9628 6.06438e-06
9630 7.8299e-06
9631 9.70482e-07
9632 1.3801e-06
9633 2.21844e-06
9635 0.0119415
9639 8.09765e-08
9640 3.78204e-07
9642 0.480336
9643 9.64099e-07
9645 2.5831099999999997e-06
9646 0.000592454
9648 1.29385e-07
9651 5.9652e-05
9652 1.63967e-09
9653 1.66758e-05
9657 1.6965999999999997e-07
9660 6.787660000000001e-06
9661 1.3981300000000001e-05
9662 5.934629999999999e-07
9663 7.575010000000001e-07
9665 0.00010494700000000001
9669 2.87282e-05
9672 3.66742e-05
9673 1.47449e-11
9674 2.75451e-13
9675 4.09084e-11
9677 1.4177600000000002e-06
9680 1.24753e-09
9682 3.4868699999999994e-10
9683 2.09745e-11
9688 5.95375e-09
9689 1.54117e-07
9690 5.5495299999999995e-06
9694 2.8685900000000003e-05
9696 4.74519e-05
9697 2.83302e-05
9701 1.9702e-08
9704 2.3995900000000002e-05
9705 2.24188e-09
9708 5.55584e-07
9714 0.00041260000000000005
9715 1.74234e-05
9716 1.0
9720 1.20179e-06
9722 8.61417e-05
9723 2.70042e-09
9725 1.92627e-06
9727 8.981880000000001e-08
9728 0.000152587
9730 0.00014434
9731 1.0
9736 0.010048399999999999
9739 0.000539369
9740 2.65424e-11
9741 5.86132e-06
9742 2.28935e-06
9744 0.00014185
9750 0.00024847599999999997
9751 4.80964e-08
9752 4.86651e-05
9753 0.00043576199999999997
9757 1.82972e-07
9759 0.9999889999999999
9760 8.269040000000001e-05
9765 2.5488800000000002e-05
9766 1.06616e-06
9768 0.000431507
9769 0.0002614
9770 5.65841e-06
9771 3.55766e-05
9775 1.0
9777 3.67717e-08
9779 1.60948e-05
9782 6.17889e-06
9783 4.276e-05
9784 8.79922e-07
9786 2.54539e-06
9787 0.000268312
9788 1.00889e-11
9791 2.9745e-06
9793 1.99786e-07
9795 2.66634e-08
9798 1.59986e-05
9799 1.53281e-06
9802 7.31517e-07
9803 0.00180828
9804 1.5505200000000001e-10
9806 1.87184e-07
9811 1.6599e-05
9812 0.000193025
9814 5.02202e-06
9815 2.79194e-06
9817 0.81652
9818 4.1906499999999996e-05
9820 5.3195900000000003e-05
9821 1.14817e-09
9824 1.4686e-05
9826 0.999964
9827 1.0312e-11
9829 3.1863799999999996e-08
9835 3.86146e-08
9837 6.87069e-07
9838 3.6869600000000004e-05
9840 2.21487e-08
9843 0.0008199689999999999
9844 9.032949999999999e-10
9846 2.98422e-08
9847 3.41794e-07
9849 7.63582e-07
9850 3.61652e-10
9853 0.000131576
9854 2.6364099999999997e-06
9856 4.58022e-05
9857 2.68995e-05
9861 0.101675
9864 2.8199999999999998e-08
9866 6.38983e-11
9871 2.9667e-05
9873 1.8674099999999998e-08
9875 6.222919999999999e-06
9876 3.06147e-17
9883 1.4222299999999999e-06
9885 0.00020251400000000002
9888 2.05165e-06
9889 0.00151825
9890 3.895719999999999e-14
9891 4.60549e-06
9892 0.016601499999999998
9893 0.999653
9895 1.38804e-10
9899 1.5457700000000002e-07
9901 3.7395300000000004e-05
9903 0.000282357
9906 2.09089e-07
9907 0.974673
9909 1.00908e-05
9910 5.9328999999999994e-05
9912 0.000130235
9914 2.08244e-05
9915 1.12609e-05
9916 1.23452e-07
9919 2.0160499999999998e-07
9921 3.25182e-05
9922 1.15459e-07
9924 4.19883e-08
9925 4.09833e-09
9927 7.051309999999999e-07
9928 2.70632e-06
9929 0.000312888
9930 7.343710000000001e-06
9931 5.23894e-05
9933 0.00043750099999999997
9934 0.108904
9936 4.1412399999999996e-08
9937 0.00529222
9941 0.000148426
9943 1.93392e-10
9948 4.65986e-07
9951 8.49171e-05
9952 2.3843200000000002e-05
9953 2.42363e-11
9956 0.000394256
9957 9.22002e-06
9960 2.4790900000000004e-09
9962 0.000102021
9963 1.5673299999999998e-05
