1 1.0463900000000002e-05
2 1.43549e-05
3 5.47041e-05
4 0.000527001
6 1.37673e-05
8 5.29965e-06
10 8.228989999999999e-05
11 7.705500000000001e-07
13 0.00184805
14 0.00153796
15 3.0901099999999996e-10
18 6.59987e-06
22 2.96965e-05
25 0.00011624700000000001
27 4.78921e-05
28 1.6299e-10
29 6.56374e-07
31 3.88438e-07
37 1.14725e-07
38 2.84496e-11
40 3.75958e-12
43 8.917690000000001e-05
45 6.378279999999999e-09
49 0.0005583999999999999
53 3.6063499999999998e-06
54 5.36636e-07
55 3.45075e-07
56 6.42868e-05
57 1.19074e-15
58 1.5964300000000002e-05
59 4.639969999999999e-06
62 0.000116609
67 1.0597e-06
68 2.37416e-14
69 0.00712039
70 8.35376e-07
71 2.44178e-08
74 3.7482699999999998e-06
75 0.00010611899999999999
76 5.7688699999999995e-06
79 4.0007800000000006e-08
80 0.366563
82 9.13958e-07
84 1.00417e-08
85 1.20361e-05
86 0.0082899
87 0.0084817
88 0.000488564
90 3.85703e-05
92 9.217850000000001e-08
94 1.93558e-07
96 0.00015765
97 6.1519e-07
98 5.3533800000000006e-06
100 5.370689999999999e-06
103 0.000465965
105 0.8149310000000001
106 2.64242e-13
108 1.32524e-05
111 0.00402019
114 5.3906e-06
115 6.90363e-05
116 6.58184e-05
119 4.8035e-10
124 6.679059999999999e-07
126 0.00236245
127 0.000269483
128 0.000252275
135 0.0006555889999999999
136 0.00250847
137 0.0302661
139 2.33731e-11
144 0.00021553700000000002
145 0.000383673
148 6.509100000000002e-19
149 3.80882e-07
151 1.21569e-05
152 2.45187e-07
155 1.4555699999999999e-05
157 9.79219e-07
160 4.6053999999999996e-05
166 1.1525799999999999e-05
167 5.09875e-14
168 0.000397245
172 2.59397e-08
175 2.7450299999999997e-08
176 1.0024800000000001e-05
178 5.7280399999999995e-06
179 0.963254
181 1.20424e-05
182 0.00133325
183 1.34785e-07
185 3.7547000000000002e-06
186 0.00048165199999999995
188 1.3921799999999997e-10
191 4.2151000000000004e-05
195 5.849e-05
196 3.85135e-07
197 2.55294e-05
199 6.80861e-11
201 4.32838e-08
202 0.000169431
204 3.78985e-07
205 8.79932e-05
206 0.00210205
212 4.89169e-05
213 2.3137600000000004e-05
216 8.665189999999999e-10
217 1.47697e-05
223 1.79131e-05
226 0.025825599999999997
227 8.329450000000001e-10
230 1.21865e-06
231 0.000224268
234 5.1946400000000006e-09
237 0.00154305
238 0.000291122
239 8.06146e-09
240 2.49876e-06
243 1.90625e-10
247 1.7265000000000001e-06
248 0.000274339
252 6.10131e-07
253 1.4327299999999998e-08
254 0.00383722
255 1.9133e-08
258 0.0108638
260 4.4320999999999995e-06
261 8.14902e-12
264 0.00181994
265 1.40415e-07
267 1.32811e-06
271 0.00290795
272 0.000177198
273 0.00340563
274 1.10787e-10
277 7.708550000000001e-06
279 0.000171393
280 3.83401e-06
281 8.099259999999999e-07
283 8.700610000000001e-12
284 3.89936e-06
286 0.0007065560000000001
287 1.6768699999999998e-07
290 0.00206287
291 1.8548500000000002e-08
292 9.48705e-07
293 2.62163e-06
295 0.0464431
297 5.76237e-05
299 1.73903e-05
300 0.00250524
301 0.000249287
309 3.23004e-09
310 2.8761300000000002e-05
313 1.35023e-06
314 1.91101e-06
315 7.0949e-05
316 6.59889e-05
319 0.000115385
324 3.4370300000000005e-05
326 9.65083e-05
327 5.13269e-06
330 0.00138681
333 3.9225999999999995e-10
335 0.000241705
339 6.6840199999999996e-06
341 1.80321e-06
342 1.6916099999999997e-06
345 0.000309072
346 1.5159400000000001e-05
348 1.02256e-09
350 0.997848
351 4.3351499999999995e-06
353 1.93473e-09
356 0.000619726
357 2.1579799999999998e-07
358 9.988749999999999e-09
360 1.57274e-06
361 3.10253e-07
362 1.00771e-06
364 1.5265899999999998e-13
365 3.51159e-08
366 2.24735e-07
368 5.71561e-05
369 0.000286788
371 0.0105246
375 0.614319
376 0.00184242
377 0.00101479
378 1.2018700000000001e-06
383 4.9992400000000004e-12
384 1.21504e-07
385 2.4157300000000003e-09
386 0.0006366519999999999
388 1.0718800000000001e-05
389 0.00029103
390 3.05291e-05
392 3.3553e-05
393 0.000164797
397 1.3765200000000002e-06
398 5.415980000000001e-06
399 6.87404e-11
401 3.7620400000000004e-08
402 8.980920000000001e-05
405 0.0005379769999999999
409 1.87658e-05
410 0.00039293300000000004
412 5.05142e-05
413 4.13791e-05
414 5.21012e-11
415 2.50087e-06
418 0.00587833
421 9.69951e-08
422 2.68337e-07
423 0.000124008
425 3.5505699999999995e-06
426 0.00198546
429 7.80083e-06
432 0.00356668
434 5.65374e-05
436 9.38676e-06
437 4.87553e-05
440 4.66625e-05
441 6.075739999999999e-09
442 9.56862e-12
444 0.94794
445 1.9999700000000004e-06
447 0.000922874
449 0.317943
451 1.6866400000000001e-06
452 3.47068e-05
453 1.48346e-05
455 5.52902e-05
456 4.68663e-05
457 0.00081041
458 6.55474e-05
465 3.60112e-05
466 0.000209172
467 4.0793999999999995e-08
471 0.000271956
472 1.7199e-17
473 0.6306470000000001
475 6.34742e-08
478 6.4187300000000005e-06
479 0.000322125
481 0.225806
485 0.000255103
487 3.0850899999999997e-07
488 5.09083e-06
490 7.0540699999999995e-06
493 1.4651400000000002e-05
495 0.00873546
497 2.9696299999999995e-10
502 3.06568e-05
504 0.000200158
505 2.26827e-05
506 8.93852e-07
507 1.84174e-05
510 4.276169999999999e-06
511 0.00210105
512 4.23193e-07
517 8.37494e-06
521 0.00011104100000000001
527 7.96002e-12
529 0.029432099999999996
532 2.96689e-07
533 0.00103114
534 0.000295147
536 1.7752500000000002e-10
538 5.45811e-07
539 0.00012745
542 1.14012e-08
546 4.55499e-07
547 0.00912021
548 8.888530000000001e-05
551 0.0091571
553 1.2041600000000001e-09
556 1.05276e-06
557 0.000955967
558 0.480763
560 0.164383
561 3.14255e-10
562 1.3878200000000001e-08
566 4.511369999999999e-08
567 1.7628000000000001e-07
568 1.78808e-06
569 4.72659e-12
570 8.846360000000001e-08
571 0.00021965599999999999
572 7.239370000000001e-10
573 1.4414700000000001e-05
574 2.06478e-07
575 0.000353703
576 0.028910599999999998
578 4.45851e-05
580 1.31555e-06
584 6.57034e-10
585 6.31882e-08
586 0.00250775
587 6.40111e-06
593 1.31286e-07
594 3.01556e-07
595 7.00827e-06
596 0.000333426
600 0.00279754
602 0.000152182
603 2.15188e-06
604 8.28852e-05
606 6.63322e-07
607 3.06024e-05
611 2.77438e-05
614 7.420899999999999e-13
615 7.6030799999999995e-06
616 0.000258762
617 0.00013782
618 0.010771600000000001
621 1.9158e-05
623 2.14221e-06
624 1.24419e-07
627 8.480970000000001e-07
629 6.06441e-05
630 4.8582700000000004e-09
631 0.0505423
634 0.00151528
636 1.4853e-06
638 1.04871e-08
639 0.00035838300000000004
640 6.83134e-15
641 7.793480000000001e-06
642 2.04131e-05
643 0.000899633
644 1.33969e-12
646 5.0043699999999995e-06
649 3.98184e-05
650 9.98043e-05
651 3.12435e-05
652 4.09087e-06
655 1.83113e-08
658 1.10867e-06
659 1.9257599999999998e-08
662 2.56302e-10
664 8.91427e-05
665 2.49651e-11
666 0.00035894
668 2.8253700000000005e-06
669 0.000200115
670 1.7499000000000002e-06
673 7.71137e-06
674 0.0008238089999999999
678 1.53508e-07
679 9.954959999999999e-05
681 6.216469999999999e-06
683 2.00404e-06
687 1.60852e-06
691 6.31261e-08
692 2.99469e-06
693 3.33148e-05
696 0.000154414
697 2.17681e-05
698 0.00031206
701 0.00010714200000000001
703 3.29071e-05
704 0.0005886569999999999
706 1.54972e-05
708 0.00024255599999999997
715 1.14027e-05
716 0.000162864
718 1.8591e-05
719 6.01014e-07
721 1.20849e-05
722 1.17157e-07
723 4.3113999999999994e-05
724 6.181280000000001e-06
725 0.00366588
727 3.5845099999999996e-06
732 5.00458e-05
734 0.000100719
735 1.62057e-08
736 1.0650499999999999e-06
737 0.00479337
741 3.91009e-14
743 0.00506015
744 3.64975e-05
745 9.44859e-05
747 1.55016e-08
749 2.5759099999999996e-09
751 0.00253961
757 7.5084e-07
758 4.1145999999999994e-10
759 1.2925799999999999e-08
762 0.000191493
765 0.00032041299999999997
766 4.15504e-06
769 1.1833299999999999e-05
773 1.06902e-05
775 9.245810000000001e-08
778 6.133130000000001e-05
779 2.7719299999999998e-08
781 3.92164e-05
783 0.00043422800000000004
784 1.04092e-05
785 6.27438e-06
788 7.86878e-06
789 1.10942e-09
790 3.2083000000000004e-05
792 0.921982
795 0.0253238
798 1.33963e-12
801 4.17276e-08
803 1.59228e-07
807 0.0100504
809 1.91396e-06
811 0.999923
813 7.55513e-10
817 0.00580435
819 1.29393e-07
821 2.3351700000000002e-05
824 4.90133e-07
825 1.64418e-12
833 3.848e-05
835 1.3860299999999997e-10
836 1.30527e-05
837 0.6550630000000001
838 7.3682e-15
839 2.84108e-06
840 3.5468000000000005e-07
841 9.13636e-06
844 1.18384e-06
846 0.00033224800000000005
852 3.7262600000000005e-05
853 4.8548e-08
856 0.000389746
858 1.08644e-07
861 4.83967e-06
864 6.18137e-10
866 6.68934e-05
869 0.0193845
870 1.5141e-05
873 4.73268e-05
875 1.97474e-05
877 7.53625e-05
881 1.1487799999999998e-06
883 1.44273e-06
884 4.0167700000000006e-07
886 1.03814e-05
890 0.00022621400000000003
891 1.4178099999999999e-05
893 0.00017889400000000003
894 1.5232100000000001e-05
897 3.6369e-07
901 0.0014109
905 0.023732200000000002
907 0.055746800000000006
909 1.94922e-05
910 4.1382800000000004e-07
913 0.000235666
914 0.239231
916 2.98402e-10
922 0.000155196
924 2.20352e-07
925 2.1156099999999996e-08
927 2.1162600000000003e-05
928 1.23945e-05
930 2.47896e-10
932 3.5875e-05
933 0.00020161299999999998
938 7.60982e-07
939 0.00127684
940 2.2721199999999998e-07
941 8.5848e-06
942 8.148999999999999e-10
944 0.00144365
945 3.47646e-07
952 3.40839e-05
953 2.1610299999999997e-06
955 0.000151985
956 0.000420949
957 5.96135e-05
959 1.9024900000000001e-06
960 0.00112955
961 6.162149999999999e-05
963 1.27266e-07
968 6.17446e-07
969 3.13814e-05
970 0.000145928
974 2.50528e-10
975 6.7363e-06
976 0.00785606
978 3.1936799999999995e-05
979 0.00035718400000000003
981 8.533319999999999e-05
983 0.00187232
984 7.26414e-05
985 1.70226e-05
986 9.512480000000001e-06
988 6.50181e-05
990 8.287e-05
992 1.7963799999999998e-07
994 1.04568e-09
995 0.9672139999999999
998 4.14863e-11
1000 2.39513e-06
1003 6.18483e-07
1005 7.321219999999999e-07
1006 0.00034099300000000005
1007 9.95531e-10
1013 0.000106208
1016 4.5488599999999995e-06
1019 2.97055e-11
1020 0.000114431
1021 3.1696200000000003e-10
1022 0.000185382
1023 2.88291e-06
1025 4.8571700000000005e-09
1026 1.74706e-05
1029 1.9320700000000002e-08
1030 3.77351e-08
1031 8.821899999999999e-07
1032 1.83542e-09
1033 1.9625900000000002e-06
1034 0.0012507
1035 3.54943e-07
1037 0.00289805
1038 0.000243837
1039 4.58997e-06
1040 3.98909e-05
1044 0.0016117999999999998
1046 0.000719844
1047 4.33856e-07
1048 4.5756e-05
1049 0.700643
1051 1.51179e-13
1054 6.83927e-05
1055 0.000121846
1058 0.00160487
1059 0.36896599999999996
1063 2.8829200000000002e-05
1065 8.58473e-05
1067 9.10028e-08
1070 1.3614799999999999e-06
1075 0.0005090019999999999
1076 8.41858e-05
1080 0.000160331
1081 8.04055e-07
1085 9.95554e-10
1086 0.00066155
1087 0.0006059780000000001
1088 2.11035e-06
1089 1.0337e-08
1090 0.000163204
1094 1.7185899999999998e-05
1095 1.64175e-05
1096 5.25174e-14
1098 3.358119999999999e-14
1099 0.00036072400000000004
1100 0.000568927
1103 3.25999e-05
1105 5.31439e-06
1108 0.0009053139999999999
1111 0.031291200000000005
1114 0.00041642800000000005
1115 3.4761500000000002e-09
1116 3.69028e-05
1117 5.3547699999999996e-06
1118 2.1823800000000003e-05
1120 0.00207758
1122 2.47376e-08
1123 0.000143341
1126 6.024580000000001e-10
1128 6.6717200000000006e-06
1131 5.00421e-06
1132 4.92871e-05
1133 5.40824e-07
1134 8.791910000000001e-08
1135 1.16831e-06
1138 2.99926e-07
1139 2.01169e-11
1141 0.0203307
1146 0.000145351
1150 2.42548e-09
1153 0.000348314
1155 0.931373
1157 1.46042e-08
1159 6.38846e-05
1162 0.000314262
1163 3.2052099999999997e-06
1165 0.0235058
1167 6.1634e-05
1169 9.57365e-07
1173 8.46781e-07
1177 1.61101e-05
1178 4.2419499999999997e-07
1179 4.80969e-08
1180 0.000151
1181 3.3875300000000004e-15
1183 7.44779e-06
1188 0.709543
1189 8.12893e-09
1190 8.044230000000001e-07
1193 6.511520000000001e-07
1195 0.00107757
1196 3.06373e-08
1197 4.00386e-05
1198 9.579360000000001e-08
1202 3.28731e-06
1208 0.000147472
1210 0.000230073
1213 0.000718969
1216 0.000798778
1217 0.000114936
1218 3.16508e-08
1219 0.000114164
1220 2.39284e-06
1222 0.00036796
1223 1.16127e-07
1227 0.0461266
1228 4.69535e-06
1232 0.000515108
1235 1.89271e-05
1238 9.542210000000001e-12
1242 0.000161556
1243 1.90801e-05
1244 1.7324400000000002e-06
1245 1.98905e-05
1246 0.00237638
1249 8.07487e-05
1251 0.00021004700000000002
1252 1.31869e-06
1253 5.6783699999999996e-05
1255 0.000623386
1256 0.00401151
1257 5.4524699999999995e-06
1261 4.49538e-05
1262 4.77065e-18
1264 2.00089e-09
1267 3.85227e-06
1271 7.32821e-05
1275 1.7832599999999999e-06
1276 1.80738e-06
1278 2.82997e-07
1280 4.66617e-06
1282 3.71042e-05
1283 6.869630000000001e-06
1285 8.735249999999999e-06
1291 1.5203e-05
1295 1.8506400000000002e-06
1296 5.19307e-11
1297 1.08317e-06
1300 3.47823e-05
1301 6.705760000000001e-08
1302 9.365939999999999e-06
1303 8.75733e-07
1305 0.0037193000000000005
1306 2.96698e-08
1307 2.43787e-06
1308 5.597040000000001e-06
1313 7.09865e-05
1317 2.64659e-05
1318 6.57922e-05
1319 2.1656500000000002e-05
1320 5.5786e-06
1321 6.91888e-06
1322 7.547610000000001e-06
1328 3.5027199999999996e-05
1329 0.00016792400000000001
1331 2.7798300000000003e-07
1335 8.24662e-06
1336 6.02967e-13
1338 7.39573e-09
1339 0.00016254100000000001
1340 7.263010000000001e-05
1342 0.44484700000000005
1344 2.03728e-06
1347 1.44882e-05
1349 0.0005301840000000001
1351 1.3616600000000001e-05
1353 1.6693900000000002e-08
1354 1.43304e-05
1355 0.870825
1356 3.0781300000000003e-07
1357 2.41641e-07
1358 3.89941e-06
1359 3.858430000000001e-06
1363 1.26656e-06
1366 0.00010291799999999999
1367 3.26355e-09
1368 5.28679e-05
1369 2.3441e-09
1370 9.570280000000001e-10
1372 1.4769299999999998e-06
1373 2.97986e-06
1374 2.23735e-07
1376 0.000342717
1377 0.000978867
1379 1.71676e-05
1380 5.54095e-05
1381 5.35431e-11
1382 0.000393348
1389 0.00018778099999999998
1391 1.20208e-08
1392 2.81302e-10
1394 4.17624e-05
1396 0.00599697
1398 2.3316099999999997e-06
1399 0.000658559
1401 1.98682e-08
1403 2.33138e-07
1407 0.00336542
1410 0.981118
1411 2.00271e-07
1412 1.4733000000000001e-06
1415 0.00141089
1416 4.71573e-06
1417 1.1684e-05
1419 2.35762e-05
1422 5.88044e-06
1423 7.00644e-05
1424 4.0163e-05
1425 0.00296387
1428 0.000250991
1429 2.1352800000000003e-05
1431 1.80188e-05
1433 0.00011093
1435 3.10272e-05
1437 0.0016699999999999998
1438 0.00148666
1440 2.8146e-11
1446 2.74033e-07
1447 3.76663e-10
1448 0.00100225
1449 4.92573e-07
1452 0.000348418
1454 0.00106115
1456 0.00123811
1458 4.05316e-05
1459 1.71272e-05
1461 6.57221e-05
1462 0.00320521
1469 3.28129e-05
1471 4.95226e-05
1473 4.30346e-05
1474 0.998426
1476 3.4413699999999997e-08
1477 2.2643900000000002e-08
1478 2.39584e-05
1482 2.59112e-05
1487 0.07358789999999998
1489 3.0531400000000003e-06
1491 1.67646e-06
1495 0.00322163
1496 1.1736e-15
1500 1.24514e-07
1502 3.8259000000000003e-11
1503 5.6394e-08
1505 0.000612121
1506 1.36747e-05
1507 7.06652e-05
1508 0.049395
1511 1.3549e-09
1513 1.13551e-06
1516 5.04325e-13
1518 9.770289999999999e-08
1519 9.70838e-06
1520 8.328300000000001e-06
1525 1.4673e-06
1527 0.890231
1530 5.86084e-05
1533 1.64579e-05
1534 0.000156224
1535 0.00528882
1538 1.79735e-06
1540 4.38457e-06
1542 1.20675e-06
1546 1.0806799999999998e-08
1547 3.8215800000000004e-10
1549 1.9850099999999998e-08
1550 3.74491e-08
1551 1.30292e-10
1552 1.23346e-06
1558 2.29692e-05
1560 3.58368e-08
1562 2.15357e-06
1564 6.710339999999999e-07
1566 2.92083e-05
1567 3.97271e-07
1568 0.000710602
1569 9.4612e-06
1570 7.49914e-07
1572 6.25927e-09
1573 1.24111e-08
1574 0.00619638
1575 0.00227564
1578 4.99491e-06
1581 1.3395e-05
1583 0.000653915
1584 0.00122537
1585 5.87882e-07
1587 8.70673e-08
1589 0.000578129
1591 0.999402
1592 0.000141719
1596 0.000627766
1599 4.07071e-06
1600 3.09879e-05
1601 6.88752e-09
1602 0.0378075
1605 0.0252996
1606 3.78803e-09
1609 6.0216300000000005e-06
1613 8.42832e-08
1615 1.2039000000000001e-05
1616 9.24052e-06
1619 6.21568e-08
1620 1.2465299999999998e-10
1621 2.41342e-06
1623 1.56012e-06
1624 8.16313e-06
1625 0.000635842
1626 1.3659300000000003e-09
1629 3.99852e-05
1631 0.00040423900000000003
1634 0.395492
1635 0.00172948
1637 0.000656138
1639 5.73941e-07
1641 8.606130000000001e-06
1644 1.2887e-05
1645 3.77809e-05
1646 0.896338
1648 9.665310000000001e-06
1652 0.000120275
1655 2.26214e-05
1656 4.63742e-05
1657 3.36685e-07
1658 3.0482099999999997e-06
1659 0.0167312
1660 7.27955e-09
1663 5.32765e-07
1664 0.00520638
1665 2.13674e-07
1666 0.00015360799999999998
1667 0.00308546
1668 8.16457e-05
1670 8.64606e-08
1671 0.000481395
1672 1.8894e-08
1674 1.10368e-06
1679 7.160509999999999e-07
1681 0.000119062
1687 9.8517e-06
1692 6.3897e-06
1694 6.899389999999999e-12
1695 1.4189000000000001e-05
1696 1.08e-06
1697 0.042471300000000003
1698 0.777759
1700 2.58608e-06
1701 2.5801299999999996e-06
1702 1.0516700000000002e-09
1703 0.000904437
1704 1.9248599999999997e-08
1705 0.550245
1706 5.20001e-06
1709 1.89686e-07
1710 3.07418e-06
1712 3.71852e-05
1715 0.00732396
1716 0.00207713
1719 0.00021435400000000001
1720 4.90071e-05
1722 0.00147029
1728 8.73742e-06
1731 4.00729e-05
1735 9.76345e-06
1736 1.20249e-05
1737 3.00167e-11
1740 0.024558
1742 1.0787599999999999e-08
1743 6.0997400000000005e-06
1744 1.6094e-07
1745 0.00781928
1748 4.17992e-09
1751 2.8495900000000003e-05
1753 0.0222293
1757 0.000134153
1760 9.19184e-06
1762 3.4249400000000003e-06
1763 1.62189e-05
1764 1.73743e-05
1767 5.87947e-05
1769 2.24712e-05
1770 3.69063e-05
1773 0.0345795
1774 0.000189777
1776 0.000443982
1779 3.90843e-06
1781 0.00039899699999999995
1783 0.00232469
1786 0.00365278
1788 1.0187700000000002e-08
1790 1.92588e-09
1791 1.40043e-05
1792 0.00362296
1794 4.98708e-07
1796 5.76236e-07
1798 1.19553e-10
1802 3.28695e-05
1803 1.5487200000000002e-06
1804 4.58683e-06
1805 3.44364e-05
1808 1.7282199999999998e-07
1811 2.95844e-07
1812 2.2872600000000002e-05
1813 8.584459999999999e-05
1814 1.1093099999999999e-05
1815 2.47964e-05
1817 8.62604e-07
1819 1.75438e-06
1820 5.3051400000000005e-06
1822 0.995734
1823 4.1024799999999994e-05
1824 4.20718e-09
1826 0.000206417
1829 0.00021223
1831 1.00471e-08
1835 6.41142e-08
1838 4.90059e-09
1839 7.67264e-06
1844 8.90961e-11
1846 0.000630793
1848 7.187769999999998e-10
1850 0.00359479
1851 3.2356e-05
1852 3.4226999999999996e-05
1856 9.202580000000001e-06
1857 0.000141474
1859 2.61953e-12
1863 1.84667e-06
1865 3.45004e-05
1866 0.000109529
1867 5.998619999999999e-06
1868 5.48722e-07
1869 3.6154400000000004e-06
1871 2.48793e-12
1873 1.20927e-06
1874 7.8536e-09
1876 8.13748e-09
1879 0.00022649900000000001
1880 6.83621e-05
1883 2.03712e-06
1884 0.0465552
1885 0.00115642
1886 0.000330206
1889 3.3464800000000002e-09
1890 4.30652e-06
1891 1.01993e-06
1893 7.6507e-05
1895 0.9465020000000001
1897 4.77922e-10
1900 2.5697800000000003e-05
1905 7.77301e-06
1908 4.4412e-07
1909 6.85101e-09
1910 0.00019246900000000002
1912 2.56727e-13
1913 2.9748400000000006e-06
1914 4.99708e-07
1916 1.08915e-08
1917 0.000301368
1919 2.27597e-06
1921 8.11047e-05
1923 2.16392e-06
1924 1.75642e-06
1925 1.7261800000000002e-07
1926 0.00177667
1929 1.75537e-12
1935 9.6318e-06
1939 0.000101847
1942 0.00033581400000000003
1943 7.09023e-05
1946 0.000361125
1947 0.00013938
1949 3.19447e-07
1951 0.00172597
1953 2.90483e-07
1955 6.40555e-05
1956 0.000442429
1957 2.1315500000000003e-05
1959 7.623439999999999e-15
1961 1.3487000000000001e-06
1965 0.00019320400000000002
1966 3.67365e-05
1967 2.67947e-11
1968 7.2445100000000005e-06
1969 1.5928800000000002e-05
1973 0.000149666
1974 0.151679
1975 1.2894799999999998e-06
1979 0.00152721
1983 3.78232e-09
1984 0.00017078599999999997
1986 0.00122042
1987 1.29522e-07
1988 7.608439999999999e-09
1990 5.772269999999999e-06
1991 1.3946000000000001e-08
1992 1.34317e-07
1993 4.10189e-05
1994 6.76005e-07
1996 6.06985e-06
1997 4.11813e-19
1998 4.7500600000000004e-09
2003 5.73792e-09
2005 5.22188e-05
2007 9.508739999999999e-09
2008 1.25864e-10
2009 5.538790000000001e-07
2010 3.25277e-08
2013 4.4222700000000006e-05
2014 1.6478e-05
2016 0.0020442999999999998
2017 1.38999e-05
2018 2.58836e-07
2026 9.83693e-07
2028 0.00183613
2029 0.9946780000000001
2031 2.4523e-06
2032 0.0125342
2033 8.43754e-07
2035 1.4263299999999998e-08
2038 0.00250928
2040 8.490799999999998e-07
2041 0.00284125
2044 1.0826500000000002e-09
2046 0.00011457399999999999
2048 8.64288e-08
2050 9.05707e-06
2052 0.00011831
2053 1.62363e-06
2057 0.00425259
2059 2.5862599999999996e-08
2060 0.000136395
2062 2.3361999999999997e-07
2065 6.8403e-05
2066 8.33219e-05
2071 0.000243681
2072 4.20874e-05
2073 4.22372e-05
2074 3.8569400000000004e-05
2075 6.35762e-07
2076 0.00064157
2077 6.88931e-06
2078 9.14659e-14
2079 5.3139899999999996e-05
2080 7.596389999999999e-06
2081 3.5216900000000003e-10
2084 1.05754e-07
2085 0.636072
2087 5.3808400000000005e-06
2089 8.65854e-11
2092 0.0149017
2093 3.19961e-11
2097 0.000304826
2100 0.00171151
2103 2.0934900000000002e-10
2105 4.44263e-10
2106 9.152819999999999e-10
2107 0.028591700000000005
2110 0.00681645
2111 2.46269e-05
2113 7.83802e-09
2115 0.00018837599999999997
2118 0.000546858
2119 1.60099e-06
2121 0.000133712
2122 0.0007213030000000001
2123 2.10637e-06
2127 1.3192700000000001e-07
2128 2.01724e-07
2130 4.02271e-07
2131 1.86546e-05
2133 1.1245399999999999e-05
2137 7.440680000000001e-07
2138 2.31408e-06
2141 9.83913e-05
2143 7.4123400000000005e-09
2144 0.00245115
2147 8.89006e-08
2148 1.50162e-12
2149 0.0007967060000000001
2150 6.154270000000001e-05
2154 6.09411e-06
2157 2.4340500000000002e-05
2159 7.334069999999999e-06
2160 4.5933699999999995e-06
2161 4.29061e-05
2162 1.8141300000000002e-05
2164 3.34639e-07
2167 4.4838999999999995e-05
2168 8.30496e-09
2173 8.32343e-05
2175 0.999484
2177 3.9460700000000003e-07
2185 1.33918e-07
2188 5.0754700000000004e-05
2189 1.43777e-05
2195 2.25735e-05
2198 0.006446600000000001
2200 2.15388e-05
2203 0.00011687299999999999
2204 1.67809e-05
2205 5.85505e-07
2206 3.1169000000000003e-09
2207 8.41893e-09
2210 0.000188562
2211 0.000148256
2216 0.000266522
2217 1.5257300000000002e-08
2222 2.10159e-05
2223 2.32492e-05
2225 0.338591
2227 2.4665900000000003e-12
2229 1.83719e-09
2230 0.000112068
2231 0.000145924
2232 6.16555e-05
2235 2.69023e-05
2236 3.58637e-07
2239 1.8255900000000001e-07
2240 2.67671e-06
2242 5.314e-08
2243 0.000936685
2245 4.05593e-06
2246 0.000575243
2250 0.00153492
2252 1.0642899999999999e-07
2254 2.26561e-05
2258 4.6836899999999996e-09
2262 0.000137746
2264 0.000302925
2269 0.00349372
2271 1.56022e-08
2274 0.997303
2275 1.7544600000000002e-10
2282 6.32438e-07
2283 0.00010013700000000001
2286 1.85601e-06
2289 0.0368068
2292 7.65554e-09
2294 2.3094799999999998e-07
2295 0.000164385
2296 0.000243506
2297 0.0008517630000000001
2298 6.435689999999999e-06
2299 0.000149151
2301 1.1794700000000001e-06
2303 1.51415e-05
2304 2.0938500000000003e-08
2309 4.04337e-15
2312 1.1919200000000001e-05
2313 2.04447e-05
2314 0.000740732
2316 6.35404e-05
2317 1.20741e-05
2319 4.836269999999999e-06
2322 0.000223353
2325 0.00026646
2326 1.02224e-07
2327 6.0595e-08
2331 7.57133e-06
2336 2.93267e-09
2338 1.74785e-07
2339 0.000137664
2341 1.63749e-05
2344 0.00041196699999999995
2346 9.693729999999999e-07
2349 1.56254e-06
2351 1.76321e-08
2353 3.28286e-06
2356 4.3948100000000005e-09
2357 0.00651634
2358 0.00956365
2360 2.02188e-06
2363 0.0009756210000000001
2365 3.05288e-05
2370 1.17282e-08
2379 6.53479e-10
2380 6.07398e-06
2381 0.000319299
2383 4.0786199999999996e-08
2386 6.16113e-05
2388 3.0371300000000002e-05
2389 3.0548900000000006e-08
2390 0.17061400000000002
2394 9.644180000000001e-05
2395 0.424141
2396 6.24767e-07
2397 2.05141e-06
2398 0.000124156
2399 3.6388599999999995e-07
2400 2.31244e-08
2402 6.08229e-07
2406 2.2083400000000003e-05
2408 3.1261099999999997e-07
2409 3.75973e-06
2412 0.0008548410000000001
2414 0.00038564
2416 3.3315599999999997e-05
2418 0.000812425
2421 2.4720900000000002e-05
2422 4.66801e-08
2424 2.96388e-05
2426 2.5540999999999997e-13
2428 5.3555600000000006e-05
2429 3.0988e-05
2430 7.22942e-08
2431 0.00321669
2432 0.000925261
2434 3.69045e-05
2438 0.00011452100000000001
2440 5.75079e-13
2446 9.075079999999999e-08
2447 2.72145e-05
2449 0.683585
2451 0.000128846
2453 2.79831e-07
2455 3.1107900000000003e-07
2457 0.0127867
2463 1.25556e-06
2464 2.1360100000000002e-05
2467 2.94788e-08
2469 2.56296e-06
2473 1.7574899999999999e-09
2474 4.57259e-05
2475 4.60335e-08
2482 0.00122304
2484 0.00395375
2485 1.92001e-05
2486 2.2987799999999998e-06
2487 8.23745e-06
2488 6.50677e-10
2489 0.000172583
2495 0.00011423200000000001
2498 1.8795999999999998e-05
2499 0.000659057
2503 1.1703399999999999e-06
2506 4.77047e-09
2507 2.58689e-07
2509 0.00010879
2510 1.86522e-10
2511 0.000643892
2515 9.94031e-07
2516 1.15837e-06
2517 3.4874099999999996e-07
2521 5.290020000000001e-09
2522 4.697060000000001e-05
2526 0.0006977989999999999
2527 1.10982e-09
2528 5.2004799999999994e-05
2530 6.76404e-10
2531 1.7637799999999998e-08
2532 4.91519e-09
2535 1.01464e-07
2536 1.5010799999999999e-05
2538 1.12499e-05
2541 3.39314e-07
2543 0.000177811
2548 7.626310000000001e-06
2550 0.00026959200000000003
2551 1.0148e-05
2552 0.000551383
2553 0.00045335300000000004
2556 7.22029e-05
2557 8.64083e-09
2560 0.0007705619999999999
2562 9.082209999999999e-05
2568 9.33624e-09
2570 0.0006371580000000001
2573 0.000312172
2574 2.87689e-06
2575 2.71357e-06
2576 0.0007536460000000001
2577 2.9298499999999998e-09
2580 0.00118108
2581 7.68566e-06
2582 0.000707523
2583 0.000877718
2587 7.830479999999999e-05
2588 5.794209999999999e-06
2591 1.3811099999999999e-05
2592 3.1919099999999997e-10
2596 1.41808e-05
2597 3.9202499999999994e-06
2601 2.95483e-11
2602 1.49939e-06
2604 7.8203e-06
2607 2.5466999999999997e-06
2608 8.33167e-06
2610 0.00083088
2612 9.3317e-09
2614 0.000229189
2616 1.09156e-05
2617 2.90399e-06
2619 1.29825e-05
2620 2.57329e-05
2622 0.018527500000000002
2623 6.93309e-06
2624 5.25214e-05
2626 2.25538e-05
2628 0.973668
2629 0.00029857
2630 8.859959999999998e-09
2631 0.000143265
2638 3.64435e-09
2639 2.87829e-05
2640 1.1921499999999999e-10
2642 3.5681e-07
2644 7.38265e-05
2650 1.76813e-07
2651 0.0006900610000000001
2652 0.000172318
2654 3.0589199999999998e-06
2655 0.000338375
2656 8.53827e-07
2660 0.000116165
2661 1.4911900000000002e-10
2663 1.85593e-05
2665 0.0033162
2671 7.74244e-05
2672 0.00056206
2673 9.82126e-08
2674 3.7355e-06
2676 0.0502131
2679 0.000191017
2681 0.00011774700000000001
2685 1.93423e-05
2686 4.2775200000000003e-05
2687 0.00122241
2688 2.97517e-06
2692 0.00010913
2694 2.0227599999999998e-07
2698 1.31485e-12
2700 0.0005318009999999999
2701 0.000602972
2703 0.0152715
2705 5.97208e-05
2707 0.000649956
2708 2.8377e-05
2711 3.9376499999999995e-06
2712 4.42189e-06
2716 3.1116900000000004e-06
2719 0.057862800000000006
2720 0.000126265
2724 2.99186e-07
2725 4.6557299999999996e-05
2726 5.46138e-05
2728 0.000209735
2729 5.38475e-07
2731 9.37714e-08
2733 1.77804e-08
2736 6.65086e-07
2739 5.4491400000000005e-05
2740 1.49704e-06
2742 8.52063e-06
2743 9.21818e-05
2746 0.000539785
2748 6.45202e-06
2750 0.00121558
2752 3.00994e-07
2753 1.53503e-05
2754 8.205360000000001e-05
2756 1.3608800000000001e-05
2758 4.260209999999999e-06
2761 0.000144195
2764 0.999972
2768 0.00040542400000000004
2769 0.00601743
2770 0.000686525
2771 2.94558e-06
2773 0.00048415
2777 5.97796e-08
2780 4.5224899999999995e-05
2781 0.000211687
2787 2.16267e-06
2788 0.00134638
2789 2.30748e-05
2790 0.000172997
2792 3.9358e-09
2793 1.2863599999999998e-05
2797 1.78643e-05
2799 5.3283e-06
2802 2.8108699999999997e-05
2805 1.8372e-05
2806 5.74027e-08
2808 1.7381599999999997e-06
2809 1.95877e-05
2811 0.622897
2813 1.55046e-05
2814 2.7841e-05
2818 0.00048379699999999995
2819 4.94781e-05
2821 0.00902188
2822 1.72364e-05
2823 1.5350700000000002e-06
2824 0.000137484
2825 8.56816e-13
2828 5.69281e-05
2829 2.2117e-05
2830 2.2686500000000002e-10
2831 2.24726e-10
2832 0.00013765200000000002
2837 0.00227997
2839 7.48954e-11
2840 1.32755e-05
2843 0.0116041
2846 3.6495900000000004e-05
2849 0.0007678019999999999
2850 7.71578e-07
2851 0.000971217
2852 0.000140799
2853 0.000116637
2856 5.70053e-06
2857 1.06038e-06
2860 2.6560500000000003e-07
2861 4.57927e-06
2862 0.00639086
2863 0.00131376
2865 1.15198e-05
2871 4.65289e-06
2872 0.00035887699999999996
2874 4.69136e-08
2876 3.82501e-06
2877 7.32082e-06
2878 8.58491e-06
2882 0.00149221
2883 0.00670653
2885 2.52156e-06
2887 3.2769e-06
2888 3.01281e-07
2890 8.69989e-09
2892 2.06997e-07
2894 0.0042923
2895 1.32407e-05
2897 0.00122885
2898 1.6686799999999999e-06
2900 6.47543e-05
2902 3.3262599999999996e-06
2903 5.6288999999999996e-05
2904 6.53999e-07
2905 1.48937e-05
2907 4.7201e-06
2908 5.12162e-08
2909 3.8759500000000006e-06
2911 0.0005728469999999999
2918 1.62966e-06
2920 1.55619e-05
2921 5.61531e-05
2922 0.0005709819999999999
2923 5.034469999999999e-06
2925 0.00047433800000000004
2926 0.00528839
2927 8.377510000000001e-06
2928 0.00139847
2929 0.00101088
2930 1.40968e-07
2936 6.05246e-10
2945 9.49208e-05
2948 0.9888549999999999
2949 1.20945e-05
2950 0.00155585
2951 1.34467e-06
2955 1.0183e-06
2959 0.00106048
2961 2.1599099999999997e-06
2964 1.1519100000000001e-05
2968 8.189339999999999e-10
2970 2.4163499999999996e-10
2971 0.000109799
2972 5.43159e-05
2973 4.27011e-07
2974 4.1706400000000004e-05
2979 0.000294249
2980 2.7224e-06
2981 0.000775747
2982 0.000402871
2983 0.533278
2985 1.0012100000000001e-06
2991 4.4872e-06
2993 5.53485e-05
2996 1.57332e-05
2997 8.13193e-08
2998 2.43847e-15
2999 6.87342e-11
3001 0.00227944
3006 6.94059e-09
3010 9.127770000000001e-05
3012 0.000844493
3014 3.50695e-05
3016 5.21821e-05
3018 1.47511e-06
3019 6.62625e-05
3020 4.5262899999999997e-05
3022 0.000121654
3025 2.27117e-07
3026 0.00191931
3029 6.61491e-07
3030 0.00053849
3033 4.82415e-06
3035 1.56605e-05
3036 0.000358024
3037 0.00439155
3040 6.29789e-06
3041 3.57237e-05
3043 0.000627858
3046 3.97293e-07
3048 7.28038e-06
3049 0.000393358
3050 3.7867899999999995e-09
3052 6.9153699999999995e-06
3055 0.000386108
3059 2.18754e-06
3060 2.09205e-08
3062 7.55349e-07
3067 5.1239e-06
3068 7.19828e-07
3069 2.1336e-06
3070 0.000214833
3071 0.00325831
3073 0.9774709999999999
3075 6.79547e-06
3076 6.1609699999999996e-06
3079 0.00030943
3080 2.60152e-10
3081 4.18023e-05
3084 2.5707399999999997e-05
3087 1.49256e-07
3091 0.000175537
3095 0.00543294
3096 0.000500239
3097 3.05572e-07
3099 3.93055e-07
3101 1.6258000000000002e-06
3104 0.000433809
3109 1.8325099999999997e-06
3111 0.9985360000000001
3113 8.98156e-11
3114 0.0022722
3115 1.0506299999999999e-07
3119 1.1284899999999998e-10
3123 0.16096300000000002
3125 2.3166599999999996e-08
3128 0.00222498
3130 2.06042e-14
3131 0.020031999999999998
3132 0.00042316099999999997
3136 4.47227e-08
3139 1.74137e-05
3141 4.52551e-05
3143 0.00018983700000000002
3144 0.00105696
3148 0.000362656
3151 2.8633000000000005e-07
3152 0.00062007
3153 9.773260000000001e-05
3156 2.03844e-06
3158 2.09745e-06
3160 0.000282466
3166 5.910499999999999e-07
3167 3.2860400000000002e-06
3168 0.00032340099999999996
3171 1.33981e-05
3172 0.000265596
3173 0.000140475
3174 8.50497e-07
3179 0.000204584
3180 5.20011e-07
3182 0.000498651
3187 0.00112683
3190 2.37638e-09
3191 2.7472199999999998e-05
3192 1.86195e-05
3193 0.000181675
3196 3.68481e-08
3197 2.44105e-07
3198 3.71953e-05
3201 0.000216298
3203 2.1418499999999998e-08
3206 2.92566e-07
3208 1.4227000000000002e-07
3209 0.00042172
3212 0.0135274
3215 0.010944
3217 1.85261e-06
3220 4.30587e-08
3221 0.00187099
3222 4.14699e-06
3224 5.474249999999999e-06
3225 0.000651517
3226 0.00010787
3227 2.45983e-10
3230 0.000477294
3232 7.56484e-05
3234 0.0005935959999999999
3235 0.000256642
3237 0.00016544900000000002
3238 9.28215e-10
3241 0.00493939
3245 0.00319268
3246 1.7797e-06
3248 5.322909999999999e-09
3249 3.3211399999999996e-09
3251 1.4995899999999999e-12
3252 1.23352e-06
3257 4.26076e-06
3263 0.00243556
3264 8.60027e-06
3265 3.8064100000000003e-07
3266 1.3965999999999999e-06
3267 1.05117e-09
3268 2.56106e-06
3275 0.000403223
3276 8.26825e-07
3277 3.66975e-09
3278 2.11186e-07
3281 2.95035e-07
3283 1.59262e-07
3286 3.25297e-09
3287 2.49071e-08
3288 0.0138145
3289 0.00149373
3291 2.57792e-09
3295 2.2819000000000003e-07
3297 4.31578e-07
3298 3.9228200000000005e-05
3302 1.83455e-08
3304 9.09934e-06
3305 6.71418e-05
3306 5.01311e-08
3309 1.4069299999999998e-10
3310 9.42875e-11
3312 1.07963e-10
3314 9.35922e-08
3315 3.8660800000000004e-07
3317 0.00158993
3318 3.31291e-07
3319 7.558e-05
3321 6.61554e-07
3322 2.70836e-06
3323 3.85412e-07
3324 1.25232e-07
3326 9.10548e-10
3328 1.52343e-05
3329 2.61909e-05
3332 8.07408e-08
3333 5.71812e-08
3334 0.000223878
3340 3.24117e-05
3341 3.31459e-06
3342 0.9552510000000001
3345 3.38393e-05
3346 1.13111e-05
3347 0.000525849
3348 3.00648e-05
3352 1.03521e-06
3353 7.73347e-09
3357 4.3525600000000005e-09
3358 7.42221e-06
3361 0.00230499
3364 8.59146e-07
3366 2.18596e-05
3368 7.227069999999999e-05
3371 2.37824e-06
3372 6.36134e-07
3375 1.04582e-05
3378 2.28019e-05
3381 4.75659e-07
3383 0.00951328
3384 9.36122e-05
3385 1.10698e-06
3387 5.30704e-08
3388 6.5458500000000005e-09
3389 3.7092e-08
3393 2.19487e-06
3394 1.45344e-06
3399 8.941719999999999e-07
3400 5.05919e-13
3402 6.55355e-07
3405 1.77338e-08
3409 0.98882
3411 0.00036579099999999997
3414 6.416020000000001e-05
3418 4.7166499999999996e-05
3423 0.000166997
3426 0.00028731599999999997
3427 8.636149999999999e-09
3428 8.00404e-06
3431 0.000170283
3432 0.012069499999999999
3434 3.0291e-05
3437 0.000533092
3438 8.38167e-08
3440 5.66323e-07
3442 3.4674e-06
3445 4.5909e-05
3446 0.000199768
3447 1.61234e-06
3448 4.55098e-11
3454 6.2900800000000004e-06
3456 5.98098e-06
3457 3.48897e-05
3459 2.73588e-05
3460 9.70911e-05
3463 0.000278748
3467 5.94274e-12
3471 2.99023e-05
3472 0.000157946
3473 0.00237405
3474 3.47726e-10
3475 0.00035285300000000003
3476 0.00246798
3478 0.00392783
3479 1.93498e-06
3480 1.90402e-05
3481 1.96692e-05
3482 2.25538e-05
3483 0.000174805
3485 0.000122703
3486 0.0015071
3488 0.00966695
3490 1.4388099999999999e-05
3494 2.42475e-06
3495 0.37476
3498 0.315133
3501 2.04055e-06
3502 8.576809999999999e-09
3503 3.5859099999999996e-07
3504 6.39568e-07
3505 2.4402e-09
3507 5.855810000000001e-10
3512 1.8508500000000002e-07
3513 9.761040000000001e-05
3514 8.15812e-09
3515 9.035590000000001e-05
3517 2.82583e-05
3520 1.92915e-05
3523 3.05617e-06
3526 0.000287617
3527 4.08089e-05
3531 1.6818900000000003e-05
3532 7.2041999999999996e-06
3533 0.0031037
3534 1.1000699999999999e-13
3535 1.43788e-06
3538 6.507810000000001e-07
3540 0.000223456
3541 2.07196e-05
3542 1.7435e-07
3543 0.0163986
3544 0.000276277
3545 6.34921e-08
3547 3.29776e-06
3552 6.5061e-05
3553 5.8184300000000005e-05
3557 0.00112299
3558 6.825060000000001e-05
3559 0.00278592
3560 4.65663e-11
3561 0.00286732
3562 0.0011765
3563 0.00113198
3568 9.09561e-07
3569 0.000583735
3570 0.00025201900000000003
3571 0.42682200000000003
3572 8.20129e-12
3573 2.1356199999999997e-05
3574 5.91469e-10
3578 1.00708e-07
3579 0.00016085899999999999
3581 2.07271e-05
3582 1.42749e-05
3583 0.000164752
3584 1.1334400000000001e-05
3590 4.06061e-07
3591 3.5961e-05
3592 2.29759e-05
3595 0.000260933
3598 0.00353911
3600 4.1947100000000004e-05
3601 2.83865e-12
3602 3.30817e-05
3607 1.02927e-05
3610 1.3183499999999998e-05
3612 0.00111067
3613 0.00620526
3615 7.31949e-08
3616 1.39375e-06
3617 1.57161e-06
3619 3.44065e-05
3624 1.5692100000000002e-05
3626 2.88244e-05
3630 3.15716e-07
3631 4.27487e-05
3633 0.000915806
3637 1.26652e-06
3641 1.3406899999999999e-06
3643 6.94821e-05
3647 6.36058e-12
3649 1.7129200000000002e-05
3650 1.65595e-06
3652 0.0173634
3653 0.000414641
3659 5.86958e-05
3661 0.000150151
3665 5.15252e-07
3666 7.43171e-07
3668 7.175939999999999e-05
3670 3.97628e-12
3672 0.000764134
3676 3.2174900000000003e-06
3677 4.10613e-07
3680 2.69371e-05
3682 2.03233e-05
3683 4.09596e-07
3686 2.55379e-09
3687 0.00256488
3689 1.0146700000000002e-08
3692 0.00118174
3693 4.504e-05
3697 0.00014042299999999998
3701 0.000586232
3702 3.7092199999999997e-06
3707 0.000144956
3710 5.73843e-07
3712 0.00163346
3715 3.08298e-05
3716 0.00259563
3718 8.728129999999999e-06
3719 1.67105e-05
3720 4.42945e-05
3723 0.000155811
3724 3.15399e-07
3725 4.04208e-06
3726 2.7045e-10
3728 5.125399999999999e-06
3730 2.22145e-10
3731 5.28896e-05
3733 2.84269e-07
3734 0.00017894599999999998
3736 2.65224e-05
3737 5.16495e-06
3738 0.00050867
3739 8.524560000000001e-08
3741 0.045203600000000004
3742 7.50643e-05
3744 3.22832e-05
3745 0.00031256700000000003
3746 5.33546e-12
3747 6.53944e-06
3755 0.000211582
3756 0.000318408
3757 1.1287799999999999e-08
3761 2.04635e-08
3762 0.00917165
3764 2.85003e-07
3765 5.17407e-05
3766 1.29619e-12
3768 7.0683099999999996e-09
3769 4.535080000000001e-08
3770 2.94072e-06
3771 0.00012112
3775 0.0012629000000000002
3776 5.06575e-11
3777 1.54604e-07
3778 4.48202e-06
3782 1.11838e-06
3785 7.492610000000001e-08
3787 1.29435e-08
3789 0.0216815
3794 0.00184475
3795 4.14074e-09
3799 9.019870000000001e-05
3800 6.5974e-05
3801 1.43357e-13
3802 1.75577e-10
3804 8.30572e-09
3805 3.74977e-07
3810 1.0063200000000001e-06
3812 4.961769999999999e-06
3813 1.88582e-09
3815 3.10789e-06
3816 4.79503e-09
3819 2.6265e-08
3822 1.9651500000000002e-13
3823 0.000107687
3825 2.2273299999999997e-08
3829 2.1183799999999995e-08
3831 8.23727e-06
3832 0.00585698
3833 4.39565e-10
3836 0.704961
3839 0.000179097
3840 8.696380000000001e-07
3841 1.1137200000000002e-06
3842 2.9798200000000003e-07
3843 0.000754908
3850 0.0016202000000000002
3851 2.6868299999999998e-05
3852 0.000153231
3853 3.06935e-06
3854 2.0784299999999997e-05
3858 0.000121297
3862 0.17547100000000002
3864 1.1700400000000001e-07
3867 0.00047236800000000003
3870 8.81417e-05
3873 2.6953900000000002e-08
3875 8.940560000000001e-06
3878 0.000595772
3880 4.39046e-08
3881 1.1215299999999999e-07
3882 0.000605859
3883 2.57015e-08
3884 2.07088e-07
3888 6.923269999999999e-07
3892 0.995901
3893 4.444059999999999e-08
3894 1.95181e-05
3896 5.82657e-05
3897 0.00351113
3900 0.198761
3901 6.0012799999999996e-05
3902 1.94846e-05
3903 1.4770699999999999e-05
3904 0.00438033
3906 3.88124e-09
3908 7.91554e-07
3909 1.69574e-09
3910 0.7561760000000001
3914 4.42284e-06
3916 0.000196724
3917 1.23822e-06
3920 3.28675e-05
3922 1.4709200000000001e-05
3925 2.05654e-07
3927 0.0011117000000000002
3928 6.96335e-06
3929 0.00044781599999999997
3930 1.53931e-05
3931 0.000937696
3933 5.582530000000001e-06
3934 1.07457e-09
3938 1.8913499999999998e-05
3940 7.3834e-05
3942 0.000224902
3943 9.73624e-06
3944 0.000764496
3950 0.000293027
3951 0.00034247300000000004
3952 0.9989549999999999
3955 0.00043376199999999997
3958 0.00420568
3959 6.31967e-06
3962 0.000889703
3964 2.68394e-06
3967 9.915069999999999e-05
3968 0.00046595199999999995
3972 3.45405e-05
3975 0.00241606
3976 9.185020000000001e-13
3977 3.08195e-08
3978 6.20539e-05
3980 7.79624e-05
3981 7.667000000000001e-08
3982 0.0189012
3985 2.81669e-09
3989 3.82011e-07
3995 0.00112871
3999 1.23349e-05
4000 5.577899999999999e-07
4001 5.09022e-06
4002 5.835009999999999e-07
4004 0.00042869
4006 0.000120074
4007 0.00147838
4018 1.04165e-07
4021 5.609980000000001e-07
4022 0.000520391
4024 5.5349300000000004e-08
4026 7.299069999999999e-06
4027 7.357639999999999e-06
4029 0.00015442399999999998
4030 4.39324e-07
4032 0.000147825
4036 9.115700000000001e-13
4038 0.000165871
4040 4.35145e-07
4041 0.00158268
4042 1.0884200000000002e-06
4043 4.07957e-05
4044 0.00048694699999999994
4045 4.03428e-08
4048 2.65246e-08
4049 9.074370000000001e-07
4050 4.87453e-09
4053 1.30064e-06
4054 2.32746e-06
4055 1.16086e-05
4056 6.96362e-05
4059 3.33962e-06
4061 0.00166232
4062 2.62884e-05
4063 8.24178e-08
4064 1.34551e-07
4065 0.0001246
4068 7.190880000000001e-06
4070 4.73142e-12
4071 5.656860000000001e-06
4072 0.00389731
4074 4.9189e-05
4078 6.66968e-05
4079 0.000192969
4080 8.22588e-06
4081 4.489769999999999e-06
4083 2.80964e-14
4084 3.941219999999999e-06
4086 0.000327513
4088 0.000166254
4090 0.0019445
4094 2.48752e-08
4096 0.00148702
4097 1.04456e-06
4098 1.46669e-05
4099 5.97696e-06
4101 5.93345e-07
4103 0.00022354400000000003
4104 0.000100192
4107 0.00892993
4109 1.2376199999999998e-05
4112 3.4086e-09
4114 1.3967200000000001e-08
4115 6.40408e-05
4116 4.5476e-06
4118 4.95522e-06
4119 1.51924e-05
4123 0.257352
4124 4.453100000000001e-09
4125 3.21157e-06
4126 4.84663e-06
4127 0.000145744
4128 9.90636e-07
4130 2.62906e-05
4132 2.08457e-07
4134 7.45706e-07
4139 1.6090599999999997e-07
4144 0.00120999
4147 6.95799e-05
4151 3.75152e-05
4153 1.89939e-05
4154 2.39734e-06
4155 6.41933e-05
4156 0.0280613
4157 4.21227e-06
4159 5.1208300000000006e-06
4160 0.99855
4161 1.7172999999999998e-09
4162 0.032373200000000005
4165 1.0041e-07
4166 1.58311e-07
4167 1.2645000000000001e-06
4172 6.02859e-05
4173 0.00374428
4175 0.00053901
4176 1.6028399999999999e-13
4177 2.9968400000000003e-05
4179 3.4933499999999998e-06
4180 4.9959699999999996e-08
4181 6.00596e-08
4182 2.42667e-07
4183 6.7568499999999995e-06
4184 0.00171946
4187 0.00458737
4188 1.2756e-08
4197 0.00163655
4198 1.04916e-07
4199 1.72404e-07
4202 9.37944e-05
4206 3.3172800000000004e-09
4207 7.203239999999999e-06
4208 0.00356945
4210 2.2027199999999998e-05
4211 0.00125685
4213 1.7618799999999999e-06
4214 1.01095e-08
4216 0.000709052
4217 3.31592e-08
4218 0.00187199
4219 8.948309999999999e-05
4222 3.16848e-07
4225 0.9999520000000001
4226 4.6528799999999995e-07
4227 8.47887e-08
4233 1.98037e-06
4234 0.0007409080000000001
4235 1.2655899999999999e-05
4236 9.25856e-06
4238 2.42907e-05
4240 0.00102702
4243 1.29606e-06
4245 0.000371099
4248 0.00316288
4249 0.000118906
4250 3.63786e-06
4251 3.7083699999999996e-17
4252 1.25757e-06
4254 4.4782899999999994e-09
4260 1.0449399999999999e-10
4261 7.43727e-08
4262 3.47352e-05
4266 0.000228239
4267 3.62741e-06
4268 0.000241268
4276 1.5187899999999999e-05
4277 0.014852200000000001
4278 0.000102753
4282 0.00217125
4285 8.76505e-05
4288 9.733870000000001e-09
4289 5.11855e-06
4290 4.3074199999999995e-07
4294 3.18311e-06
4297 4.05821e-07
4299 0.9984129999999999
4301 2.6323700000000004e-06
4302 2.0023e-07
4305 0.00012372
4306 0.00118418
4308 3.58125e-06
4309 0.00847756
4311 6.71934e-06
4313 0.000850002
4314 1.4520799999999999e-07
4316 0.00392901
4317 0.000361088
4319 3.3996499999999997e-06
4320 5.20566e-05
4324 2.1369899999999997e-13
4328 5.79557e-05
4330 2.1961700000000003e-06
4332 0.0179913
4334 8.32849e-06
4335 4.25161e-07
4336 0.000111371
4337 5.16384e-06
4340 2.1253500000000002e-08
4342 2.6466000000000005e-10
4343 0.000121157
4344 2.2443900000000002e-10
4348 0.000497941
4350 3.5302300000000004e-08
4353 3.37303e-11
4355 4.4047299999999994e-05
4357 0.00022748099999999997
4358 2.01155e-07
4362 1.6018100000000002e-14
4363 5.77312e-05
4366 1.9542e-05
4373 0.000192284
4374 0.9996700000000001
4375 2.6479200000000002e-06
4377 0.269654
4378 5.85174e-06
4381 0.000168002
4382 0.9980889999999999
4383 0.0298322
4385 0.010145399999999999
4388 1.1728e-07
4393 0.0128585
4394 6.79301e-13
4395 1.55891e-13
4398 4.863949999999999e-06
4399 0.000354418
4400 6.370080000000001e-12
4401 5.23901e-07
4402 1.99575e-10
4403 5.77444e-20
4406 5.5610699999999996e-14
4407 2.77821e-05
4408 2.8294e-05
4410 1.21125e-07
4412 0.000778125
4413 1.48878e-08
4414 4.6252499999999995e-06
4415 0.11188699999999999
4416 2.58585e-05
4417 2.7283699999999998e-08
4418 1.0525e-09
4419 1.6268e-05
4420 5.7532e-05
4422 5.44847e-06
4425 9.66641e-16
4426 4.1805500000000005e-07
4427 3.2521100000000003e-09
4428 0.000181872
4431 5.94346e-05
4435 2.7048899999999998e-05
4440 4.04278e-05
4442 0.000553542
4443 5.72285e-05
4444 1.01166e-08
4445 1.37545e-05
4447 2.01856e-05
4448 1.17693e-09
4449 1.4243900000000001e-05
4451 1.3195500000000001e-06
4453 8.793479999999999e-05
4454 0.000791312
4456 6.733439999999999e-06
4458 2.0487600000000004e-05
4460 3.06053e-06
4461 7.74453e-08
4462 8.522540000000001e-05
4465 6.30912e-08
4467 4.57964e-12
4469 1.2081600000000001e-05
4472 4.3831800000000006e-09
4473 2.39604e-07
4475 3.00968e-05
4476 1.73626e-05
4477 0.0038853
4478 1.4377799999999999e-08
4480 0.000910233
4482 0.000140713
4483 4.77797e-08
4485 0.0007165839999999999
4486 1.31465e-06
4489 8.0405e-05
4491 6.23056e-07
4492 4.394520000000001e-05
4497 0.00548517
4501 9.207469999999999e-06
4503 1.0707200000000001e-07
4504 3.8248699999999994e-09
4505 1.40635e-08
4506 1.6953900000000003e-06
4511 1.43041e-05
4513 0.00131953
4515 5.98716e-08
4516 3.08095e-05
4521 0.000662629
4522 4.5791400000000003e-05
4523 5.56692e-06
4525 0.000568996
4529 7.09766e-09
4531 0.000180042
4533 6.144209999999999e-06
4534 2.80052e-05
4536 0.00260178
4538 5.86699e-05
4541 0.000185193
4543 0.0006804739999999999
4545 7.226000000000001e-07
4546 8.58519e-06
4547 8.00999e-09
4550 0.0038615000000000003
4554 6.49539e-06
4556 3.19221e-06
4557 4.909e-05
4559 3.85647e-06
4560 2.2431599999999997e-06
4561 0.013912200000000001
4564 2.31301e-06
4567 4.86771e-06
4568 6.70895e-08
4569 3.99846e-05
4572 1.80194e-05
4573 0.249917
4575 1.29588e-05
4577 8.63055e-11
4578 1.82537e-07
4580 1.6661e-05
4582 3.459e-06
4583 0.00018119700000000002
4586 0.00552493
4589 0.00019748400000000002
4590 7.55691e-06
4593 1.7295e-05
4594 3.8034699999999997e-06
4596 0.00562103
4598 1.1613699999999999e-05
4599 6.33913e-07
4602 0.000159271
4603 4.129319999999999e-06
4608 0.00016799799999999999
4610 6.14552e-06
4613 0.334832
4614 1.48545e-05
4615 0.00015824399999999998
4616 1.61571e-08
4617 1.04222e-05
4619 0.000448957
4620 0.0143357
4621 0.00281328
4624 1.87656e-05
4629 1.68821e-05
4633 0.0074888
4635 0.0008508669999999999
4637 3.33297e-19
4638 1.48657e-07
4639 0.00234263
4640 7.70726e-06
4641 2.0251599999999999e-07
4642 0.00010379299999999999
4645 7.1107e-11
4646 0.00121306
4650 3.46213e-09
4657 4.3263199999999996e-05
4658 6.7603e-05
4659 3.55815e-07
4661 2.82329e-08
4663 9.084059999999999e-07
4664 4.5055799999999996e-05
4665 0.993174
4666 1.025e-07
4667 2.8958e-06
4668 4.25866e-06
4669 0.000875577
4670 0.443905
4677 1.57299e-05
4678 7.04038e-07
4680 1.5097200000000002e-12
4681 2.40123e-05
4684 0.000434749
4688 5.12459e-08
4690 1.47441e-09
4695 3.67045e-05
4696 0.000320341
4697 3.26073e-09
4698 2.35878e-05
4700 0.000631388
4703 3.05505e-08
4704 1.3370799999999999e-05
4709 0.00010213299999999999
4711 2.7452099999999996e-10
4712 1.58463e-05
4713 0.00010578200000000001
4716 5.38217e-09
4717 1.4971800000000002e-09
4720 1.31429e-06
4721 0.00442586
4724 3.87992e-09
4725 3.14016e-08
4726 9.453459999999999e-05
4728 0.683934
4729 2.10551e-06
4730 3.54426e-07
4731 1.34363e-07
4733 0.000546075
4734 4.13145e-06
4736 4.70922e-07
4738 0.00517845
4739 0.00116618
4740 0.00016984900000000002
4741 0.000233091
4744 5.83122e-05
4745 1.48041e-08
4749 1.2987799999999998e-06
4751 1.7076800000000002e-05
4752 0.000505817
4755 0.00014417
4756 6.4433100000000005e-06
4757 3.22772e-10
4758 9.10462e-07
4759 2.04531e-07
4762 3.68993e-08
4763 1.46316e-07
4764 0.00864489
4765 1.22108e-07
4766 3.19729e-05
4767 3.88213e-06
4769 1.55806e-07
4771 1.6475799999999998e-06
4772 8.04762e-07
4774 1.13997e-05
4775 0.00087309
4778 0.00120001
4780 2.57858e-07
4781 4.85364e-07
4784 6.52377e-06
4787 4.38328e-07
4791 6.03559e-07
4795 0.000147001
4798 0.0009749180000000001
4800 2.5868700000000004e-10
4802 3.5306300000000005e-06
4803 1.7796800000000002e-05
4804 0.000179338
4806 0.000235579
4807 0.00395954
4809 1.28678e-11
4810 3.51242e-07
4811 8.19811e-07
4813 2.91798e-07
4817 0.0139459
4819 2.4448800000000002e-05
4820 0.000166534
4821 0.00911153
4822 7.60683e-09
4824 4.9399e-13
4827 5.73117e-06
4829 5.46655e-07
4833 6.614149999999999e-07
4835 1.65655e-05
4838 0.00115437
4843 0.9851110000000001
4844 0.000158691
4845 3.05798e-11
4847 5.90158e-07
4851 3.32644e-06
4853 3.5317399999999995e-05
4854 2.12683e-08
4855 1.40161e-05
4858 0.00102891
4860 3.7082999999999997e-06
4861 1.57781e-11
4862 0.000104989
4864 1.3601300000000001e-05
4865 6.48544e-05
4870 3.47031e-07
4871 1.35939e-05
4874 0.000396176
4875 0.000283804
4877 1.9241900000000003e-06
4880 8.8676e-05
4881 0.0003345
4883 3.96431e-07
4884 5.5221e-08
4887 9.640510000000001e-06
4888 7.89427e-05
4889 4.28136e-08
4891 1.3834e-06
4892 0.000309374
4893 0.000597027
4894 0.000481223
4899 3.1792e-06
4900 0.00615978
4901 8.52982e-05
4904 1.42611e-12
4906 1.7939500000000002e-06
4908 0.00029857799999999997
4909 5.093909999999999e-10
4914 0.9784930000000001
4915 7.39223e-11
4917 1.7190599999999997e-10
4918 8.2281e-08
4919 7.27275e-06
4920 0.000292167
4921 6.942839999999999e-07
4922 1.17395e-05
4923 4.668819999999999e-08
4924 3.90309e-08
4925 0.000174246
4927 2.3127399999999998e-05
4930 0.000587266
4932 4.61768e-05
4933 4.46598e-06
4934 6.08255e-05
4937 0.43627
4940 2.3377399999999997e-05
4941 5.64222e-05
4942 6.327969999999999e-08
4944 8.1741e-05
4945 2.53425e-05
4947 3.06852e-05
4949 0.000637306
4952 1.82429e-07
4957 2.6423400000000004e-06
4959 3.0007599999999995e-06
4964 4.6364e-05
4965 0.0007501119999999999
4969 6.80706e-07
4970 6.92115e-08
4971 3.2725400000000003e-07
4975 3.6360799999999997e-09
4978 2.0244400000000002e-05
4979 2.04528e-08
4980 0.00424414
4981 8.378370000000001e-09
4988 0.0126538
4989 1.55608e-06
4993 9.27395e-05
4996 7.92122e-08
5000 1.7675e-11
5002 3.69219e-06
5005 0.000211062
5008 2.37059e-10
5009 9.930060000000002e-08
5010 2.42952e-05
5011 6.363390000000001e-06
5012 0.000802819
5013 0.00175966
5015 5.84831e-06
5017 0.00263644
5019 1.56422e-06
5021 4.73853e-08
5022 0.9922719999999999
5025 9.27854e-08
5030 1.01348e-09
5031 1.5528e-07
5034 0.00284827
5035 7.315579999999999e-10
5038 5.6008500000000004e-05
5040 0.000365795
5041 1.94765e-06
5043 0.018588499999999997
5044 1.11656e-05
5046 1.18608e-09
5048 5.062990000000001e-10
5049 7.92148e-06
5050 1.53813e-06
5051 1.5577899999999999e-06
5053 0.0008084810000000001
5059 1.3850200000000001e-08
5060 7.074730000000001e-06
5066 8.517969999999999e-05
5069 2.11736e-05
5070 2.1961199999999997e-06
5074 0.08276739999999999
5075 5.75123e-10
5076 0.0028653000000000003
5080 4.392430000000001e-06
5082 4.2928599999999994e-05
5083 1.2809299999999999e-06
5087 1.28166e-11
5088 3.4070800000000003e-06
5089 7.66636e-09
5091 4.22269e-08
5092 5.7947799999999994e-05
5095 0.00987656
5096 1.25585e-07
5098 5.01889e-08
5099 3.1291399999999997e-05
5100 1.39595e-06
5103 2.0346500000000002e-05
5105 5.09958e-05
5106 0.015103299999999998
5109 9.39133e-09
5112 0.990727
5113 0.00134388
5115 2.8142599999999998e-12
5117 8.51572e-06
5118 1.3776299999999998e-08
5119 1.1533800000000001e-05
5120 3.5508699999999994e-08
5123 0.000500592
5125 7.173789999999999e-06
5126 0.000592702
5127 0.000575055
5132 5.65384e-05
5133 4.16662e-09
5137 2.2419299999999997e-05
5139 5.08644e-06
5140 7.51423e-05
5141 0.00100465
5142 2.65328e-05
5147 5.35354e-07
5148 4.3606199999999996e-05
5149 1.69591e-05
5151 7.3489300000000005e-06
5152 3.8943099999999997e-05
5154 7.80276e-12
5155 3.53736e-08
5157 9.083249999999999e-08
5158 2.13289e-05
5162 0.987066
5163 1.8631400000000003e-05
5164 1.1841e-08
5165 4.86571e-06
5166 9.232359999999999e-07
5167 0.0301145
5170 2.16423e-06
5172 0.00034562300000000003
5174 0.000132505
5178 1.25257e-12
5180 8.249160000000001e-06
5182 1.2051000000000001e-06
5184 4.19512e-05
5187 8.420139999999999e-09
5188 8.389870000000001e-09
5192 2.43084e-07
5193 0.00050597
5194 1.09705e-08
5196 4.5013100000000005e-09
5197 1.3808500000000002e-10
5198 0.0009059630000000001
5200 3.45329e-06
5201 5.4837200000000004e-05
5204 3.89023e-09
5205 1.1212899999999999e-05
5206 0.23620300000000002
5207 1.6333e-05
5211 1.09411e-11
5213 0.19931
5216 0.000792478
5218 1.12835e-06
5221 4.1761499999999996e-05
5225 5.65065e-07
5226 9.385850000000001e-06
5227 0.000152601
5228 5.62069e-07
5232 7.02908e-08
5233 4.17379e-05
5234 0.000403109
5235 0.000383594
5237 8.884050000000001e-08
5238 8.891040000000001e-09
5240 4.9130400000000006e-08
5241 0.00012219
5243 0.805
5247 9.86931e-08
5249 0.00015555
5250 2.76586e-05
5251 0.00039260900000000004
5252 9.625879999999999e-05
5255 2.9723400000000006e-06
5256 2.16023e-05
5261 4.40378e-07
5265 1.36786e-06
5266 8.662690000000001e-07
5271 1.81907e-06
5272 0.9984069999999999
5275 3.05942e-05
5276 0.00012220299999999998
5277 0.000193403
5279 0.0106579
5280 0.00170604
5282 2.1053e-14
5284 3.20789e-07
5286 7.345560000000001e-08
5287 7.28301e-06
5289 2.28574e-07
5291 2.0077099999999997e-06
5294 1.2931199999999999e-05
5295 3.85451e-06
5296 4.19052e-07
5299 7.588989999999999e-06
5300 1.03727e-05
5301 1.18027e-11
5302 0.000546694
5308 0.000100117
5309 6.92063e-11
5313 2.79417e-07
5316 8.95407e-07
5317 4.66342e-08
5321 2.61617e-08
5322 4.997630000000001e-06
5323 3.3578699999999996e-08
5324 8.74246e-07
5329 0.218796
5330 1.7579400000000002e-06
5332 0.133943
5333 0.00202583
5334 2.00691e-05
5335 0.000300183
5339 7.8538e-06
5341 8.49489e-05
5342 4.62316e-07
5347 1.17925e-05
5353 2.63938e-05
5354 8.045860000000001e-10
5356 4.2102800000000005e-06
5357 0.000993451
5359 4.08625e-06
5361 3.9383000000000003e-07
5362 0.025802
5364 5.89418e-18
5366 1.34679e-07
5372 0.000374459
5375 0.00160044
5376 0.380871
5377 8.47611e-06
5381 0.00309562
5382 0.775463
5386 0.00022674200000000002
5390 0.000242158
5392 0.00213939
5394 0.00012799
5399 0.0007360689999999999
5400 1.0315299999999998e-08
5401 1.8756900000000002e-08
5402 0.49425399999999997
5403 8.68929e-07
5409 1.0035399999999999e-05
5411 2.63721e-10
5412 6.70401e-08
5415 9.774799999999999e-05
5422 5.76214e-09
5425 0.00038464300000000005
5426 0.00015096899999999998
5427 0.000231103
5428 2.70031e-06
5432 1.36489e-06
5435 1.78733e-06
5437 5.58072e-07
5442 1.2100299999999998e-06
5443 0.00114196
5444 8.98443e-08
5446 2.41515e-05
5447 9.964039999999999e-08
5449 5.51713e-05
5452 1.34326e-07
5456 6.1504e-06
5458 0.00149341
5459 0.00232647
5460 0.000156048
5462 1.18405e-05
5463 5.47185e-10
5464 5.0931000000000004e-05
5466 0.000110191
5468 1.3522000000000001e-09
5472 0.00679107
5473 0.000473039
5474 7.3070600000000005e-06
5476 9.539839999999999e-06
5477 1.69563e-07
5479 6.82828e-09
5480 1.27756e-10
5482 1.04037e-06
5484 1.8869299999999998e-07
5488 3.03288e-07
5490 0.000291882
5491 2.16285e-06
5492 1.7205e-06
5493 6.02731e-08
5494 8.750139999999999e-05
5495 6.874680000000001e-16
5498 2.74866e-05
5500 0.000323802
5501 1.7824400000000002e-07
5502 2.22687e-05
5503 7.98267e-13
5504 3.45099e-09
5505 0.000570501
5506 8.152439999999999e-08
5512 5.813569999999999e-06
5513 2.2160599999999998e-07
5516 1.82386e-12
5520 1.36084e-05
5523 3.093e-08
5525 3.0988600000000003e-05
5528 1.08101e-05
5529 0.00030418599999999996
5532 0.5825229999999999
5533 5.04432e-06
5534 7.21816e-13
5537 0.015326
5538 0.00241669
5540 1.26727e-13
5543 1.03515e-08
5545 9.192039999999999e-08
5546 0.000188824
5548 0.000364022
5551 7.02038e-08
5553 7.61564e-09
5555 4.88468e-06
5556 6.1438599999999995e-06
5557 1.42025e-05
5558 6.960800000000001e-07
5560 1.07876e-05
5561 4.78754e-07
5562 1.78689e-07
5564 0.000257987
5565 4.09256e-05
5567 2.45896e-06
5569 0.000323898
5570 2.9789400000000002e-06
5571 2.3376e-08
5572 0.00217467
5575 2.70759e-10
5578 0.00260308
5580 0.00028230700000000003
5581 0.000216054
5587 2.41083e-08
5589 2.37197e-08
5594 1.47589e-06
5595 1.08698e-07
5596 3.5183199999999996e-08
5597 8.47045e-07
5598 1.75039e-08
5602 0.000166981
5604 0.9944280000000001
5607 7.192580000000001e-06
5610 1.56745e-05
5612 5.52777e-07
5616 0.046125
5617 5.0692399999999996e-05
5619 5.18396e-10
5621 2.9338899999999998e-05
5622 7.25118e-05
5623 2.90442e-07
5626 1.2736399999999999e-08
5627 1.6379e-05
5628 0.000660531
5632 4.82376e-05
5633 0.00118891
5634 0.00574738
5635 1.8384900000000002e-06
5638 0.000719264
5642 0.00639151
5643 2.11165e-05
5646 2.7661300000000002e-05
5649 3.8046699999999998e-06
5650 0.000117727
5651 0.00011489
5656 7.293540000000001e-07
5659 3.78857e-07
5661 8.677339999999998e-06
5663 0.00025918400000000003
5665 4.253560000000001e-09
5666 0.041161500000000004
5667 0.0252419
5670 2.70108e-05
5671 9.66101e-09
5673 2.0693499999999998e-05
5675 2.84551e-06
5677 0.00134575
5678 2.24715e-09
5681 0.000397128
5683 7.515649999999999e-09
5684 0.0140858
5688 2.81065e-10
5689 7.86674e-07
5690 6.264140000000001e-09
5691 4.54675e-05
5692 7.58519e-05
5694 3.80884e-07
5698 5.40886e-09
5703 1.13107e-05
5706 0.00016424599999999997
5707 0.0330865
5708 7.46034e-06
5709 9.930089999999999e-07
5711 6.67035e-06
5712 5.40604e-05
5717 5.69495e-06
5720 0.9435600000000001
5721 2.8693099999999996e-06
5722 0.00018513099999999997
5724 2.38249e-06
5725 1.6651e-05
5726 2.37627e-05
5727 3.80662e-05
5733 5.953820000000001e-07
5734 0.00016613400000000002
5737 2.23068e-08
5739 9.10864e-10
5744 2.71996e-09
5745 1.6931500000000002e-05
5746 5.85595e-08
5748 4.23352e-06
5750 1.5274700000000002e-06
5751 1.8497900000000002e-06
5753 2.151e-05
5754 2.8692700000000002e-06
5758 2.79138e-05
5759 3.1205e-06
5763 8.94742e-05
5766 3.88833e-05
5767 1.37374e-06
5770 7.46822e-07
5771 0.014530600000000001
5772 0.00435352
5774 2.85818e-07
5775 5.19721e-06
5776 6.16612e-05
5777 8.33438e-08
5778 6.947919999999999e-06
5785 1.6253e-05
5787 1.9823499999999997e-05
5792 1.72623e-05
5793 4.21346e-06
5795 8.87313e-06
5797 4.63681e-05
5798 1.29838e-06
5800 8.27154e-06
5801 4.32799e-07
5802 0.00351533
5804 1.8957e-05
5807 5.99292e-05
5808 1.20107e-05
5809 7.95192e-08
5810 8.92796e-07
5816 7.31951e-11
5820 1.15527e-07
5822 3.05845e-05
5823 8.59655e-07
5827 2.56677e-07
5832 6.996360000000001e-08
5833 0.00054908
5834 3.85629e-11
5835 0.000100196
5837 5.778800000000001e-09
5842 4.34035e-09
5844 4.79793e-12
5846 0.00133953
5847 2.7715700000000006e-09
5848 5.89464e-09
5849 6.137510000000001e-05
5855 2.0101299999999998e-15
5857 1.0323399999999998e-05
5858 0.024953200000000002
5862 1.88676e-05
5865 0.000484141
5866 7.78753e-06
5869 1.92898e-06
5870 1.3822000000000001e-11
5871 0.00024003799999999998
5872 3.1484100000000003e-10
5876 0.00316751
5880 0.00015408200000000002
5882 1.9715699999999998e-05
5883 0.0006678639999999999
5886 8.89019e-05
5887 7.69323e-05
5890 0.000137863
5891 0.000393645
5892 0.00329246
5896 2.07075e-05
5898 1.1372799999999998e-08
5900 3.23121e-05
5902 1.2003200000000002e-10
5904 3.5886e-05
5907 3.1375400000000003e-06
5913 0.00011384
5915 2.34559e-08
5916 0.000933993
5921 0.00021705900000000002
5922 0.00022465
5924 3.49209e-05
5925 5.1443800000000004e-05
5926 1.35051e-05
5927 7.6434e-06
5929 1.04958e-06
5931 0.0813837
5932 0.00014005700000000002
5933 1.51573e-07
5934 1.3632e-07
5935 8.8507e-06
5936 1.94327e-05
5937 4.39416e-09
5939 1.4016899999999998e-06
5941 1.78613e-07
5942 1.77107e-05
5943 1.43799e-06
5944 0.000700433
5945 4.6642700000000007e-05
5946 1.68744e-05
5949 3.93814e-06
5950 0.9893799999999999
5953 0.000258787
5955 6.542499999999999e-07
5957 6.82259e-05
5958 4.35289e-05
5959 1.51922e-07
5962 4.1542799999999994e-09
5965 4.6068199999999994e-05
5966 3.083e-05
5967 4.05033e-06
5969 1.0941400000000002e-05
5972 1.4834e-06
5973 0.000813279
5974 4.1729599999999995e-07
5976 1.55007e-05
5977 6.44396e-10
5978 0.00510323
5982 0.00109624
5986 7.66416e-06
5987 0.0110645
5993 0.000765011
5994 0.000139129
5997 3.81965e-05
5999 1.91971e-08
6002 7.95162e-06
6003 6.430039999999999e-07
6006 1.80693e-05
6007 0.00227969
6008 1.71889e-05
6010 0.00027047
6013 0.00598185
6014 0.9902860000000001
6015 5.77995e-05
6016 1.00129e-05
6017 2.69748e-08
6019 5.8456500000000005e-06
6021 1.7461199999999998e-05
6022 0.013094
6024 1.3846300000000002e-05
6031 8.34352e-06
6032 5.4197200000000003e-05
6034 3.31483e-06
6036 0.00116429
6037 7.40018e-06
6039 0.00218257
6040 1.6585299999999999e-06
6044 5.3879e-07
6047 1.3481099999999999e-05
6048 0.982642
6049 0.00422041
6050 2.9256799999999997e-05
6051 0.000955317
6052 3.9577e-08
6053 4.883e-10
6054 3.0443499999999997e-05
6056 3.36425e-05
6057 2.79689e-09
6059 2.66488e-05
6060 0.000498679
6063 7.951339999999999e-10
6064 1.90088e-07
6068 3.8853199999999997e-10
6072 4.31749e-05
6075 7.67299e-08
6076 0.00120959
6077 1.87447e-06
6080 1.41679e-11
6081 0.000111466
6082 8.14542e-09
6083 1.61199e-10
6085 0.00208358
6086 9.51349e-05
6087 8.165430000000001e-05
6090 6.645880000000002e-10
6092 5.6402799999999995e-05
6093 4.60334e-05
6094 0.00016418900000000002
6099 3.84188e-07
6101 8.018970000000001e-05
6102 0.00106117
6106 0.000697173
6109 0.00172806
6110 0.424163
6112 1.10902e-05
6113 1.11357e-06
6114 0.0301692
6115 3.27367e-05
6116 4.7402299999999996e-17
6118 0.000200385
6119 2.0221e-09
6121 2.72221e-08
6122 4.27905e-06
6126 2.03643e-06
6127 2.03375e-05
6132 1.41014e-16
6137 3.5907599999999997e-06
6138 0.000111002
6142 3.2931199999999996e-06
6143 8.41632e-05
6144 3.95003e-07
6145 1.6131299999999998e-06
6147 1.54199e-05
6149 0.000717669
6152 7.111119999999999e-06
6154 1.90889e-06
6155 0.000676407
6157 6.82254e-05
6160 0.197579
6164 0.00159152
6165 5.917630000000001e-09
6167 0.000334594
6168 0.000120325
6169 7.258089999999999e-06
6173 0.0156415
6178 0.000531497
6182 2.21597e-06
6186 1.2670699999999999e-05
6191 3.73229e-07
6192 4.92471e-07
6193 1.56637e-06
6194 2.3103700000000003e-08
6195 5.49812e-05
6197 0.000510958
6199 2.5383299999999996e-08
6200 0.000105565
6204 2.31751e-05
6205 0.943584
6207 1.20806e-05
6211 0.00580372
6213 8.987180000000001e-05
6217 0.000512734
6226 0.000289567
6227 0.00169241
6228 1.3300399999999999e-05
6231 4.85412e-05
6232 0.0174829
6237 0.000246473
6239 3.30817e-05
6242 1.06837e-08
6244 0.054905499999999996
6245 2.68646e-07
6246 0.00194087
6248 9.4693e-06
6253 2.37267e-07
6255 0.000304682
6256 2.64998e-07
6257 2.79816e-07
6263 9.10323e-12
6265 4.59345e-07
6266 9.507120000000001e-05
6268 5.5694299999999995e-15
6271 0.000132025
6273 2.67661e-06
6274 1.11219e-07
6278 8.14756e-07
6280 1.64695e-05
6283 1.5353499999999998e-05
6287 9.07872e-07
6288 5.00198e-05
6292 1.76067e-09
6293 1.48575e-06
6294 0.00158751
6297 2.87349e-06
6298 7.420169999999999e-06
6302 0.9915700000000001
6303 7.89258e-08
6307 1.25437e-06
6308 2.02797e-11
6310 0.00849851
6311 3.4068400000000004e-06
6312 3.1991000000000004e-06
6313 1.78549e-06
6315 2.0822299999999997e-06
6316 1.66329e-07
6317 2.7561800000000003e-07
6322 2.3374099999999997e-05
6324 2.986e-07
6326 4.5343900000000005e-09
6327 1.19384e-06
6328 1.03824e-05
6331 1.00238e-06
6332 0.5398890000000001
6333 2.7045299999999996e-10
6334 6.570360000000001e-08
6336 3.16409e-07
6340 9.573880000000001e-08
6342 0.000476804
6343 0.067116
6345 2.09168e-06
6347 0.000293092
6354 1.51319e-05
6356 2.35948e-10
6358 0.000152163
6359 2.1327199999999998e-05
6360 2.46969e-05
6361 0.000105855
6364 0.000122639
6365 0.0049298
6368 1.65725e-05
6370 0.012927000000000001
6372 1.157e-08
6373 6.65368e-05
6376 4.591780000000001e-06
6378 7.049960000000001e-06
6379 2.4024899999999998e-05
6380 4.03755e-05
6383 0.00020041400000000002
6384 2.27067e-05
6386 6.30662e-06
6388 1.5883100000000002e-06
6389 7.70642e-07
6390 1.71749e-05
6393 1.976e-05
6394 2.4681399999999997e-09
6397 1.94919e-06
6399 2.28223e-06
6401 6.00416e-06
6402 1.85076e-05
6403 6.12864e-06
6405 0.000508005
6406 0.00035714
6407 7.72548e-06
6408 0.972224
6410 0.000484622
6412 8.88619e-09
6413 2.87868e-07
6414 0.00010745799999999999
6415 3.7723000000000005e-05
6416 0.00199805
6420 0.139959
6422 6.88458e-06
6423 2.17105e-05
6426 5.0035699999999994e-06
6431 9.27435e-08
6432 2.08177e-05
6435 0.00235455
6439 4.95868e-08
6441 0.000211857
6446 8.86354e-07
6451 3.1570099999999996e-08
6452 3.6805199999999997e-07
6453 4.51771e-05
6454 2.62349e-05
6457 9.16235e-07
6460 0.00013123
6461 5.29855e-06
6464 9.997729999999999e-05
6467 6.3742e-11
6469 1.15511e-07
6471 0.00106645
6477 0.0006932969999999999
6478 0.000867606
6479 2.5003600000000002e-05
6481 1.60368e-07
6485 8.02099e-08
6487 2.28784e-08
6489 0.000138392
6490 0.0677144
6491 8.63153e-13
6493 3.54277e-05
6494 2.7333499999999997e-10
6496 0.0926618
6498 3.57538e-09
6500 0.000929397
6502 3.0614e-08
6504 1.07915e-06
6505 1.47708e-07
6508 2.59684e-05
6510 6.2616599999999994e-06
6511 3.18612e-05
6513 1.31642e-05
6514 0.000679433
6516 0.000154016
6517 5.09918e-05
6518 3.07817e-11
6521 2.01044e-06
6522 0.000727482
6525 0.00123058
6526 0.000830986
6527 0.00027781400000000003
6528 0.00639268
6531 0.00430858
6533 3.19249e-09
6535 5.94384e-12
6537 3.05385e-05
6539 0.000179244
6540 8.72658e-06
6541 0.000251575
6544 1.6860800000000002e-07
6545 5.63929e-08
6546 4.4514499999999995e-05
6552 7.12625e-07
6554 0.000116554
6555 6.924189999999999e-05
6557 9.785919999999999e-08
6558 5.87757e-06
6559 0.00190703
6561 1.80814e-10
6563 6.73733e-05
6566 4.93761e-06
6567 4.51882e-12
6568 2.152e-05
6571 6.981000000000001e-06
6573 5.10651e-05
6574 7.005830000000001e-07
6577 0.00011882
6579 0.00199125
6580 0.000121242
6581 1.2508800000000001e-05
6582 1.23624e-06
6586 0.0016690000000000001
6589 0.000779469
6590 1.00205e-05
6591 0.000115515
6592 0.00213468
6594 1.62154e-06
6596 8.30407e-07
6598 0.00034816800000000005
6600 7.60254e-05
6601 2.30159e-05
6604 0.99782
6607 6.76267e-05
6608 5.67552e-12
6613 5.0696400000000005e-05
6614 0.000146823
6615 8.047909999999999e-05
6616 0.001367
6620 2.6427999999999997e-08
6623 0.000849687
6624 5.8755500000000004e-05
6629 2.41799e-07
6630 1.5444200000000001e-06
6633 2.76102e-07
6634 0.000305638
6639 3.6339199999999998e-09
6640 1.7024600000000001e-09
6641 2.1696400000000003e-14
6642 2.68897e-10
6644 1.81705e-06
6646 2.23605e-06
6649 0.0007476869999999999
6650 2.2416399999999997e-09
6651 0.000701723
6653 3.60878e-08
6655 6.7424e-06
6656 0.000375687
6659 0.0267215
6662 5.5558100000000006e-05
6663 2.5074099999999998e-06
6665 0.153831
6669 1.00218e-07
6672 2.7281999999999997e-05
6675 0.00227548
6676 7.954919999999999e-08
6680 8.09899e-07
6683 2.49813e-09
6685 7.47762e-05
6686 7.322230000000001e-08
6688 3.05428e-10
6691 0.000191507
6692 0.0005102290000000001
6693 7.61309e-07
6700 9.158e-06
6701 1.04862e-10
6705 1.4428800000000002e-05
6710 4.8718400000000004e-05
6711 3.4617600000000004e-07
6712 3.8720499999999996e-10
6713 0.00102931
6715 5.67266e-05
6716 1.13825e-08
6717 1.90533e-05
6720 6.6233e-10
6721 3.2135e-05
6723 4.16391e-09
6724 4.0770300000000005e-06
6728 0.000352634
6729 0.00223797
6732 1.95929e-05
6733 6.42182e-06
6737 3.64718e-10
6741 3.9864400000000003e-07
6742 3.99675e-07
6743 9.24728e-11
6744 0.00018658799999999998
6745 0.000289136
6746 2.3802399999999998e-05
6749 3.49657e-08
6750 2.4818599999999996e-06
6752 8.39969e-08
6754 5.13624e-09
6756 0.00019590700000000002
6757 1.96897e-07
6758 0.00391521
6763 1.55267e-08
6764 4.4295e-08
6767 0.00275944
6770 0.000159731
6771 6.28132e-07
6774 4.5494000000000004e-08
6775 1.76375e-06
6776 0.000365837
6778 0.00354666
6779 9.740120000000001e-05
6780 4.478280000000001e-08
6785 0.00183422
6787 4.32418e-05
6788 0.026278899999999997
6790 0.00099711
6791 4.9915200000000006e-05
6792 7.707769999999999e-06
6793 2.29095e-06
6795 6.72689e-05
6796 5.27847e-09
6798 4.87281e-07
6801 2.95888e-05
6804 5.70393e-06
6807 0.000264211
6809 0.0009546660000000001
6811 8.46856e-08
6812 8.20591e-07
6815 2.8384400000000002e-05
6816 3.92377e-05
6817 1.08302e-05
6818 0.000309912
6820 0.000148266
6823 4.763479999999999e-05
6826 1.68486e-09
6830 2.2066e-05
6831 1.18882e-10
6832 2.98517e-06
6834 1.82372e-09
6837 0.00112693
6843 1.72092e-05
6846 0.000738156
6851 0.0209509
6853 4.74165e-07
6854 3.44279e-06
6856 8.42919e-06
6857 7.274339999999999e-07
6861 1.63506e-06
6863 1.1174500000000001e-05
6870 3.93759e-07
6871 2.2810300000000003e-09
6872 4.86972e-06
6873 0.00021947099999999997
6875 1.01628e-05
6877 2.04769e-06
6879 4.79977e-05
6881 0.00018168
6882 3.02575e-05
6885 0.000436533
6888 2.36962e-07
6889 0.967592
6890 2.1120300000000002e-05
6891 4.9743199999999995e-05
6894 0.00013089700000000002
6895 1.1135799999999999e-06
6897 6.309590000000001e-06
6898 0.00101407
6901 2.40666e-07
6902 2.9721799999999997e-05
6904 0.00506937
6905 0.00010248399999999999
6906 5.32961e-05
6907 0.0039253
6913 7.303889999999999e-10
6915 0.00284807
6920 2.99791e-08
6921 2.09344e-09
6923 8.35106e-07
6925 0.00023375400000000003
6926 0.000111031
6927 7.31217e-11
6928 1.36062e-06
6929 1.5879e-13
6936 5.43135e-05
6937 6.129349999999999e-06
6938 3.67779e-07
6941 3.0572500000000002e-06
6942 5.37107e-13
6946 5.49422e-07
6951 1.98138e-09
6954 0.000432197
6955 0.000154639
6957 0.00141877
6960 2.1766299999999998e-12
6961 1.82066e-07
6964 3.89719e-06
6967 2.9138099999999998e-05
6969 2.6440099999999996e-08
6970 0.00143149
6973 0.00018868599999999998
6974 0.000675921
6975 1.0037800000000001e-07
6977 0.998749
6978 0.000375964
6979 6.45538e-11
6980 0.000553888
6982 2.43717e-05
6984 1.34519e-06
6985 5.5537e-05
6986 0.00014289200000000001
6991 6.59847e-05
6992 0.000548411
6993 2.90151e-13
6996 0.00017109
6997 0.9957940000000001
6998 1.2922100000000001e-05
6999 3.9729899999999996e-13
7000 7.083810000000001e-05
7001 7.60962e-05
7005 1.2119799999999998e-08
7010 5.1528599999999996e-14
7012 3.671e-08
7013 4.6832900000000004e-07
7014 3.47808e-05
7015 2.86001e-09
7017 4.8068199999999995e-05
7019 8.5107e-06
7024 0.090022
7026 0.0149667
7027 3.8005800000000004e-06
7028 0.00046477300000000003
7030 6.70928e-05
7032 6.64375e-07
7034 4.71535e-05
7037 1.0745100000000001e-06
7041 2.1865200000000002e-08
7043 2.5215700000000003e-05
7044 1.93272e-05
7047 0.799229
7051 6.535e-07
7053 3.71925e-06
7055 0.000307367
7057 1.44669e-05
7060 0.00021360400000000002
7061 0.000884857
7063 4.1817e-09
7066 0.057098
7067 1.2813499999999999e-05
7069 0.000510956
7076 1.18189e-08
7081 1.1556300000000001e-05
7082 0.0156946
7083 4.7410299999999996e-05
7085 0.0013709000000000002
7087 0.000515184
7091 0.009430599999999999
7094 0.000124274
7096 3.7229e-05
7098 2.48837e-07
7099 0.00014111200000000001
7102 5.12514e-05
7103 0.00769043
7106 6.3063e-05
7107 2.9571199999999997e-06
7110 1.18038e-05
7111 3.08272e-06
7112 1.52983e-05
7115 1.10632e-13
7116 5.184429999999999e-06
7118 9.657860000000001e-05
7119 0.0005570190000000001
7120 0.00243824
7124 3.8121300000000004e-08
7126 5.6262200000000005e-05
7127 0.000479736
7131 1.4492e-12
7134 0.000167893
7135 0.00457491
7136 2.57564e-05
7137 1.69908e-05
7142 0.000467246
7143 9.50514e-07
7145 1.0734399999999999e-08
7151 5.61038e-06
7155 6.10737e-11
7156 0.000161451
7157 1.21467e-05
7158 0.00136112
7160 2.7787799999999996e-10
7161 0.000191478
7164 3.3252300000000003e-06
7169 0.00649584
7170 1.4433e-07
7171 2.71475e-06
7173 0.025715199999999997
7175 4.49912e-05
7176 0.000184272
7178 0.00187033
7179 0.00323626
7181 2.5184900000000003e-06
7183 1.5323300000000001e-06
7186 5.980930000000001e-06
7188 6.517109999999999e-09
7190 4.82487e-07
7192 8.05014e-08
7195 0.0090425
7196 6.4958600000000005e-06
7198 0.000639039
7199 1.4700799999999997e-10
7201 0.000182759
7202 0.00232055
7203 6.991560000000001e-08
7206 5.285560000000001e-07
7207 5.27278e-06
7209 3.3324e-08
7218 0.00033045300000000003
7220 5.2357600000000005e-06
7221 1.7312299999999998e-06
7225 3.74232e-06
7226 7.856780000000001e-08
7228 9.53409e-06
7229 1.99477e-05
7231 4.79991e-05
7232 8.070350000000001e-07
7233 0.9996649999999999
7235 7.132100000000001e-10
7237 6.19388e-06
7238 1.5896400000000003e-09
7239 0.00184584
7240 2.33775e-06
7242 7.93326e-06
7246 0.00017816400000000002
7248 0.00114842
7251 3.4684e-05
7252 0.00182827
7253 0.00010988799999999999
7254 6.741339999999999e-07
7255 8.974839999999999e-06
7257 3.42635e-08
7262 0.00282731
7264 7.67489e-05
7265 5.8226099999999995e-05
7267 0.00276834
7268 0.00756236
7269 0.0948568
7272 2.08173e-06
7273 2.1979299999999998e-05
7277 5.87665e-06
7278 0.0173245
7281 6.2562599999999995e-06
7282 3.17867e-05
7286 2.76532e-05
7287 2.5766300000000004e-10
7288 9.53468e-09
7290 5.6495e-05
7291 1.8540999999999998e-09
7293 0.000311925
7301 1.51197e-07
7303 0.00013279
7304 0.00197626
7306 4.06158e-05
7307 1.29052e-09
7309 1.7434000000000002e-13
7310 0.00017485599999999998
7312 7.36413e-06
7313 6.974819999999999e-06
7315 0.00010099299999999999
7316 0.00024498200000000003
7317 0.00294479
7319 8.04501e-07
7320 2.24119e-07
7321 7.83373e-07
7324 0.000204033
7326 4.7671599999999997e-08
7328 5.526e-05
7331 2.34348e-06
7332 2.57574e-07
7333 7.2314e-07
7335 0.000120399
7337 4.56867e-07
7338 6.59669e-05
7339 2.1872900000000003e-07
7340 7.19985e-08
7341 0.00189655
7342 0.00507497
7345 2.6445099999999996e-10
7347 0.00047642800000000004
7348 5.22298e-07
7349 4.77871e-08
7352 0.00293573
7353 0.000406654
7354 2.21112e-11
7355 2.78783e-05
7357 0.98382
7358 6.479969999999999e-06
7360 1.4612e-06
7362 4.52051e-07
7364 1.67578e-07
7366 0.00018193599999999997
7367 0.000560706
7368 2.8610700000000004e-07
7371 9.81005e-06
7377 0.6294270000000001
7378 0.0009132119999999999
7379 0.0007422310000000001
7380 0.00121344
7382 3.9560999999999996e-05
7384 3.13862e-07
7386 2.4258499999999998e-05
7387 5.35624e-12
7391 0.00291115
7392 2.46908e-05
7393 0.000380611
7395 0.000560547
7397 0.000507879
7399 5.3039e-07
7400 0.00467975
7401 3.74943e-07
7402 1.0972100000000001e-06
7403 1.75448e-08
7404 8.512120000000001e-05
7405 2.6200999999999997e-06
7406 7.30933e-06
7407 0.00732428
7409 9.227679999999999e-08
7412 0.000222043
7415 0.010343799999999998
7418 4.50618e-09
7420 0.000628712
7423 2.6282100000000004e-09
7426 5.17611e-16
7428 2.20525e-05
7429 1.3028399999999999e-06
7430 4.07701e-07
7434 0.00019015299999999998
7440 4.18381e-05
7441 4.464e-11
7442 5.14384e-05
7444 0.00789443
7447 6.40079e-10
7450 9.91539e-06
7452 0.000122375
7453 2.93738e-06
7455 0.99913
7456 3.1232800000000004e-05
7459 0.022827599999999997
7462 8.022640000000001e-09
7463 0.0007387219999999999
7464 0.0132981
7469 2.3226500000000002e-05
7471 3.08681e-05
7472 0.00431719
7473 2.89454e-07
7476 1.25324e-05
7478 0.000143162
7485 3.92759e-05
7487 3.59208e-06
7488 0.00262776
7492 7.57266e-09
7494 0.000270227
7495 0.000223725
7496 0.000111606
7499 1.04714e-07
7500 0.000359486
7501 1.6667599999999998e-06
7502 9.728619999999998e-07
7504 7.173099999999999e-06
7505 2.81426e-07
7507 2.69431e-06
7508 1.55542e-06
7509 2.68179e-05
7510 0.00658667
7512 0.00045841400000000003
7514 7.38097e-05
7515 0.000586459
7516 0.000378407
7518 5.977659999999999e-06
7520 8.665839999999999e-06
7522 1.0396099999999999e-05
7529 8.419510000000001e-08
7531 0.0006731510000000001
7532 8.747580000000001e-06
7534 4.70125e-07
7539 7.267689999999999e-08
7541 5.48044e-07
7542 1.20999e-06
7545 2.13437e-05
7548 0.00204251
7549 2.32445e-06
7550 8.95739e-07
7552 0.0008299
7553 2.41878e-07
7554 0.000830815
7556 8.62571e-08
7557 3.59899e-06
7560 0.00171428
7561 8.95696e-11
7562 0.000242587
7564 9.67988e-06
7567 9.83651e-07
7569 0.00066838
7573 0.000281837
7574 1.41519e-05
7577 0.000142448
7580 2.62775e-05
7581 6.378029999999999e-07
7582 9.057209999999999e-05
7583 1.8160899999999998e-05
7584 0.00275665
7587 2.5574e-05
7588 0.00019234799999999998
7589 4.38269e-05
7591 1.5786500000000001e-06
7593 1.0948399999999999e-10
7595 0.00024316599999999998
7596 0.000321659
7597 2.90139e-06
7598 2.8163600000000003e-05
7599 1.4015200000000002e-06
7602 6.01031e-08
7604 0.00701318
7607 3.34733e-07
7608 0.000138759
7609 0.000581819
7610 0.00236955
7613 5.607770000000001e-05
7616 2.02919e-07
7617 2.73665e-05
7620 9.612289999999999e-06
7623 6.02425e-05
7625 5.07601e-07
7627 1.0662000000000001e-07
7628 0.000426069
7630 5.81623e-19
7632 0.00561237
7634 8.1402e-05
7635 0.964584
7636 3.91016e-05
7638 1.08996e-05
7641 2.93885e-06
7643 1.71344e-08
7644 1.88731e-08
7645 1.45624e-07
7646 1.61669e-08
7648 1.5779000000000003e-05
7651 0.00033470900000000004
7652 0.00020270099999999998
7658 5.22404e-07
7659 9.60969e-05
7660 0.034562800000000005
7661 4.65443e-07
7665 8.714039999999999e-08
7669 1.92346e-05
7674 2.52304e-08
7676 0.00390515
7681 5.8817200000000005e-06
7684 1.27454e-07
7686 0.00796029
7689 0.000495405
7690 1.36853e-08
7693 0.000100424
7695 0.000159996
7698 2.6866000000000002e-09
7700 0.000138905
7701 3.26499e-08
7703 2.43928e-05
7706 9.098319999999999e-05
7707 0.000400187
7708 5.41759e-06
7710 8.16194e-06
7711 0.00831231
7714 1.6305299999999999e-06
7716 0.00110686
7717 5.74971e-06
7719 0.00027336900000000003
7722 2.41238e-05
7725 3.2706099999999996e-10
7726 6.68844e-06
7728 0.00012853799999999998
7730 0.0140514
7733 5.09021e-05
7734 4.522270000000001e-09
7737 6.36759e-05
7738 0.0009488639999999999
7739 0.000118077
7741 0.8942829999999999
7744 5.63303e-05
7747 5.58631e-06
7750 4.53246e-06
7752 0.000334865
7755 7.74129e-06
7756 2.08747e-05
7757 1.28732e-08
7759 0.000116936
7761 4.4116800000000006e-08
7764 2.0003999999999998e-08
7766 4.19552e-05
7769 9.79424e-06
7770 0.000145404
7771 4.77194e-11
7774 9.22402e-06
7778 0.000733516
7780 3.9706199999999994e-06
7782 7.80902e-05
7783 5.16389e-10
7784 0.000135852
7785 8.44208e-06
7787 0.000170111
7788 0.00400281
7789 0.026791200000000005
7792 9.346129999999999e-05
7794 7.06227e-06
7796 0.014675899999999999
7797 2.2813499999999998e-06
7800 0.000258659
7801 0.000372859
7802 9.43241e-06
7804 5.097270000000001e-07
7805 0.000335584
7806 0.0403784
7807 1.26655e-05
7808 1.40238e-06
7811 1.21008e-05
7816 8.533e-06
7817 1.3491600000000001e-05
7818 0.00110726
7822 3.22921e-05
7823 3.1625e-07
7825 1.30805e-05
7827 4.80868e-09
7828 8.03037e-06
7829 9.533319999999999e-05
7830 0.00134694
7832 2.77358e-07
7835 2.85808e-12
7837 1.40657e-06
7839 7.018780000000001e-06
7842 1.56914e-08
7844 1.1339800000000001e-07
7846 1.55174e-05
7848 2.88175e-05
7849 2.38508e-07
7850 0.8685280000000001
7851 4.3523100000000003e-05
7852 1.41075e-07
7858 4.72488e-05
7860 6.4583e-11
7861 7.193330000000001e-06
7862 1.5753199999999998e-07
7866 0.00140013
7867 9.18916e-07
7870 0.00040718300000000003
7871 1.68408e-05
7874 4.55231e-06
7875 1.2877e-08
7879 0.0005482859999999999
7880 7.257949999999999e-05
7881 4.13349e-08
7882 2.83494e-08
7887 2.12663e-05
7888 1.4202799999999999e-05
7891 0.000847495
7892 0.00119553
7893 0.000437909
7894 7.464199999999999e-09
7895 6.84158e-05
7896 1.43788e-05
7903 5.06788e-07
7904 0.00934236
7906 5.2918000000000004e-08
7907 0.000108652
7912 2.3679200000000003e-10
7913 1.2393e-05
7917 2.8465300000000003e-05
7918 6.50349e-05
7922 0.050762800000000004
7927 3.6173699999999995e-06
7929 3.9693899999999996e-05
7930 3.19123e-05
7934 3.14e-12
7936 7.28089e-07
7937 4.39297e-06
7938 2.80519e-05
7941 0.00025325900000000004
7942 0.00061052
7944 4.13081e-07
7945 1.09058e-09
7948 0.000498944
7949 5.5711e-05
7951 4.535e-09
7952 0.859907
7955 5.3981400000000005e-05
7957 5.31863e-05
7960 1.5832299999999997e-06
7961 0.000101651
7962 4.77035e-06
7965 1.4681400000000001e-05
7966 0.000566175
7967 3.65466e-07
7969 7.589729999999999e-05
7972 2.8711e-05
7973 6.8220399999999995e-06
7975 2.2601599999999997e-05
7977 3.3684e-05
7978 8.1568e-06
7981 0.00133938
7982 2.03816e-05
7983 1.1780500000000001e-08
7985 0.000495168
7986 5.6877700000000006e-05
7988 5.59554e-05
7989 0.00307857
7990 1.88203e-05
7992 2.84125e-06
7993 1.1367800000000001e-07
7994 7.14306e-05
7995 3.2290699999999997e-06
8000 0.0014215999999999999
8003 5.5533e-08
8006 0.00678124
8007 6.77562e-11
8010 2.34166e-05
8011 9.601100000000002e-07
8013 9.43209e-05
8014 0.000499739
8015 4.14241e-06
8016 0.00010725100000000001
8018 5.79938e-07
8020 4.82876e-05
8021 0.00014057799999999998
8022 4.94672e-05
8025 0.00487479
8027 0.000140072
8028 0.00086153
8030 4.5280299999999996e-07
8034 2.37377e-08
8035 0.000189675
8038 6.8255999999999995e-06
8039 7.74095e-05
8041 3.91564e-05
8045 6.57176e-05
8046 6.34302e-11
8047 2.64842e-06
8050 1.3974399999999998e-07
8052 0.013980100000000002
8054 2.5150700000000003e-05
8055 3.4999300000000006e-06
8056 0.575332
8058 3.34059e-05
8059 5.13589e-07
8065 0.00890914
8066 0.402987
8070 7.4935500000000004e-06
8071 0.012938700000000001
8073 4.898819999999999e-06
8074 6.503450000000001e-10
8077 3.62292e-07
8078 0.0434337
8080 5.6578599999999994e-05
8081 0.00023291700000000002
8088 2.45179e-14
8089 0.000153079
8090 0.000130861
8092 5.03851e-06
8094 0.00443228
8097 4.10888e-07
8099 0.999699
8102 0.0063128
8104 0.000380636
8109 0.00265251
8110 3.6106000000000003e-07
8111 0.00259082
8113 2.98025e-11
8114 2.5975200000000004e-08
8118 4.5362200000000004e-05
8119 0.000823618
8120 0.00137957
8123 0.00358599
8124 0.000423323
8126 0.000482457
8128 1.18803e-10
8129 1.5024400000000001e-05
8131 1.2762e-06
8133 0.000165158
8134 3.49899e-07
8135 2.26508e-05
8136 0.000229318
8143 0.00183865
8145 0.12884
8146 0.0204308
8147 1.2113900000000001e-05
8148 1.08909e-12
8149 4.258e-06
8152 1.47483e-06
8153 0.000430845
8154 7.81265e-08
8155 2.7520700000000002e-05
8156 3.94641e-05
8157 0.000143648
8158 9.37853e-06
8161 2.34646e-05
8162 6.34981e-06
8165 0.035189
8167 0.0043947
8170 6.007659999999999e-07
8172 7.60391e-07
8176 2.36769e-05
8178 9.64887e-06
8179 8.724560000000001e-10
8181 1.84559e-09
8182 0.000308169
8183 4.83438e-06
8184 3.7526999999999997e-06
8185 7.67653e-09
8187 3.1594099999999996e-05
8192 0.00100178
8193 0.999783
8194 4.687930000000001e-08
8195 4.910719999999999e-06
8196 0.000674397
8198 0.000204575
8201 0.00020450400000000002
8205 2.66012e-05
8206 1.3778800000000001e-05
8207 4.199969999999999e-06
8210 1.4669000000000001e-05
8212 1.1310399999999999e-06
8214 2.0578e-06
8215 2.1029899999999997e-05
8217 0.142361
8219 0.9692209999999999
8221 1.53072e-05
8227 0.101073
8228 2.93964e-05
8230 5.36995e-10
8231 7.90357e-06
8233 3.16744e-06
8234 1.54748e-08
8237 1.5365799999999998e-05
8238 1.3604300000000001e-06
8239 5.9119899999999996e-05
8240 5.907730000000001e-06
8242 0.000738414
8243 8.682999999999999e-09
8245 0.000143784
8246 9.90643e-11
8247 3.88981e-06
8249 0.6664899999999999
8255 7.775410000000001e-12
8256 2.92384e-06
8257 4.47333e-06
8259 2.10396e-07
8264 2.42475e-05
8265 0.00011692299999999999
8266 1.1480500000000002e-06
8267 6.26649e-05
8270 8.610600000000001e-07
8271 0.000570172
8273 0.000262272
8274 5.71094e-11
8276 8.08519e-06
8277 8.5546e-08
8278 0.999908
8283 5.11475e-07
8286 0.0006889289999999999
8287 2.86539e-06
8288 4.3981699999999993e-08
8289 0.00210078
8290 1.99727e-05
8291 2.6364400000000002e-08
8298 0.00161747
8303 0.000126109
8304 0.000256358
8305 0.000179657
8308 2.0923200000000003e-05
8309 4.79499e-06
8314 7.54279e-06
8321 0.000164085
8324 2.1291900000000004e-08
8325 7.22945e-05
8328 0.000139153
8330 0.00043658
8331 5.238180000000001e-08
8333 2.8543900000000003e-06
8334 2.8807600000000002e-05
8337 1.48313e-09
8339 0.00201287
8340 5.0577399999999995e-05
8343 4.82497e-05
8344 0.000251243
8347 1.49839e-06
8348 1.39201e-16
8350 9.371339999999999e-06
8352 0.000227713
8353 9.35972e-08
8354 0.00017475900000000003
8356 2.88185e-07
8357 3.05668e-09
8358 1.2956300000000002e-05
8361 9.886150000000001e-10
8362 2.1349699999999997e-05
8363 7.9303e-05
8366 4.74833e-09
8367 7.47919e-07
8369 0.99992
8371 7.13105e-06
8373 0.180421
8375 0.00255378
8377 8.36579e-06
8378 1.00716e-07
8379 0.00266774
8380 0.000256474
8382 3.54098e-05
8383 3.06891e-05
8389 0.00015444700000000002
8392 2.52929e-07
8393 9.805719999999998e-07
8394 0.000313867
8395 4.7373e-05
8396 3.94487e-09
8399 8.8648e-06
8400 0.000140445
8401 0.000109795
8402 0.00100178
8404 6.07376e-08
8405 9.442309999999999e-13
8406 0.000967101
8407 2.45078e-06
8408 1.78319e-06
8411 0.00015295
8412 0.00010101600000000001
8414 2.3565200000000004e-06
8417 0.000297195
8418 0.00102482
8419 0.000586967
8420 5.235269999999999e-06
8421 2.5711e-07
8428 2.2397600000000003e-13
8431 6.15047e-06
8432 1.33893e-05
8435 9.51366e-09
8436 1.9363399999999998e-05
8439 2.24226e-05
8440 0.00265716
8441 8.41825e-05
8446 2.39918e-05
8447 3.96454e-08
8448 0.00101835
8451 1.38589e-07
8455 2.50892e-07
8457 1.9562e-08
8458 0.000129458
8459 0.0185321
8460 0.00216764
8463 0.000101175
8464 0.135221
8469 2.38599e-07
8471 2.4923400000000003e-05
8473 7.06148e-12
8474 2.21348e-05
8476 0.000328448
8479 5.02065e-07
8480 4.36175e-05
8481 0.000422664
8486 1.38964e-06
8487 1.245e-05
8488 2.8486e-06
8489 1.07774e-06
8490 1.5695e-06
8491 7.31535e-05
8493 1.2081199999999999e-05
8496 2.14487e-05
8497 1.07729e-05
8500 1.8689700000000003e-06
8501 0.00115132
8504 2.49843e-08
8505 0.000256504
8507 1.02213e-06
8508 1.9637400000000003e-14
8510 2.42134e-07
8511 3.48965e-10
8515 1.5373e-08
8516 2.77119e-05
8520 6.40357e-07
8525 4.54315e-06
8527 0.00013502700000000002
8528 1.1378600000000001e-07
8531 3.9453200000000004e-05
8532 8.88698e-05
8537 3.6048699999999996e-06
8538 0.000340097
8539 6.78291e-08
8540 2.9210399999999997e-13
8543 3.11989e-05
8544 0.00280808
8545 0.9999020000000001
8546 6.571640000000001e-09
8547 2.41663e-08
8548 9.06461e-05
8551 3.331369999999999e-10
8552 0.00299957
8554 0.0082477
8555 0.00357215
8560 1.65007e-07
8561 3.50923e-11
8563 7.67153e-06
8565 2.3935700000000002e-05
8566 0.000275587
8567 0.013934799999999999
8569 4.36949e-09
8570 9.23909e-06
8571 0.9681069999999999
8574 8.961969999999999e-05
8575 1.0260300000000001e-07
8577 8.54773e-05
8578 0.694274
8579 1.55813e-07
8580 0.00027606099999999997
8583 0.000217032
8589 2.7023599999999996e-07
8590 0.0621212
8591 6.06265e-07
8593 1.14496e-05
8594 0.000131619
8597 4.916209999999999e-08
8598 0.000387982
8599 3.97202e-05
8600 3.6423000000000003e-06
8603 0.000350034
8605 6.81938e-05
8609 1.52647e-07
8611 3.0578899999999997e-06
8613 1.00087e-05
8614 6.04089e-08
8616 2.91089e-06
8619 2.7768999999999998e-09
8622 3.6353e-09
8623 4.64948e-08
8625 0.000386579
8626 1.76602e-07
8627 0.000132179
8629 0.000672618
8630 4.9873900000000004e-05
8631 2.18766e-05
8632 1.2325499999999999e-05
8634 2.34691e-05
8637 0.000143865
8640 1.5037999999999999e-05
8641 0.000275306
8642 3.5210300000000002e-06
8643 0.999975
8646 1.04758e-06
8648 0.00617631
8649 2.08698e-07
8650 3.06059e-06
8651 4.74409e-07
8652 0.000665315
8656 2.58092e-07
8657 0.00264156
8658 1.27483e-05
8659 1.0036799999999999e-07
8660 5.34864e-08
8661 1.30446e-06
8662 6.738159999999999e-17
8664 0.00153858
8666 0.000115163
8668 0.000230057
8669 0.00434509
8671 1.9390900000000004e-06
8672 5.31523e-06
8673 1.65457e-07
8674 1.1465299999999999e-07
8675 5.38163e-06
8677 7.80178e-10
8678 1.88988e-06
8679 1.72086e-05
8681 2.1978999999999998e-07
8682 4.0580999999999997e-05
8684 1.9190100000000002e-07
8685 2.51044e-05
8686 2.74086e-07
8689 1.38801e-10
8693 1.93917e-06
8694 3.02096e-05
8696 1.77158e-08
8697 0.0007583039999999999
8700 1.79685e-06
8703 1.4197899999999998e-10
8704 0.9979680000000001
8705 0.00042735300000000005
8707 1.61749e-05
8708 0.00149063
8711 5.9242799999999995e-05
8712 4.38417e-09
8714 5.03962e-11
8715 2.79668e-06
8719 0.0029239
8721 1.62564e-06
8724 5.2553400000000004e-05
8726 1.12348e-05
8729 1.57572e-07
8734 1.3535800000000001e-06
8735 0.000139494
8736 0.00374574
8737 1.0851e-07
8740 0.000309015
8743 3.52398e-05
8745 2.8961599999999996e-06
8746 0.000569227
8751 0.0006086409999999999
8754 3.27574e-06
8758 8.611e-05
8761 0.00587998
8762 0.00044179
8763 5.10361e-08
8765 1.4238699999999998e-09
8767 5.95019e-06
8774 6.31457e-05
8777 7.80296e-09
8778 9.54682e-05
8779 5.07589e-08
8780 2.35249e-05
8781 9.234610000000001e-05
8782 1.6426199999999998e-10
8785 1.55744e-06
8786 0.00433344
8787 3.7174599999999995e-10
8788 2.65119e-10
8789 2.55196e-09
8791 2.14984e-06
8792 4.3258300000000006e-08
8795 5.12972e-06
8797 6.46231e-06
8798 9.281590000000001e-05
8800 2.53566e-07
8802 8.431889999999999e-07
8803 8.598779999999999e-07
8804 1.25677e-05
8807 0.000346787
8808 6.12715e-05
8812 0.00356206
8816 4.21563e-05
8818 0.0124334
8820 0.00044977
8821 8.76117e-06
8824 4.37558e-08
8825 1.21159e-07
8827 0.00029444599999999997
8828 0.00158533
8829 7.91745e-07
8830 1.7401400000000001e-06
8832 2.50997e-05
8834 7.75416e-07
8839 3.4465e-08
8842 0.135714
8844 5.31499e-06
8845 1.4990699999999999e-09
8846 2.49308e-07
8850 1.28514e-05
8851 1.62223e-07
8852 2.00808e-09
8853 2.89284e-06
8855 7.23504e-09
8857 1.39846e-05
8860 4.96242e-06
8861 0.00298089
8863 0.0015924000000000001
8864 6.06678e-07
8866 0.050520800000000005
8868 0.0162451
8869 0.9459190000000001
8870 1.67489e-11
8875 4.57258e-07
8877 8.98765e-06
8881 2.8124799999999998e-08
8882 2.89197e-07
8887 1.13423e-09
8889 3.97671e-07
8893 1.0643000000000001e-06
8894 0.000101029
8895 1.02906e-06
8896 3.45252e-07
8897 8.102899999999999e-07
8898 6.4558300000000005e-06
8899 3.38704e-05
8901 8.71349e-06
8902 0.00155226
8903 0.0100292
8904 0.00127757
8906 0.000190003
8907 0.00047011599999999997
8908 8.14022e-05
8910 1.67636e-06
8912 5.08034e-07
8915 6.871219999999999e-07
8916 8.12378e-05
8918 1.8634200000000002e-06
8922 1.11449e-05
8924 1.41211e-06
8925 2.5227e-06
8928 0.0008525000000000001
8934 5.62077e-18
8935 1.83614e-09
8937 6.25988e-07
8938 0.00237697
8941 9.60962e-06
8945 9.78284e-05
8946 2.71494e-05
8947 1.0736500000000001e-05
8949 1.6437700000000002e-08
8950 5.09586e-11
8952 5.87234e-05
8954 5.97665e-06
8956 3.23639e-16
8957 5.04925e-07
8959 1.1849000000000001e-05
8963 1.63196e-05
8964 0.00020270599999999998
8972 2.44285e-09
8974 4.35397e-06
8977 9.270650000000001e-07
8981 7.67747e-11
8984 0.44338
8986 0.00012648799999999999
8990 4.4094e-06
8991 6.21305e-07
8992 0.000242716
8993 0.000507844
8994 8.00735e-05
8996 8.198e-05
8998 0.583963
9001 0.977251
9003 0.00068966
9008 2.87986e-11
9009 3.0305999999999997e-05
9010 9.43673e-08
9011 5.62167e-05
9012 0.000108298
9013 8.61208e-06
9014 0.000111235
9017 1.35819e-06
9021 1.21493e-06
9023 1.0368399999999999e-08
9025 3.58187e-07
9026 0.845874
9028 4.7882e-12
9030 0.00021161299999999998
9031 0.000482361
9033 0.000142296
9038 3.4451999999999996e-08
9040 0.000175427
9041 5.79054e-11
9043 1.79471e-05
9044 5.141190000000001e-10
9046 2.21192e-06
9047 3.70657e-10
9050 9.65951e-11
9052 1.49083e-05
9054 0.0365168
9055 0.00157356
9056 4.585e-06
9057 2.28392e-08
9061 6.76588e-08
9062 5.98911e-08
9065 5.77729e-07
9067 1.37592e-05
9069 1.96652e-11
9070 4.35287e-07
9071 1.49125e-07
9074 1.41434e-06
9075 3.0017800000000003e-05
9076 0.00809767
9077 0.000247987
9081 0.000164025
9082 0.00240533
9083 0.000293246
9084 4.9508e-07
9088 0.000443072
9090 9.87618e-07
9092 3.8035400000000005e-07
9093 2.7952e-06
9095 6.16609e-05
9096 5.20397e-07
9097 1.1967100000000001e-07
9101 1.3399000000000002e-05
9102 0.0528216
9103 3.8360199999999997e-07
9104 0.000471167
9107 0.00010497700000000001
9109 0.000649659
9110 0.00139524
9111 5.32208e-09
9115 9.362280000000001e-05
9118 6.82747e-08
9119 1.71946e-05
9120 0.00143804
9122 0.00743214
9124 0.000148202
9125 0.00013052299999999998
9127 5.0671e-07
9130 3.5700599999999997e-06
9132 1.52478e-05
9134 3.763289999999999e-09
9135 1.10647e-09
9137 0.9851110000000001
9139 3.83592e-08
9140 0.00629843
9142 1.1128600000000001e-07
9143 1.6215e-07
9145 2.67342e-13
9146 6.664530000000001e-07
9149 8.117029999999999e-05
9152 7.43375e-05
9154 4.9088599999999994e-06
9156 1.4220400000000002e-06
9158 1.22077e-13
9164 0.00020318099999999998
9165 3.3397e-08
9167 4.3557799999999995e-13
9169 3.71744e-05
9170 0.00025230900000000004
9171 3.79947e-05
9172 1.42809e-06
9176 8.69732e-05
9182 2.46246e-05
9183 2.78707e-12
9188 1.88987e-09
9190 6.20086e-07
9198 9.6811e-15
9199 6.68097e-05
9201 0.0005617
9203 1.15501e-05
9204 0.00101592
9206 0.00010616
9207 0.00539269
9210 9.80823e-05
9211 4.991689999999999e-13
9216 5.146419999999999e-06
9217 1.02817e-12
9219 0.0008043010000000001
9220 1.03856e-05
9222 1.9148900000000003e-08
9223 5.23854e-05
9225 0.00683634
9226 1.00914e-10
9228 0.000146814
9229 9.968330000000001e-06
9231 2.6909199999999996e-06
9232 0.000170669
9233 0.00023403
9234 4.2721600000000003e-07
9235 0.000495546
9237 4.39994e-08
9240 0.9517639999999999
9241 0.000722584
9243 1.7984000000000003e-07
9248 1.73415e-05
9253 1.55615e-05
9256 4.5960099999999995e-12
9257 0.0005582440000000001
9258 8.353839999999999e-10
9260 2.58139e-06
9261 0.000275573
9262 1.84432e-05
9263 7.32702e-07
9264 5.6478100000000004e-05
9265 7.32434e-05
9266 0.00500373
9267 6.96295e-07
9274 6.519300000000001e-08
9275 0.0013970999999999999
9276 0.000714676
9277 1.84793e-09
9280 1.12795e-06
9284 0.00357268
9292 0.00626834
9293 0.000166635
9294 0.000382691
9297 1.58853e-05
9298 3.39653e-08
9300 0.00044128
9301 0.000635813
9302 2.54518e-07
9304 3.61944e-05
9305 2.90695e-12
9310 3.2666500000000003e-06
9311 2.86952e-06
9313 2.59687e-07
9314 0.00124365
9317 1.6974599999999996e-08
9319 6.540800000000001e-10
9320 0.0009128060000000001
9321 4.26526e-06
9322 9.01286e-06
9328 4.03711e-06
9329 4.66964e-05
9332 0.0008052739999999999
9335 3.0365199999999998e-06
9338 2.43507e-11
9340 0.00183646
9341 1.6198499999999997e-05
9344 3.7991199999999996e-05
9345 7.4153e-06
9346 8.894790000000001e-07
9352 0.00044152199999999996
9353 8.22383e-08
9355 4.761919999999999e-10
9356 0.00131181
9357 1.30339e-06
9360 1.0001499999999999e-05
9361 4.78675e-06
9363 4.70226e-08
9364 3.63671e-06
9366 4.97509e-08
9367 5.30774e-05
9369 1.94142e-05
9370 5.95045e-10
9372 0.000188815
9376 1.65018e-06
9379 0.000185461
9380 1.52402e-05
9381 4.99909e-07
9383 2.20162e-06
9384 0.00793458
9385 3.84109e-05
9387 8.30463e-06
9390 2.75233e-13
9391 0.000132695
9395 7.219289999999998e-08
9396 0.00948373
9397 3.99497e-08
9399 2.78783e-07
9400 0.00453027
9402 3.60802e-05
9403 0.00024374599999999998
9404 0.000247017
9415 0.00156246
9416 6.9684499999999994e-09
9423 0.9435180000000001
9425 0.00035869
9426 0.000173815
9427 0.000157581
9428 0.00149552
9430 3.682e-08
9431 5.24415e-07
9435 0.00026718900000000003
9436 0.00039671199999999997
9441 0.00018150599999999998
9442 1.0776e-12
9444 0.00179155
9447 2.0834700000000002e-12
9449 3.82321e-06
9450 0.000284408
9451 5.56748e-10
9452 8.148590000000001e-07
9453 4.17445e-05
9462 1.62961e-09
9467 0.00387004
9471 0.000592638
9473 1.1903e-05
9474 9.84913e-07
9475 2.72159e-06
9478 0.000497439
9482 1.79013e-07
9483 1.87038e-12
9485 0.000120696
9486 3.9547400000000004e-07
9487 3.40835e-05
9489 0.000636341
9492 3.78134e-07
9493 5.01431e-07
9495 0.00010959899999999999
9498 1.48304e-07
9501 2.7017000000000003e-08
9503 1.4911700000000002e-06
9505 4.3736e-05
9506 5.81606e-06
9509 2.8851100000000002e-05
9510 4.1609e-10
9511 1.68409e-05
9513 1.99966e-05
9514 1.22564e-06
9521 1.5979e-05
9522 5.765790000000001e-06
9525 1.93436e-08
9529 4.29367e-06
9530 0.00302157
9534 6.806260000000001e-07
9535 9.148610000000002e-06
9536 4.21024e-08
9538 0.00612873
9539 8.08944e-05
9544 1.7024700000000002e-06
9547 3.85531e-05
9548 1.4391200000000002e-08
9552 6.05079e-07
9553 6.18572e-06
9554 1.19764e-06
9555 0.037431900000000004
9556 0.000365133
9559 4.29733e-07
9561 3.07508e-08
9563 2.66858e-08
9564 4.6806899999999994e-05
9569 0.00153015
9570 0.0227273
9572 0.000350514
9574 3.54307e-05
9575 3.42558e-07
9578 0.0006896510000000001
9581 6.505759999999999e-07
9582 0.001802
9583 7.68717e-06
9589 6.801000000000001e-07
9590 1.6994299999999998e-06
9592 9.415269999999999e-06
9593 2.3340900000000004e-06
9594 0.0005253909999999999
9595 3.05152e-05
9599 2.04821e-06
9601 3.82569e-06
9602 3.47638e-09
9604 0.0005302330000000001
9606 6.42172e-05
9607 0.00138617
9608 1.78745e-05
9610 0.000347296
9612 0.000152549
9616 5.909259999999999e-06
9622 1.18609e-09
9624 2.5692600000000002e-05
9625 0.00060102
9626 2.3417200000000001e-07
9628 6.76729e-07
9630 1.3071300000000001e-05
9631 1.44864e-06
9632 1.09933e-06
9633 5.3529399999999994e-06
9635 0.14033800000000002
9639 1.57232e-05
9640 1.07876e-09
9642 0.000644026
9643 0.0007440169999999999
9645 2.23833e-05
9646 6.04727e-10
9648 9.29285e-08
9651 1.11148e-05
9652 1.04145e-09
9653 1.6244899999999998e-06
9657 8.73125e-07
9660 1.7822299999999998e-06
9661 7.21802e-06
9662 3.46869e-07
9663 8.45282e-07
9665 0.00275394
9669 4.88618e-07
9672 7.38413e-06
9673 2.72684e-08
9674 1.1501400000000001e-09
9675 6.69398e-08
9677 2.13806e-05
9680 1.3006e-06
9682 8.95329e-09
9683 5.68027e-08
9688 1.72151e-05
9689 1.13253e-07
9690 6.4608800000000006e-06
9694 0.00260898
9696 0.00160739
9697 2.06582e-06
9701 9.48689e-05
9704 0.000951245
9705 5.41545e-07
9708 1.53041e-07
9714 0.0200598
9715 2.72932e-06
9716 2.62439e-16
9720 2.27243e-12
9722 0.000802949
9723 4.7509500000000003e-07
9725 2.20101e-05
9727 0.000843203
9728 0.8986430000000001
9730 0.000410559
9731 6.7533699999999995e-12
9736 0.000112494
9739 5.2204200000000004e-05
9740 9.273589999999999e-08
9741 1.0263e-05
9742 1.4279500000000001e-05
9744 0.000451755
9750 0.000812801
9751 1.6199799999999998e-06
9752 0.00012083200000000001
9753 0.000384338
9757 2.0841e-06
9759 1.20146e-07
9760 4.67869e-05
9765 6.95341e-06
9766 8.66358e-08
9768 0.0006566260000000001
9769 0.00336777
9770 6.04884e-05
9771 0.00021490099999999998
9775 1.09031e-10
9777 1.27507e-05
9779 0.00126042
9782 1.60886e-05
9783 0.00018806900000000002
9784 0.00023442799999999999
9786 1.37073e-05
9787 6.19111e-07
9788 4.95474e-11
9791 0.000103115
9793 0.986017
9795 3.5079099999999997e-09
9798 4.8015699999999995e-05
9799 3.6660800000000002e-06
9802 7.45853e-07
9803 0.00912384
9804 1.4715200000000002e-08
9806 3.8634200000000004e-05
9811 0.46258599999999994
9812 0.00027938700000000003
9814 1.5188299999999997e-06
9815 3.52731e-06
9817 2.64909e-05
9818 0.000217969
9820 9.56538e-06
9821 1.96399e-07
9824 0.0021636
9826 4.2150400000000003e-10
9827 1.6736e-10
9829 3.6636900000000003e-06
9835 9.456339999999999e-06
9837 4.6103299999999997e-07
9838 0.00341324
9840 2.1732499999999997e-10
9843 0.00184562
9844 1.6805400000000002e-08
9846 3.29284e-08
9847 3.4263899999999996e-05
9849 1.9974100000000002e-05
9850 1.9032699999999998e-07
9853 1.4104e-05
9854 3.35282e-06
9856 0.00033678099999999997
9857 0.000150824
9861 0.00010093899999999999
9864 1.8145e-05
9866 9.34523e-10
9871 2.99848e-06
9873 4.2384800000000005e-06
9875 1.19626e-05
9876 6.56768e-13
9883 0.000103295
9885 0.013650200000000001
9888 9.45562e-07
9889 0.00287682
9890 2.16797e-10
9891 0.00104485
9892 0.00011865799999999999
9893 2.72522e-06
9895 4.01424e-07
9899 2.26631e-07
9901 0.000116341
9903 0.000989434
9906 5.18064e-08
9907 0.000209184
9909 8.025740000000001e-07
9910 1.23457e-05
9912 7.230239999999999e-06
9914 1.92017e-05
9915 1.98201e-06
9916 2.13462e-07
9919 0.00190879
9921 0.00149969
9922 1.28748e-07
9924 8.499839999999999e-06
9925 2.2927e-10
9927 5.66734e-05
9928 1.7368800000000002e-05
9929 0.000704847
9930 2.9067e-06
9931 0.000198382
9933 4.9631e-06
9934 0.038719199999999995
9936 3.48844e-05
9937 0.00492387
9941 5.99809e-05
9943 2.1967199999999998e-07
9948 0.00017178200000000002
9951 0.00555702
9952 1.5878899999999998e-06
9953 1.3301e-10
9956 1.55564e-08
9957 8.58677e-06
9960 1.03164e-06
9962 6.55503e-05
9963 2.99141e-05
