1 0.0114319
2 1.53939e-06
3 4.70191e-05
4 1.97991e-05
6 0.00664966
8 0.176032
10 0.00210978
11 5.4750900000000005e-05
13 0.000154375
14 4.00099e-05
15 2.9894899999999997e-05
18 2.92364e-05
22 2.7102600000000004e-05
25 0.00952212
27 0.00182369
28 2.72579e-06
29 0.000197958
31 1.52788e-08
37 0.00140158
38 1.0258799999999999e-08
40 1.23529e-11
43 0.135166
45 0.0896266
49 0.0383233
53 0.00163663
54 1.08895e-07
55 1.41783e-05
56 0.000177678
57 1.7012400000000002e-14
58 6.83438e-05
59 0.030335300000000003
62 2.41605e-05
67 9.24462e-09
68 4.1560699999999997e-13
69 2.72629e-05
70 0.000495976
71 4.0656e-10
74 2.25384e-05
75 0.000583321
76 4.44108e-05
79 9.00145e-05
80 0.000136943
82 4.6041800000000005e-08
84 0.00069518
85 0.0591895
86 0.000290982
87 0.00013937200000000002
88 0.000389091
90 0.05525309999999999
92 0.00017024
94 1.67672e-05
96 0.0990554
97 0.0131452
98 0.00134883
100 1.55412e-06
103 0.000371721
105 5.314009999999999e-06
106 3.0781e-11
108 0.0013170999999999999
111 0.00028477
114 0.00403955
115 2.13533e-07
116 1.5016099999999998e-05
119 8.61163e-06
124 0.00570122
126 0.00234415
127 0.00271404
128 2.32555e-05
135 0.0009608139999999999
136 0.164715
137 0.00249153
139 1.44329e-07
144 0.129165
145 6.06388e-05
148 1.25334e-16
149 1.3509900000000001e-05
151 0.030041700000000005
152 8.992129999999999e-09
155 0.00493419
157 0.00143636
160 0.0104337
166 0.000209795
167 7.821439999999999e-07
168 0.00343405
172 2.45585e-09
175 1.70419e-06
176 6.98077e-05
178 0.9965879999999999
179 9.00095e-06
181 0.0562121
182 0.00869705
183 0.00013376
185 0.12405899999999999
186 0.00135706
188 2.33366e-08
191 0.00127422
195 4.39051e-07
196 0.0015835
197 2.18198e-07
199 1.7529e-10
201 1.02163e-07
202 0.0469851
204 0.00595303
205 0.0203477
206 0.00045224699999999997
212 0.022936500000000002
213 0.27829899999999996
216 3.69661e-10
217 0.00369668
223 5.4728699999999997e-05
226 0.0269514
227 0.0046258
230 4.91356e-06
231 4.04056e-06
234 2.63707e-05
237 0.00543248
238 2.35697e-05
239 4.1084799999999994e-09
240 5.84932e-07
243 2.12782e-11
247 0.00346285
248 0.000270761
252 4.825020000000001e-05
253 3.436e-09
254 4.37971e-05
255 6.82551e-05
258 0.0183682
260 9.335460000000001e-08
261 2.13763e-07
264 0.00464141
265 0.07623010000000001
267 2.50206e-05
271 0.000152383
272 0.191247
273 0.00014204299999999998
274 2.79535e-09
277 0.0324319
279 0.00964692
280 0.034851
281 4.4366599999999996e-05
283 1.7947099999999999e-09
284 3.81852e-08
286 0.00488948
287 0.0260772
290 6.694060000000001e-05
291 0.0227133
292 0.000486137
293 1.40602e-05
295 0.000178784
297 0.0008421360000000001
299 0.014022
300 0.000312726
301 0.000112527
309 1.1091400000000002e-09
310 0.025939999999999998
313 2.1374899999999998e-05
314 0.000676658
315 0.0103456
316 6.91447e-06
319 0.000613955
324 0.000300244
326 0.0012255
327 0.37414000000000003
330 0.00351065
333 6.88434e-10
335 0.0626746
339 0.021912099999999997
341 5.88454e-06
342 0.106698
345 1.5289100000000002e-05
346 0.84095
348 5.12229e-09
350 8.554960000000001e-10
351 3.49933e-05
353 5.4994699999999994e-08
356 0.000392419
357 5.709680000000001e-06
358 1.80674e-08
360 9.25431e-08
361 6.6746e-05
362 0.00010719700000000001
364 2.27188e-11
365 5.23164e-07
366 0.00202963
368 0.058578599999999995
369 0.17306
371 0.00125239
375 5.47252e-05
376 0.000119923
377 0.128805
378 4.9833900000000004e-05
383 1.34955e-09
384 0.000540225
385 0.00227439
386 0.000125411
388 0.042064599999999994
389 0.006675199999999999
390 6.6388e-06
392 5.61473e-05
393 0.00035105300000000004
397 0.00278471
398 0.000124053
399 7.70966e-05
401 0.00252016
402 2.4452e-06
405 0.08434680000000001
409 0.00109889
410 0.000132012
412 3.6209300000000003e-06
413 0.00700883
414 0.033544
415 2.41005e-06
418 0.00039194800000000004
421 0.027694299999999998
422 0.000192342
423 0.0437743
425 3.57087e-05
426 8.077489999999999e-05
429 0.00331725
432 0.000138722
434 0.000145416
436 1.1829799999999998e-06
437 1.5146400000000001e-05
440 5.21317e-07
441 1.4633200000000002e-08
442 5.42124e-07
444 3.1510000000000004e-06
445 2.5470300000000002e-05
447 0.0700096
449 5.40724e-05
451 3.75238e-07
452 0.00245639
453 2.11396e-08
455 0.00129919
456 8.25893e-05
457 0.00531583
458 0.000627504
465 2.5785299999999997e-07
466 0.00287047
467 7.17536e-08
471 0.00037918
472 2.99845e-14
473 0.000870507
475 1.09882e-06
478 0.000640743
479 0.0658069
481 0.000843733
485 0.000858719
487 0.000421014
488 1.92861e-08
490 0.0726814
493 0.113451
495 0.00410036
497 2.3927399999999997e-09
502 0.0420106
504 0.000232375
505 9.444929999999999e-07
506 0.020093400000000004
507 0.000731803
510 0.00446086
511 2.8244e-06
512 1.4265e-07
517 0.00751045
521 4.9979300000000004e-06
527 1.5471099999999998e-09
529 0.00027035
532 1.1507799999999999e-07
533 0.060622300000000004
534 0.07302810000000001
536 7.01365e-09
538 4.44366e-06
539 0.00136026
542 2.61437e-05
546 0.00152538
547 0.11255799999999999
548 6.49039e-07
551 0.0328445
553 5.71172e-09
556 2.67916e-07
557 0.000274009
558 0.00122716
560 0.00171403
561 2.45205e-09
562 1.16305e-07
566 0.0662486
567 1.22013e-07
568 7.180660000000001e-08
569 8.441889999999999e-10
570 2.72659e-07
571 0.00298232
572 5.14567e-07
573 0.00116706
574 1.4032900000000001e-06
575 0.000980566
576 3.78716e-05
578 0.0291277
580 3.10712e-05
584 0.000163123
585 1.4723200000000001e-08
586 2.2419299999999997e-05
587 0.152102
593 1.5592200000000001e-09
594 5.96113e-05
595 0.00628355
596 6.94994e-05
600 0.8161930000000001
602 2.1786300000000002e-05
603 0.00289772
604 0.000165272
606 0.556954
607 9.06868e-07
611 0.06655119999999999
614 1.4346000000000002e-08
615 0.0844033
616 0.00233465
617 0.23067600000000002
618 0.000982895
621 0.26719899999999996
623 0.00203571
624 1.9787500000000002e-07
627 5.7807e-06
629 2.5937399999999997e-05
630 2.84187e-08
631 0.243356
634 0.00013733
636 2.20075e-07
638 7.44201e-05
639 0.00096888
640 3.2219700000000004e-07
641 0.00197558
642 0.0968003
643 0.00631212
644 0.0631487
646 1.49875e-07
649 1.7675299999999998e-06
650 4.4723500000000006e-05
651 0.0007608469999999999
652 0.0347294
655 3.30659e-07
658 0.00207158
659 0.046970099999999994
662 0.00019187700000000002
664 0.033438300000000004
665 3.27552e-12
666 0.00026855
668 4.1898300000000005e-08
669 4.0122e-05
670 0.24165
673 0.00151928
674 0.00236286
678 3.00194e-08
679 2.75173e-06
681 8.65885e-05
683 0.0462091
687 1.4053e-08
691 0.00177563
692 0.0113064
693 8.35298e-05
696 9.620560000000001e-07
697 4.1262e-05
698 0.000216199
701 0.0039337
703 7.4055600000000005e-06
704 0.0007129069999999999
706 7.053919999999999e-06
708 0.011233100000000001
715 4.29409e-07
716 0.177991
718 0.00818736
719 1.48473e-06
721 9.68818e-06
722 0.000111301
723 7.11801e-06
724 8.32831e-09
725 0.000813688
727 4.76215e-06
732 5.031230000000001e-06
734 1.26956e-05
735 3.40324e-06
736 1.46997e-08
737 0.0259221
741 2.0991299999999996e-08
743 0.000364567
744 0.236752
745 0.7034100000000001
747 7.629400000000001e-10
749 0.000697083
751 0.00412869
757 4.03667e-08
758 0.247375
759 0.000298266
762 0.321103
765 0.094297
766 0.023271200000000002
769 0.0356403
773 1.12174e-05
775 1.00617e-06
778 0.0113998
779 2.29185e-06
781 0.00936821
783 0.00124966
784 0.022630900000000002
785 0.00141918
788 6.276990000000001e-08
789 4.53624e-08
790 0.028292
792 0.000133756
795 7.774010000000001e-06
798 0.000235878
801 9.37399e-09
803 8.940459999999999e-05
807 0.00267355
809 3.3440800000000004e-08
811 1.51021e-09
813 0.042036199999999996
817 0.00033779400000000004
819 0.000801049
821 2.62743e-07
824 4.74099e-06
825 1.70637e-06
833 0.000130551
835 1.99397e-10
836 2.1145100000000002e-05
837 0.000378498
838 7.32766e-13
839 0.00546512
840 0.00957971
841 0.033376800000000005
844 4.7657499999999996e-07
846 1.48717e-05
852 5.72039e-05
853 3.85458e-05
856 0.354407
858 6.1485e-07
861 0.00161837
864 1.37715e-09
866 4.99131e-05
869 0.0134088
870 0.053634100000000004
873 0.00122195
875 8.83154e-07
877 0.00780123
881 2.60735e-08
883 0.00175537
884 8.44791e-06
886 0.14166099999999998
890 0.033618199999999994
891 3.58936e-05
893 0.25479
894 1.17301e-05
897 0.00333215
901 0.049052099999999994
905 0.00903518
907 0.00213544
909 0.0513794
910 0.011324299999999999
913 0.00321228
914 0.000682805
916 1.64467e-09
922 0.0007246980000000001
924 5.06845e-09
925 3.31991e-06
927 0.060283300000000005
928 0.00127534
930 8.186769999999999e-08
932 5.498940000000001e-07
933 0.00740679
938 0.0160316
939 0.0815551
940 0.00455752
941 0.010397100000000001
942 2.0265499999999997e-08
944 0.0123789
945 5.3483100000000005e-09
952 0.128743
953 0.000512587
955 0.0720719
956 0.0938013
957 0.000546163
959 0.14156
960 0.029072900000000006
961 0.000105629
963 6.83856e-05
968 1.2869899999999998e-08
969 0.017884999999999998
970 3.0605700000000004e-05
974 0.034792800000000006
975 0.00163732
976 0.00150644
978 0.00893483
979 0.00136728
981 0.0420418
983 0.00711084
984 0.000333065
985 1.6402400000000001e-07
986 0.00573666
988 0.0250389
990 0.0741956
992 2.24728e-06
994 0.00165293
995 9.92433e-06
998 7.6861e-07
1000 0.00142995
1003 6.76132e-08
1005 3.92104e-07
1006 0.00339637
1007 0.0802284
1013 5.7275e-05
1016 3.56833e-06
1019 2.69982e-07
1020 0.0810832
1021 0.00564941
1022 1.1111e-06
1023 0.00194843
1025 0.016672
1026 0.00103675
1029 0.0586519
1030 1.33284e-05
1031 0.0007022310000000001
1032 3.89698e-05
1033 1.58583e-05
1034 1.5026e-05
1035 0.0203319
1037 0.0725161
1038 0.244015
1039 0.0018526
1040 0.119314
1044 0.00110478
1046 6.1588499999999995e-06
1047 0.016840400000000002
1048 0.00369732
1049 0.000261581
1051 1.50096e-12
1054 0.00126583
1055 0.11163499999999998
1058 0.00116635
1059 0.00015073
1063 0.00620418
1065 0.0701306
1067 0.00984266
1070 0.000142319
1075 0.00116819
1076 0.038225300000000004
1080 8.30998e-06
1081 0.00239945
1085 6.754939999999999e-09
1086 0.0739467
1087 0.0187466
1088 0.00200484
1089 0.000235461
1090 3.37656e-06
1094 2.91512e-06
1095 0.0306789
1096 2.4777599999999996e-10
1098 2.47456e-08
1099 0.00268449
1100 0.00616552
1103 0.00147443
1105 0.0218258
1108 0.0155689
1111 0.00068239
1114 0.000136361
1115 4.384729999999999e-09
1116 0.00781451
1117 0.0977059
1118 0.0394202
1120 0.000595711
1122 2.39075e-06
1123 0.00236957
1126 3.18865e-12
1128 0.00151293
1131 0.000477699
1132 0.00460311
1133 0.0111535
1134 2.05795e-07
1135 8.46802e-06
1138 0.00206165
1139 0.000594224
1141 0.000260254
1146 1.81345e-05
1150 0.000508284
1153 6.072330000000001e-06
1155 3.80809e-06
1157 1.3447200000000001e-07
1159 0.180746
1162 0.0019402
1163 0.0011193
1165 0.00777007
1167 0.114978
1169 0.151602
1173 0.0477309
1177 0.605087
1178 1.24971e-07
1179 0.00390589
1180 0.166625
1181 1.9856900000000003e-14
1183 0.00547682
1188 5.002490000000001e-07
1189 0.000341504
1190 0.00287938
1193 5.79986e-06
1195 0.00432405
1196 2.02194e-07
1197 0.00114724
1198 1.06301e-08
1202 0.00167825
1208 0.0159207
1210 0.00112902
1213 0.00512178
1216 0.0117458
1217 0.0147903
1218 3.21231e-08
1219 0.0031160999999999997
1220 0.00705936
1222 0.00021391700000000002
1223 1.8685e-09
1227 0.00613035
1228 0.046338800000000006
1232 0.000190964
1235 7.8215e-06
1238 8.83997e-11
1242 0.00975515
1243 0.02511
1244 0.032235
1245 5.4639300000000004e-05
1246 0.00295058
1249 0.0422179
1251 0.0548365
1252 6.6016e-07
1253 0.0282647
1255 0.00240251
1256 0.000642969
1257 0.000399282
1261 0.0708292
1262 7.698510000000001e-16
1264 8.69148e-08
1267 3.6050699999999996e-06
1271 0.00135788
1275 1.23393e-05
1276 0.00162762
1278 9.921419999999999e-08
1280 8.28409e-09
1282 0.060380600000000006
1283 3.9923e-06
1285 7.696110000000001e-06
1291 0.00395505
1295 0.9917879999999999
1296 6.748430000000001e-09
1297 0.0966832
1300 0.000715264
1301 2.4406900000000003e-06
1302 0.018593799999999997
1303 0.0213537
1305 0.000281016
1306 4.31546e-07
1307 0.000959641
1308 0.00109969
1313 0.000298829
1317 2.0323e-05
1318 1.93743e-06
1319 0.0474408
1320 7.166489999999999e-05
1321 1.23095e-05
1322 0.00024744599999999996
1328 0.000663328
1329 6.72923e-05
1331 2.34962e-08
1335 1.54191e-06
1336 2.44873e-08
1338 0.026007599999999995
1339 0.00558613
1340 0.222021
1342 7.054090000000001e-05
1344 4.2174899999999995e-05
1347 0.312183
1349 0.0217662
1351 0.014937700000000002
1353 0.00050985
1354 0.175849
1355 4.8561400000000006e-05
1356 1.7239000000000002e-09
1357 4.67108e-06
1358 0.000793978
1359 2.69356e-07
1363 0.109894
1366 8.805899999999999e-05
1367 0.019609400000000003
1368 0.270777
1369 5.77585e-12
1370 8.50305e-08
1372 0.012293799999999999
1373 1.94517e-08
1374 0.00338453
1376 0.000522268
1377 0.00015156799999999998
1379 5.46606e-07
1380 0.000512344
1381 2.44795e-06
1382 0.0069792000000000005
1389 0.0008621289999999999
1391 0.00343799
1392 0.00034481400000000004
1394 5.66249e-07
1396 0.00041701
1398 1.03404e-05
1399 6.809680000000001e-05
1401 5.62635e-05
1403 1.40984e-06
1407 0.000691403
1410 7.8125e-06
1411 0.0164843
1412 5.71646e-05
1415 0.00219036
1416 2.05052e-05
1417 5.38939e-05
1419 0.00702301
1422 9.429809999999999e-05
1423 0.0568336
1424 0.000129969
1425 0.0006604089999999999
1428 0.00141069
1429 0.144095
1431 0.522575
1433 4.231230000000001e-06
1435 6.81461e-07
1437 1.80602e-05
1438 0.233422
1440 1.8632599999999998e-10
1446 4.88118e-07
1447 1.3810200000000002e-08
1448 0.00215823
1449 2.41489e-06
1452 0.000444787
1454 0.0006689910000000001
1456 0.243769
1458 0.00234263
1459 0.0208737
1461 0.0315231
1462 0.000275207
1469 0.0048015
1471 4.03964e-06
1473 0.0157287
1474 4.0421900000000003e-07
1476 7.076949999999999e-09
1477 1.1086100000000001e-06
1478 0.000341535
1482 0.0027634
1487 0.00051741
1489 0.200439
1491 2.18575e-07
1495 0.06651839999999999
1496 5.809650000000001e-10
1500 0.0178896
1502 2.19145e-06
1503 0.00020051299999999998
1505 0.000177236
1506 0.00488425
1507 0.00171275
1508 0.00202462
1511 8.16414e-12
1513 0.0104147
1516 1.4646200000000002e-10
1518 0.00017460400000000002
1519 0.00667755
1520 0.00122674
1525 4.74653e-08
1527 1.98053e-06
1530 0.000699155
1533 0.016927599999999998
1534 0.00636521
1535 0.00031993799999999997
1538 6.727630000000001e-07
1540 0.0171747
1542 0.00609081
1546 0.00514026
1547 4.61096e-12
1549 0.000387674
1550 4.08141e-10
1551 0.0362277
1552 1.6577e-08
1558 0.0665686
1560 1.9653799999999998e-10
1562 0.000220275
1564 0.019059
1566 0.225204
1567 1.96059e-06
1568 0.000117381
1569 0.117628
1570 0.0123138
1572 1.51161e-12
1573 5.95073e-06
1574 0.033323
1575 3.8435e-05
1578 7.99621e-08
1581 0.0882559
1583 0.00523802
1584 0.00900137
1585 0.0192477
1587 5.72245e-05
1589 0.00161075
1591 1.50007e-08
1592 0.0024086
1596 0.0315274
1599 0.00401208
1600 0.00428282
1601 8.79831e-06
1602 0.0469634
1605 0.00040060000000000003
1606 3.0589499999999997e-06
1609 0.210763
1613 0.000108769
1615 1.6072299999999998e-06
1616 2.71343e-05
1619 5.9242400000000004e-08
1620 8.05077e-08
1621 8.360079999999999e-09
1623 1.22058e-08
1624 0.000112685
1625 8.831360000000001e-05
1626 1.7606e-09
1629 0.027374799999999998
1631 0.137604
1634 1.1548699999999998e-05
1635 2.35699e-05
1637 0.00012366299999999998
1639 0.000186634
1641 6.979819999999999e-06
1644 9.80481e-05
1645 0.000181339
1646 0.00013855899999999999
1648 0.00140656
1652 0.14291600000000002
1655 0.00020932900000000001
1656 0.00170132
1657 0.112892
1658 6.46536e-08
1659 3.4918400000000004e-06
1660 4.59027e-10
1663 0.000514891
1664 0.00017116
1665 3.30399e-06
1666 0.00124339
1667 0.00021286599999999998
1668 0.0005199530000000001
1670 2.2130799999999998e-05
1671 0.00969395
1672 1.93155e-09
1674 2.1122399999999996e-05
1679 5.08065e-06
1681 1.53804e-05
1687 4.02262e-05
1692 0.00020926700000000001
1694 5.592490000000001e-07
1695 0.00656365
1696 0.00752672
1697 0.000446645
1698 1.4264200000000001e-05
1700 1.01368e-05
1701 0.641177
1702 5.07381e-05
1703 0.00121412
1704 0.09480319999999999
1705 3.3383099999999997e-06
1706 0.06640410000000001
1709 8.21957e-07
1710 0.000574618
1712 0.046576099999999995
1715 0.0005368419999999999
1716 0.00283443
1719 2.5048099999999998e-05
1720 0.505414
1722 0.0750826
1728 0.12370999999999999
1731 0.309605
1735 0.00613206
1736 4.55842e-06
1737 4.56906e-10
1740 0.06663580000000001
1742 0.00154648
1743 0.0293228
1744 1.47271e-07
1745 0.00155172
1748 1.0387899999999998e-06
1751 0.00561151
1753 0.00010741
1757 0.061350199999999994
1760 0.00367091
1762 0.000918897
1763 0.00370922
1764 1.54066e-06
1767 0.000374944
1769 0.0136803
1770 7.00711e-05
1773 0.000863937
1774 0.018579599999999998
1776 0.0015953
1779 0.00861201
1781 0.046352
1783 0.00019564700000000002
1786 0.036169400000000004
1788 7.428239999999999e-09
1790 4.34536e-06
1791 0.021342700000000003
1792 0.0319199
1794 1.63543e-05
1796 6.9379e-05
1798 7.237539999999999e-10
1802 0.00046187
1803 1.59881e-05
1804 5.649319999999999e-08
1805 0.056948900000000004
1808 6.914399999999999e-07
1811 0.0018268000000000002
1812 0.00626571
1813 0.0211525
1814 0.00879314
1815 6.710039999999999e-07
1817 0.000440675
1819 2.95327e-05
1820 6.812550000000001e-07
1822 4.96913e-06
1823 6.92034e-05
1824 0.10211100000000001
1826 0.0402526
1829 0.0228733
1831 0.00621337
1835 0.000116262
1838 3.2252799999999998e-12
1839 6.65688e-05
1844 1.6104199999999999e-10
1846 0.0326332
1848 2.45783e-11
1850 0.000726828
1851 0.00126766
1852 2.3055500000000003e-05
1856 0.00255685
1857 0.00013133399999999999
1859 6.1119100000000006e-06
1863 1.69818e-07
1865 0.00043013199999999995
1866 0.0072749
1867 3.7504900000000005e-06
1868 0.00461382
1869 7.381419999999999e-06
1871 0.0240786
1873 2.0834900000000002e-08
1874 0.000108064
1876 2.07765e-08
1879 0.040215100000000004
1880 0.000136594
1883 1.5172200000000002e-06
1884 0.000762332
1885 0.00222531
1886 0.9722370000000001
1889 2.1323199999999999e-07
1890 0.00248054
1891 1.6051e-05
1893 0.000152158
1895 5.85124e-05
1897 2.30352e-09
1900 0.000163168
1905 0.00132096
1908 5.61913e-05
1909 1.05191e-05
1910 0.00145052
1912 5.69824e-16
1913 2.49657e-05
1914 0.00551223
1916 9.35056e-09
1917 1.97567e-05
1919 1.9810199999999998e-07
1921 0.059480700000000004
1923 8.59678e-09
1924 1.09584e-06
1925 0.9999709999999999
1926 0.00272466
1929 1.05095e-13
1935 4.75201e-07
1939 1.21671e-05
1942 2.3221599999999998e-05
1943 0.055866599999999995
1946 0.00815572
1947 0.0251601
1949 0.00026684
1951 3.5933300000000004e-06
1953 3.7363699999999995e-06
1955 8.56066e-05
1956 0.000560764
1957 0.00140128
1959 6.93116e-13
1961 0.0173695
1965 0.000235498
1966 0.00653998
1967 1.0723e-10
1968 0.0123458
1969 0.021912599999999997
1973 0.018156099999999998
1974 0.000140051
1975 0.0342206
1979 0.000493418
1983 1.68518e-07
1984 0.000707077
1986 0.045404599999999996
1987 5.43979e-09
1988 2.9509100000000003e-06
1990 0.00720058
1991 2.0892e-12
1992 0.0311585
1993 0.133573
1994 1.40582e-08
1996 1.02753e-07
1997 1.0615099999999999e-16
1998 2.14113e-07
2003 1.6705499999999998e-05
2005 7.3501300000000006e-06
2007 1.42041e-10
2008 2.70443e-09
2009 8.5485e-05
2010 0.00583736
2013 0.00974989
2014 8.10864e-06
2016 0.00013636
2017 1.2224700000000002e-06
2018 0.00516766
2026 0.0120118
2028 0.00106908
2029 1.933e-06
2031 7.16599e-05
2032 7.769439999999999e-05
2033 7.20984e-05
2035 0.000279845
2038 0.00255605
2040 1.13974e-06
2041 3.68828e-05
2044 2.26443e-09
2046 9.40721e-05
2048 6.32288e-05
2050 0.000248583
2052 2.30654e-06
2053 9.00827e-07
2057 0.00122129
2059 0.000156604
2060 0.00033139199999999996
2062 0.0564384
2065 0.0559255
2066 8.022310000000002e-06
2071 0.00039074
2072 0.00047816
2073 0.0714766
2074 0.0803875
2075 0.26848099999999997
2076 0.00162295
2077 0.0616883
2078 1.0238300000000001e-07
2079 0.0126489
2080 8.35949e-06
2081 0.00562084
2084 0.000149853
2085 0.000288808
2087 0.0483416
2089 1.18471e-11
2092 0.000998848
2093 0.042005900000000006
2097 0.0546365
2100 0.00022317
2103 4.66346e-10
2105 4.2371199999999995e-09
2106 1.29699e-05
2107 0.00813302
2110 0.00016920799999999998
2111 0.00628327
2113 2.27823e-05
2115 2.7741199999999998e-05
2118 1.1643500000000001e-06
2119 0.040957
2121 0.0102379
2122 0.0440032
2123 0.000533761
2127 0.00988495
2128 0.000619199
2130 6.07554e-05
2131 7.26346e-05
2133 0.00073295
2137 4.3616400000000005e-05
2138 0.0008705680000000001
2141 0.0009928930000000001
2143 8.26727e-11
2144 0.00795941
2147 0.00011409899999999999
2148 5.1684e-10
2149 7.55852e-05
2150 0.000139156
2154 4.7330300000000004e-08
2157 1.77467e-07
2159 0.016280600000000003
2160 6.95075e-05
2161 0.000371245
2162 0.00345246
2164 0.05612519999999999
2167 0.0113189
2168 1.82715e-08
2173 0.000154036
2175 4.483720000000001e-09
2177 1.6737000000000002e-07
2185 7.21508e-07
2188 0.6768109999999999
2189 0.174854
2195 0.0532576
2198 0.000857315
2200 0.00616789
2203 0.0706323
2204 0.000257993
2205 0.00046526699999999995
2206 2.33982e-10
2207 0.00075088
2210 1.5653299999999998e-06
2211 0.0055883999999999994
2216 2.38915e-06
2217 6.07412e-10
2222 0.0025842
2223 1.60886e-05
2225 1.8278800000000002e-05
2227 5.34673e-06
2229 6.246199999999999e-09
2230 0.00198233
2231 0.8744930000000001
2232 0.000154956
2235 0.031997199999999996
2236 1.02932e-06
2239 1.0826300000000002e-05
2240 0.00126148
2242 2.0989400000000002e-08
2243 0.0117989
2245 1.5960299999999998e-06
2246 2.38772e-06
2250 0.35239299999999996
2252 0.125051
2254 0.00935029
2258 0.00780224
2262 0.0352237
2264 0.00627375
2269 0.00274667
2271 4.1411300000000006e-10
2274 5.68921e-07
2275 4.6895e-06
2282 0.00343543
2283 9.26726e-05
2286 0.00209393
2289 5.9707e-06
2292 1.6373299999999998e-05
2294 1.95884e-06
2295 0.127254
2296 0.000669855
2297 0.0163634
2298 0.023510200000000002
2299 0.00116815
2301 0.15825
2303 0.0022143
2304 0.000344636
2309 1.23705e-11
2312 0.0135535
2313 1.76231e-05
2314 0.000392792
2316 2.3194e-06
2317 0.00026705
2319 1.3332800000000001e-07
2322 0.00797649
2325 0.00042852
2326 1.0492399999999999e-06
2327 4.84305e-05
2331 0.000129861
2336 3.06224e-08
2338 4.47659e-07
2339 1.97817e-05
2341 0.0009345919999999999
2344 0.00260949
2346 7.910499999999999e-08
2349 8.2325e-07
2351 2.6025099999999995e-08
2353 0.000256128
2356 0.00200706
2357 0.00044046199999999997
2358 0.00045903
2360 0.00012494899999999999
2363 0.00429716
2365 0.054048
2370 1.97733e-06
2379 3.74557e-07
2380 2.18382e-06
2381 0.000139032
2383 3.80614e-08
2386 1.39755e-05
2388 0.00681639
2389 0.000929347
2390 0.000221261
2394 0.0741804
2395 9.95434e-06
2396 0.000823717
2397 2.1822499999999997e-06
2398 5.67253e-05
2399 0.0249792
2400 6.36512e-08
2402 1.9539e-08
2406 1.7077599999999997e-06
2408 0.00456309
2409 0.00027505
2412 7.434979999999999e-05
2414 0.0298792
2416 6.46505e-06
2418 1.4900999999999998e-05
2421 0.000148074
2422 8.2822e-08
2424 3.4125399999999997e-07
2426 0.00115967
2428 0.0401755
2429 0.0313453
2430 0.00104412
2431 0.00019052
2432 0.00012363
2434 0.00146184
2438 0.12772999999999998
2440 8.012149999999999e-07
2446 1.4075e-06
2447 0.00149591
2449 0.00184168
2451 0.00248695
2453 0.000847122
2455 0.08157510000000001
2457 0.000124017
2463 0.0346879
2464 2.1728000000000003e-05
2467 4.69297e-11
2469 0.062444000000000006
2473 5.3643e-05
2474 3.46003e-07
2475 2.64084e-07
2482 0.000290571
2484 0.000161197
2485 0.00357585
2486 1.76194e-07
2487 1.4095999999999999e-05
2488 1.73528e-08
2489 0.04981
2495 0.000108885
2498 0.100642
2499 0.206605
2503 0.214648
2506 0.00102859
2507 9.176960000000001e-06
2509 0.00913324
2510 0.00072144
2511 0.000682832
2515 0.0003906
2516 0.138845
2517 2.1869000000000002e-08
2521 7.52785e-08
2522 0.000120628
2526 2.99791e-06
2527 2.2786100000000003e-09
2528 0.00277553
2530 2.01562e-09
2531 1.39787e-11
2532 1.31558e-08
2535 0.000375591
2536 0.332196
2538 0.13885699999999998
2541 0.00123984
2543 6.41098e-05
2548 2.47608e-05
2550 0.0673842
2551 0.0524451
2552 0.014300299999999998
2553 0.0014899000000000002
2556 0.00477534
2557 1.05189e-05
2560 0.8550540000000001
2562 5.1037799999999994e-05
2568 3.73681e-08
2570 0.17183299999999999
2573 0.00703757
2574 0.0127154
2575 0.0848823
2576 6.24481e-05
2577 4.07853e-11
2580 2.05197e-05
2581 0.000535887
2582 0.000209733
2583 0.00028674799999999997
2587 0.00057021
2588 0.0925947
2591 0.128905
2592 2.36298e-09
2596 0.00014883
2597 0.000348379
2601 0.00786419
2602 5.65063e-05
2604 0.0432126
2607 0.000326436
2608 0.0428094
2610 0.0007780710000000001
2612 1.37103e-07
2614 0.103427
2616 0.0007028910000000001
2617 0.011213899999999999
2619 1.6473e-07
2620 0.0193232
2622 0.000421139
2623 4.68575e-07
2624 0.073585
2626 3.46949e-05
2628 1.3743099999999999e-05
2629 0.00015240799999999998
2630 7.80606e-08
2631 0.000194611
2638 0.000395683
2639 0.0217275
2640 1.32523e-06
2642 0.0049097
2644 0.00528048
2650 0.0009683939999999999
2651 0.0080141
2652 0.00762375
2654 0.0103445
2655 0.000352292
2656 0.474627
2660 0.012512100000000002
2661 6.69036e-13
2663 0.00328083
2665 0.000723275
2671 0.10574000000000001
2672 0.00048198
2673 0.019493200000000002
2674 0.00316391
2676 0.00253573
2679 0.0198983
2681 4.26029e-06
2685 0.00817954
2686 0.00011866200000000001
2687 0.12285499999999999
2688 2.6417700000000003e-06
2692 0.000211725
2694 0.00137231
2698 8.17823e-07
2700 0.000144423
2701 0.000100081
2703 0.000869346
2705 0.29426199999999997
2707 5.9555799999999997e-05
2708 0.00130699
2711 0.000517636
2712 0.00870956
2716 2.83587e-05
2719 0.00251694
2720 9.518909999999999e-05
2724 0.00401227
2725 0.000616159
2726 0.0140459
2728 0.00957509
2729 1.41218e-08
2731 1.28926e-07
2733 3.886219999999999e-10
2736 6.0502700000000006e-05
2739 0.000140304
2740 1.31041e-05
2742 9.06489e-06
2743 0.00260187
2746 0.002879
2748 8.97357e-06
2750 0.00499834
2752 0.041616900000000005
2753 0.00389303
2754 3.6948999999999996e-07
2756 0.000529082
2758 9.138739999999999e-06
2761 0.0802947
2764 1.67204e-10
2768 0.00037978199999999995
2769 0.00152702
2770 0.000148506
2771 2.94085e-07
2773 0.018495400000000002
2777 0.000272932
2780 0.000292889
2781 0.03635
2787 0.00317504
2788 0.0333024
2789 2.43514e-06
2790 2.33425e-05
2792 0.174844
2793 0.00045510900000000004
2797 1.24543e-06
2799 0.00396998
2802 9.704960000000002e-06
2805 0.000301544
2806 2.7238500000000003e-08
2808 3.03843e-07
2809 0.00646764
2811 9.52229e-06
2813 0.0308697
2814 1.1512600000000001e-07
2818 9.80615e-05
2819 0.00038774800000000004
2821 0.00780466
2822 7.31066e-06
2823 3.03585e-06
2824 0.0296522
2825 4.62014e-12
2828 8.06454e-05
2829 0.00275779
2830 1.1713399999999998e-09
2831 4.47704e-05
2832 1.99495e-05
2837 0.000421738
2839 1.51943e-08
2840 0.00010793
2843 3.843769999999999e-06
2846 0.00410889
2849 0.00507666
2850 0.0282711
2851 0.00017492200000000002
2852 0.00131429
2853 0.00163957
2856 0.5691390000000001
2857 0.9828479999999999
2860 0.000217542
2861 3.2599900000000003e-06
2862 0.00771598
2863 0.0156646
2865 8.67006e-05
2871 5.72404e-05
2872 0.23201799999999997
2874 0.0136947
2876 0.0006185230000000001
2877 0.00824857
2878 0.0345683
2882 2.6865900000000003e-05
2883 0.03674790000000001
2885 0.0354883
2887 0.0035786
2888 0.15189
2890 5.01016e-07
2892 1.79583e-08
2894 0.00165417
2895 0.0055455
2897 1.55597e-05
2898 2.0092e-05
2900 1.5336800000000002e-05
2902 0.00914735
2903 0.000257518
2904 0.207128
2905 0.0835483
2907 0.016665400000000004
2908 8.012279999999999e-09
2909 5.8601000000000004e-05
2911 0.0347606
2918 0.0266053
2920 0.00141378
2921 0.000136415
2922 2.5874800000000002e-05
2923 0.000637734
2925 0.00217149
2926 0.012420200000000001
2927 4.62701e-08
2928 0.00117586
2929 1.46001e-05
2930 0.00106009
2936 3.86555e-06
2945 0.163902
2948 3.26066e-05
2949 2.67549e-07
2950 0.31814699999999996
2951 0.00641913
2955 1.91436e-06
2959 0.00034090300000000004
2961 7.113129999999999e-08
2964 0.00271381
2968 1.63229e-08
2970 7.096649999999999e-06
2971 0.000362859
2972 0.0340585
2973 6.57057e-05
2974 0.0315779
2979 0.00013824899999999998
2980 0.000325072
2981 0.00139445
2982 0.014293200000000002
2983 1.28797e-05
2985 0.0179538
2991 1.0604399999999999e-06
2993 2.94513e-05
2996 2.7727800000000002e-05
2997 0.0278916
2998 1.27499e-13
2999 6.6489e-10
3001 1.7937900000000002e-06
3006 8.3827e-09
3010 0.845425
3012 0.0106221
3014 7.166560000000001e-06
3016 6.7386399999999996e-06
3018 0.0451408
3019 0.00353981
3020 0.0382968
3022 0.000229293
3025 1.52893e-05
3026 0.173302
3029 0.0251348
3030 0.00184098
3033 4.59711e-09
3035 0.031875299999999995
3036 0.268098
3037 0.00427073
3040 0.018553
3041 0.011339
3043 2.24182e-05
3046 1.59924e-11
3048 0.00359231
3049 0.00823717
3050 1.55901e-07
3052 0.000131514
3055 4.36487e-05
3059 1.46541e-07
3060 3.4027700000000005e-07
3062 2.97205e-05
3067 0.996218
3068 1.8527799999999998e-08
3069 3.2913600000000004e-07
3070 0.000150435
3071 0.936291
3073 4.76874e-07
3075 0.00923645
3076 0.966407
3079 0.041170099999999994
3080 1.67522e-05
3081 0.000529037
3084 0.000926426
3087 8.915860000000001e-07
3091 0.047850300000000005
3095 0.041988199999999996
3096 0.00574691
3097 2.46996e-06
3099 0.00607899
3101 9.37039e-07
3104 0.000175209
3109 4.69491e-05
3111 1.2945600000000002e-07
3113 0.00907929
3114 0.0338183
3115 0.159894
3119 2.13884e-06
3123 0.08048860000000001
3125 1.4502200000000002e-06
3128 0.036400800000000004
3130 1.2889999999999998e-09
3131 0.000675195
3132 0.0360022
3136 0.0492973
3139 0.0419975
3141 0.00621554
3143 2.03947e-07
3144 0.000129269
3148 0.00267133
3151 1.56547e-05
3152 0.000125619
3153 0.471208
3156 4.2952599999999995e-07
3158 0.00425552
3160 1.51807e-05
3166 0.000106286
3167 0.13036
3168 5.77592e-05
3171 0.00020246900000000002
3172 0.378112
3173 0.0289888
3174 0.000227905
3179 3.09959e-05
3180 0.000411533
3182 0.00516497
3187 0.0013755
3190 3.45339e-07
3191 0.00017942400000000002
3192 0.00237692
3193 9.52183e-05
3196 0.0223115
3197 0.00809045
3198 0.0142667
3201 5.11853e-05
3203 3.46474e-09
3206 0.0066821
3208 0.38716300000000003
3209 8.18747e-06
3212 0.101246
3215 0.00044817699999999996
3217 1.9035399999999999e-07
3220 6.44121e-09
3221 0.00507774
3222 0.000259247
3224 0.0346069
3225 0.0142346
3226 0.049329000000000005
3227 3.27053e-05
3230 1.79612e-05
3232 0.00123302
3234 0.0136246
3235 0.000418464
3237 0.0112525
3238 1.26746e-05
3241 0.00428375
3245 0.0849684
3246 0.0626613
3248 0.00346409
3249 0.9999979999999999
3251 4.24892e-06
3252 0.13888499999999998
3257 4.56206e-08
3263 0.00137789
3264 0.000414704
3265 2.8141399999999997e-06
3266 0.00083444
3267 8.48206e-10
3268 3.20152e-08
3275 0.852251
3276 3.92517e-05
3277 0.00162715
3278 0.16955599999999998
3281 0.000123763
3283 0.00018862599999999998
3286 3.0268400000000003e-09
3287 1.59712e-05
3288 0.00220381
3289 0.000215338
3291 0.0265827
3295 0.00010509899999999999
3297 0.00104998
3298 0.00308595
3302 4.6548e-08
3304 6.76854e-05
3305 3.4494699999999993e-06
3306 6.6633e-10
3309 0.00321445
3310 1.06529e-05
3312 1.4868099999999999e-05
3314 0.0253722
3315 1.4513200000000001e-06
3317 0.00744478
3318 7.594789999999999e-06
3319 0.00586631
3321 3.9498000000000006e-07
3322 0.00945421
3323 0.014235900000000001
3324 0.0461412
3326 3.47627e-05
3328 6.22099e-05
3329 0.012294
3332 9.139489999999999e-06
3333 9.11363e-06
3334 0.000517181
3340 0.00716252
3341 0.00807538
3342 1.57945e-05
3345 0.00438987
3346 1.2515500000000001e-06
3347 0.00039596699999999994
3348 5.40024e-07
3352 0.00644187
3353 2.5100599999999996e-10
3357 5.50573e-11
3358 0.0375711
3361 0.00014625
3364 8.76182e-08
3366 4.2794800000000006e-06
3368 0.035015
3371 0.00119184
3372 2.0757899999999998e-07
3375 8.42971e-07
3378 0.06258340000000001
3381 1.2327600000000001e-08
3383 0.1494
3384 0.013222
3385 0.00386233
3387 1.2593200000000002e-10
3388 1.66569e-05
3389 0.063199
3393 4.453769999999999e-06
3394 3.00597e-08
3399 1.3981200000000001e-06
3400 9.293760000000001e-06
3402 1.4201400000000001e-05
3405 1.54559e-09
3409 1.46621e-07
3411 0.00100887
3414 1.30362e-06
3418 0.00632062
3423 0.0947446
3426 0.039865
3427 0.000567555
3428 2.25769e-05
3431 0.11274200000000001
3432 0.000965632
3434 0.00202727
3437 0.0596384
3438 0.00195323
3440 0.000140351
3442 0.0124473
3445 2.51487e-07
3446 0.00347136
3447 0.008170199999999999
3448 3.92469e-08
3454 0.00879024
3456 3.1870799999999997e-07
3457 5.86205e-06
3459 0.103959
3460 3.97334e-06
3463 0.015687299999999998
3467 2.67754e-11
3471 3.14733e-05
3472 0.0174459
3473 0.014122200000000001
3474 1.52916e-10
3475 0.000138565
3476 0.00263596
3478 0.00127777
3479 8.49153e-05
3480 0.00307856
3481 2.46767e-05
3482 0.0026386
3483 0.134273
3485 0.25663
3486 0.000136608
3488 0.22781500000000002
3490 0.00753178
3494 2.21984e-08
3495 0.00052316
3498 9.5412e-05
3501 1.9608699999999997e-05
3502 0.000252223
3503 6.92338e-08
3504 0.00444611
3505 2.36807e-09
3507 0.00194351
3512 7.80694e-07
3513 2.01428e-06
3514 2.02037e-06
3515 0.000425099
3517 0.0013077
3520 0.0265308
3523 2.15264e-07
3526 0.0184365
3527 4.08832e-05
3531 5.46992e-05
3532 0.00212414
3533 6.10783e-05
3534 1.03733e-08
3535 1.70191e-05
3538 1.2618199999999999e-05
3540 0.0549955
3541 0.0453577
3542 4.5545999999999996e-06
3543 0.000230945
3544 0.0176295
3545 5.18941e-07
3547 5.635640000000001e-07
3552 1.6513499999999999e-06
3553 1.25385e-07
3557 0.00113902
3558 0.0154641
3559 0.00028071
3560 1.78903e-06
3561 0.22629899999999997
3562 0.00764067
3563 0.00208231
3568 2.12616e-07
3569 0.000154344
3570 3.48902e-07
3571 0.00156691
3572 2.6265300000000004e-10
3573 0.0890821
3574 6.36359e-12
3578 5.15249e-07
3579 0.00113455
3581 0.00947613
3582 0.0204711
3583 0.00348791
3584 0.000140876
3590 0.08089450000000001
3591 0.000496043
3592 0.00413544
3595 0.00263854
3598 0.0022695
3600 0.000768393
3601 5.50105e-10
3602 0.0428819
3607 5.0733800000000005e-08
3610 0.00477284
3612 0.0474178
3613 0.00440027
3615 4.73354e-05
3616 0.00566617
3617 0.0187922
3619 0.026800400000000002
3624 0.000219229
3626 1.13674e-05
3630 6.96499e-07
3631 0.00693465
3633 0.00010048299999999999
3637 7.090839999999999e-06
3641 0.025445500000000003
3643 0.011771
3647 1.63535e-06
3649 0.100375
3650 0.00553838
3652 0.000489364
3653 1.46156e-05
3659 0.00828326
3661 0.000112109
3665 0.11155699999999999
3666 4.20573e-08
3668 0.21676199999999998
3670 3.4970500000000003e-10
3672 0.00702285
3676 0.00193406
3677 5.07564e-07
3680 0.00046742199999999994
3682 3.3642000000000003e-06
3683 9.39192e-10
3686 0.20321199999999998
3687 6.0674099999999996e-06
3689 9.411129999999999e-09
3692 0.00020171900000000002
3693 0.000375403
3697 0.980025
3701 0.000188884
3702 0.026040499999999998
3707 0.0780809
3710 0.000110743
3712 0.00866698
3715 1.42e-06
3716 0.019341099999999996
3718 7.4888999999999996e-06
3719 9.456969999999999e-05
3720 0.00552142
3723 0.00102295
3724 0.00026414099999999996
3725 0.0319634
3726 0.000160529
3728 0.000299398
3730 7.345189999999998e-10
3731 0.014612700000000001
3733 4.5024e-06
3734 0.00935632
3736 0.00441395
3737 0.00439016
3738 0.000933303
3739 0.000695917
3741 9.69578e-05
3742 0.0333015
3744 0.0117054
3745 0.11561300000000001
3746 1.28484e-08
3747 0.038888900000000004
3755 0.0196592
3756 0.00121863
3757 0.037011
3761 0.000147341
3762 0.000582531
3764 1.67758e-05
3765 6.24048e-05
3766 4.9843199999999996e-06
3768 6.03828e-05
3769 2.91238e-09
3770 0.588676
3771 0.149897
3775 0.0162239
3776 0.059911599999999995
3777 9.932520000000001e-08
3778 0.00121759
3782 0.000168541
3785 2.31761e-05
3787 5.81478e-09
3789 0.000786328
3794 0.017071700000000002
3795 3.19918e-06
3799 0.00229284
3800 0.202969
3801 0.0529374
3802 0.0477327
3804 9.259309999999999e-05
3805 0.000320508
3810 6.88357e-06
3812 0.0006727969999999999
3813 2.4734099999999998e-06
3815 3.5694499999999995e-05
3816 2.22898e-06
3819 0.000554645
3822 1.03578e-11
3823 2.74839e-06
3825 0.00973969
3829 1.26418e-07
3831 0.0144233
3832 0.000352241
3833 7.429320000000001e-10
3836 6.60622e-05
3839 0.164435
3840 9.48417e-08
3841 0.000434333
3842 0.999977
3843 4.05544e-07
3850 0.000652092
3851 6.11127e-05
3852 0.00218735
3853 0.019443000000000002
3854 0.00223098
3858 0.0115269
3862 0.00707393
3864 9.8095e-09
3867 0.0134406
3870 0.000547634
3873 2.4111599999999996e-08
3875 0.0887902
3878 2.8295799999999998e-05
3880 0.000147668
3881 0.000687795
3882 0.0189382
3883 1.8371099999999998e-08
3884 0.0130444
3888 0.000570704
3892 4.99018e-09
3893 3.40703e-08
3894 0.715229
3896 0.00422875
3897 0.0161529
3900 7.47453e-06
3901 0.00026168
3902 0.00458318
3903 0.265216
3904 0.00457444
3906 1.1719100000000001e-05
3908 3.1573899999999997e-07
3909 0.0129768
3910 1.52745e-06
3914 1.85204e-07
3916 5.226330000000001e-06
3917 6.571020000000001e-09
3920 0.00292387
3922 0.000486657
3925 7.14333e-05
3927 0.00327709
3928 0.253497
3929 0.0006619239999999999
3930 0.00141533
3931 0.012194700000000001
3933 0.000398464
3934 0.000910648
3938 6.43894e-06
3940 0.000123349
3942 0.0963948
3943 0.00239228
3944 0.06555230000000001
3950 0.00291689
3951 0.00296269
3952 3.6895e-09
3955 0.00784549
3958 0.00315465
3959 0.101352
3962 2.94404e-06
3964 0.00023510799999999999
3967 0.000303881
3968 0.00425892
3972 0.0064917
3975 0.00430786
3976 5.5701499999999994e-09
3977 5.844479999999999e-05
3978 0.00100842
3980 0.00129148
3981 0.0470772
3982 0.000384301
3985 2.47352e-09
3989 8.106589999999999e-08
3995 0.022748599999999997
3999 0.000239686
4000 0.0122706
4001 0.000144532
4002 0.0011237
4004 0.0157479
4006 0.00016507599999999998
4007 5.93476e-05
4018 4.41186e-07
4021 1.13218e-05
4022 3.7620399999999996e-05
4024 0.441716
4026 9.97464e-07
4027 1.01135e-05
4029 0.0405973
4030 4.61514e-07
4032 0.421098
4036 8.15764e-11
4038 0.910875
4040 0.000199903
4041 0.0885901
4042 0.0956305
4043 0.000348344
4044 0.0075323000000000005
4045 0.00299242
4048 6.56626e-05
4049 0.0363034
4050 2.2315000000000003e-10
4053 0.00904693
4054 0.113878
4055 0.590899
4056 0.9859479999999999
4059 3.47219e-07
4061 0.00580038
4062 0.0008412560000000001
4063 0.033981
4064 0.275764
4065 0.00021322799999999999
4068 0.0219848
4070 2.0358599999999998e-10
4071 4.24112e-07
4072 0.00554102
4074 0.0745694
4078 1.3940199999999999e-05
4079 0.000505468
4080 6.38139e-06
4081 3.8579e-05
4083 4.1294499999999996e-13
4084 0.000265367
4086 0.0014341
4088 4.56952e-07
4090 0.00044762199999999995
4094 7.06029e-06
4096 0.114097
4097 9.51882e-08
4098 0.00412964
4099 1.98802e-05
4101 0.0008682060000000001
4103 5.4863e-06
4104 0.00017665200000000002
4107 0.000303825
4109 0.0249366
4112 4.5159799999999994e-05
4114 0.000112807
4115 4.57606e-07
4116 0.00234354
4118 0.017321400000000004
4119 0.00387564
4123 1.50354e-05
4124 3.64177e-08
4125 0.000398929
4126 6.61061e-05
4127 0.109766
4128 0.044381699999999996
4130 0.000343165
4132 0.047479400000000005
4134 0.00384338
4139 0.039057800000000004
4144 0.000141209
4147 7.4124e-05
4151 0.000117883
4153 1.05517e-07
4154 3.0010300000000003e-05
4155 0.037256
4156 0.00111626
4157 0.000650583
4159 0.00012035700000000001
4160 2.06892e-07
4161 9.17927e-06
4162 0.00024858
4165 0.000445174
4166 0.000256945
4167 3.98556e-06
4172 1.99128e-05
4173 0.0356417
4175 0.059581100000000005
4176 3.48705e-12
4177 0.000862571
4179 0.00339762
4180 0.0327058
4181 2.85463e-09
4182 2.96061e-08
4183 1.5859000000000001e-06
4184 0.0025361
4187 0.00088136
4188 2.3464899999999996e-05
4197 0.139044
4198 1.67648e-06
4199 1.34406e-09
4202 0.00027917
4206 3.02534e-08
4207 0.025757599999999995
4208 3.06788e-05
4210 0.342835
4211 0.00719292
4213 0.00867532
4214 1.4947700000000003e-08
4216 0.000505647
4217 7.582989999999999e-10
4218 0.0008968219999999999
4219 0.0836201
4222 0.00224113
4225 3.8147000000000003e-10
4226 0.000348024
4227 0.00011457
4233 1.0172399999999999e-07
4234 0.000307577
4235 9.99625e-07
4236 0.9180520000000001
4238 0.00211841
4240 7.04721e-05
4243 3.36107e-05
4245 3.11741e-05
4248 0.0329314
4249 1.8266999999999998e-06
4250 0.00579596
4251 1.50493e-14
4252 0.0219727
4254 1.90398e-11
4260 0.23130599999999998
4261 2.20648e-07
4262 0.000272963
4266 2.60719e-05
4267 0.000561292
4268 0.978316
4276 0.0296324
4277 0.00193461
4278 1.6721e-07
4282 0.000550196
4285 0.193581
4288 0.0006910530000000001
4289 0.02544
4290 8.28971e-06
4294 7.491279999999999e-05
4297 0.318923
4299 2.51989e-08
4301 4.83811e-06
4302 3.5518400000000003e-06
4305 4.85938e-05
4306 0.00146976
4308 0.0252838
4309 0.00734576
4311 0.00723929
4313 5.37554e-06
4314 1.18121e-09
4316 0.014915000000000001
4317 0.000145824
4319 0.0025137
4320 4.19745e-06
4324 2.30577e-11
4328 0.000240174
4330 8.365470000000001e-06
4332 0.00121545
4334 0.025211900000000002
4335 6.30625e-09
4336 0.0578264
4337 2.5887e-08
4340 4.11549e-08
4342 0.248598
4343 0.000342813
4344 3.10016e-07
4348 0.0502802
4350 1.02904e-08
4353 2.49352e-06
4355 0.56339
4357 0.00180041
4358 2.90239e-05
4362 3.5316300000000004e-12
4363 0.0133465
4366 0.00493806
4373 0.00303333
4374 4.38592e-09
4375 2.28428e-06
4377 0.00177307
4378 0.00335516
4381 0.000643098
4382 4.05103e-08
4383 0.000981186
4385 0.15357300000000002
4388 3.6457800000000004e-08
4393 0.00014125799999999998
4394 1.1031399999999999e-10
4395 7.537779999999999e-09
4398 1.35856e-07
4399 0.000268435
4400 2.89483e-10
4401 0.0107852
4402 5.90575e-09
4403 1.35325e-17
4406 1.23682e-11
4407 1.99626e-05
4408 0.0230935
4410 0.0982553
4412 0.00143253
4413 3.22186e-08
4414 2.426e-08
4415 7.96996e-07
4416 7.49499e-05
4417 4.69177e-08
4418 0.014894799999999998
4419 0.013750299999999998
4420 0.020671000000000002
4422 0.000712965
4425 4.65233e-14
4426 6.00068e-08
4427 6.250239999999999e-05
4428 0.00510185
4431 0.000613071
4435 0.0395599
4440 0.026413299999999997
4442 9.37265e-05
4443 0.0070767
4444 2.85504e-05
4445 1.21898e-06
4447 4.4585e-05
4448 1.98873e-09
4449 0.00718656
4451 1.87091e-05
4453 6.0018799999999995e-06
4454 0.0008517510000000001
4456 3.4023600000000004e-05
4458 3.88803e-05
4460 0.000199951
4461 8.720189999999998e-08
4462 1.2066300000000002e-05
4465 0.0115579
4467 6.09196e-06
4469 0.131849
4472 3.2565100000000004e-05
4473 1.65796e-10
4475 0.0012374
4476 0.361939
4477 0.000110975
4478 1.5623200000000002e-07
4480 0.0128126
4482 0.0649841
4483 9.958350000000001e-06
4485 0.0422511
4486 0.00466217
4489 0.0151563
4491 0.0103134
4492 0.000732806
4497 0.0478315
4501 0.00826695
4503 6.7408e-07
4504 4.24372e-05
4505 1.87488e-06
4506 0.00204338
4511 0.00195045
4513 0.00050287
4515 0.00023978900000000002
4516 0.000128315
4521 7.494739999999999e-06
4522 2.73385e-05
4523 0.000181745
4525 0.527698
4529 8.930580000000001e-08
4531 0.00012828
4533 4.50112e-07
4534 5.81778e-05
4536 0.00489999
4538 0.00019120200000000002
4541 7.70178e-07
4543 2.53359e-06
4545 1.1261800000000001e-05
4546 0.985816
4547 4.0353700000000005e-07
4550 0.00109443
4554 0.0011052999999999998
4556 8.69748e-09
4557 0.00949898
4559 0.00244565
4560 1.4517700000000002e-06
4561 0.000816364
4564 5.62208e-05
4567 0.014028200000000001
4568 4.5955400000000006e-06
4569 0.00153309
4572 2.69826e-06
4573 6.44611e-05
4575 0.0133922
4577 2.06842e-06
4578 1.6909400000000002e-06
4580 0.000140245
4582 0.000531895
4583 5.3726e-05
4586 2.14427e-05
4589 0.00023971599999999998
4590 0.282485
4593 0.00818001
4594 0.000861617
4596 9.50736e-05
4598 0.111278
4599 0.9929790000000001
4602 1.99787e-06
4603 1.02595e-05
4608 4.83949e-05
4610 6.222939999999999e-05
4613 0.000198914
4614 0.00019381400000000003
4615 0.000113551
4616 0.00147957
4617 3.70605e-05
4619 0.0014466
4620 0.0255155
4621 0.015185599999999999
4624 7.63712e-06
4629 0.0203248
4633 0.00796424
4635 0.00131394
4637 3.9832700000000005e-15
4638 1.49328e-07
4639 0.054060000000000004
4640 0.146146
4641 2.5404300000000003e-06
4642 0.00170521
4645 4.06451e-13
4646 0.00116707
4650 2.0277e-06
4657 0.0327755
4658 0.00361293
4659 0.000967002
4661 0.00753018
4663 2.92528e-07
4664 0.0007419989999999999
4665 1.94358e-07
4666 3.97935e-07
4667 6.103330000000001e-06
4668 0.0320673
4669 0.00038715099999999997
4670 0.00026679599999999997
4677 0.0411388
4678 6.48315e-05
4680 2.01926e-14
4681 1.39123e-05
4684 2.8336199999999998e-05
4688 8.314399999999999e-11
4690 0.0506487
4695 0.0213219
4696 0.000797492
4697 3.83677e-10
4698 0.00188736
4700 0.00471761
4703 3.6513899999999997e-07
4704 0.0500565
4709 0.141193
4711 8.384619999999999e-10
4712 0.0626941
4713 0.0225071
4716 0.10205399999999999
4717 0.0161695
4720 6.16877e-05
4721 0.0298347
4724 4.0526800000000005e-08
4725 1.4203499999999999e-06
4726 0.120549
4728 0.00136876
4729 8.130589999999999e-06
4730 1.96236e-06
4731 0.00878011
4733 0.00350431
4734 0.00259318
4736 0.00011562700000000001
4738 0.000442756
4739 0.301109
4740 0.29428499999999996
4741 5.15679e-05
4744 0.0335334
4745 2.02042e-09
4749 0.000645349
4751 9.55889e-07
4752 1.70508e-05
4755 0.00110691
4756 8.2151e-06
4757 1.90255e-08
4758 6.387e-05
4759 0.000160788
4762 6.01101e-07
4763 0.00170856
4764 0.00092364
4765 1.33522e-05
4766 0.00815998
4767 0.000799555
4769 0.00227965
4771 0.0645724
4772 3.57034e-08
4774 0.000123489
4775 0.00058333
4778 0.00195319
4780 1.33461e-07
4781 0.00283286
4784 7.47958e-07
4787 0.0008302689999999999
4791 0.0818482
4795 0.000249218
4798 0.001702
4800 2.67856e-08
4802 1.22506e-06
4803 5.68446e-05
4804 0.00291884
4806 9.46684e-06
4807 0.02188
4809 2.91322e-07
4810 1.0261200000000001e-06
4811 9.936040000000001e-05
4813 0.00136129
4817 0.00024141400000000002
4819 0.42832700000000007
4820 0.0120211
4821 0.000406855
4822 7.909639999999999e-08
4824 6.075289999999999e-15
4827 4.05158e-05
4829 1.5758500000000001e-06
4833 4.5156000000000005e-07
4835 4.95308e-05
4838 0.0855067
4843 8.118340000000001e-07
4844 0.000340811
4845 7.387779999999999e-07
4847 3.21602e-05
4851 0.0025416999999999996
4853 0.00198364
4854 5.73838e-07
4855 0.09233889999999999
4858 0.00176888
4860 2.49317e-07
4861 1.01946e-10
4862 0.0962548
4864 0.024063
4865 2.2489899999999996e-05
4870 6.94693e-06
4871 5.53521e-05
4874 0.000390055
4875 0.0006540830000000001
4877 0.00570859
4880 0.5378310000000001
4881 0.388034
4883 0.000128928
4884 0.07285660000000001
4887 0.010188
4888 0.000580026
4889 0.00830419
4891 2.8518299999999998e-05
4892 0.00659666
4893 0.038734199999999996
4894 0.0253361
4899 0.00903093
4900 0.0009101080000000001
4901 3.05014e-05
4904 4.49881e-09
4906 3.9107199999999997e-07
4908 0.0365503
4909 2.2311e-09
4914 0.000133914
4915 3.45306e-09
4917 6.8218e-09
4918 0.00382582
4919 0.26966
4920 0.32342
4921 5.73409e-08
4922 0.033420099999999994
4923 0.0648431
4924 2.79054e-08
4925 0.00929849
4927 3.23777e-05
4930 0.003088
4932 0.000709561
4933 2.5749e-07
4934 0.00396962
4937 9.14528e-05
4940 2.7589799999999997e-08
4941 0.00297382
4942 7.72665e-08
4944 0.00798412
4945 0.000583467
4947 0.0632443
4949 0.00106207
4952 1.52512e-07
4957 0.000231132
4959 5.0705200000000004e-05
4964 0.00182961
4965 0.000316473
4969 7.97628e-06
4970 3.0224799999999997e-06
4971 0.013826900000000001
4975 1.33969e-05
4978 0.00502632
4979 9.87679e-07
4980 0.0006977989999999999
4981 5.23371e-11
4988 0.000273929
4989 2.8710300000000002e-05
4993 0.00128872
4996 2.68924e-10
5000 2.33557e-05
5002 0.997344
5005 4.6860000000000005e-06
5008 3.56194e-13
5009 0.999516
5010 0.00011224200000000001
5011 4.6556000000000005e-07
5012 0.0848182
5013 1.78667e-06
5015 2.35161e-06
5017 0.0023098000000000003
5019 0.142014
5021 3.0498400000000005e-10
5022 3.47157e-06
5025 0.00766271
5030 4.58147e-12
5031 0.000566829
5034 0.00030115700000000003
5035 4.1947e-12
5038 0.0131761
5040 0.07119210000000001
5041 0.000129862
5043 0.00158938
5044 0.00723693
5046 2.2034599999999997e-08
5048 1.2674100000000001e-05
5049 0.210729
5050 0.00123805
5051 7.9364e-05
5053 0.00022778
5059 0.07152280000000001
5060 0.05878049999999999
5066 4.62431e-06
5069 2.17075e-06
5070 5.26992e-05
5074 0.00394344
5075 1.02989e-08
5076 0.00066218
5080 3.61291e-07
5082 0.038774
5083 1.38429e-08
5087 2.2238299999999999e-10
5088 0.013559100000000001
5089 2.1664400000000002e-05
5091 1.784e-05
5092 9.463889999999999e-05
5095 0.00122349
5096 0.9998940000000001
5098 6.06733e-05
5099 1.5495600000000001e-06
5100 0.0860376
5103 0.0310074
5105 7.487619999999999e-07
5106 0.00024947
5109 4.10669e-05
5112 1.95805e-05
5113 0.00364168
5115 5.45773e-10
5117 0.00821883
5118 0.00224118
5119 0.000196042
5120 2.40167e-05
5123 1.64635e-06
5125 1.92434e-06
5126 5.0369e-05
5127 0.0969395
5132 0.0002644
5133 4.26196e-08
5137 9.179940000000001e-07
5139 8.25265e-06
5140 0.0730128
5141 0.00463261
5142 5.615830000000001e-06
5147 4.96987e-06
5148 0.09787939999999999
5149 0.00247521
5151 0.255364
5152 0.00674209
5154 3.78205e-10
5155 0.000216215
5157 2.1287199999999997e-09
5158 7.22976e-05
5162 3.8100199999999996e-06
5163 5.0574899999999996e-05
5164 2.08252e-08
5165 0.00235837
5166 3.3030099999999996e-07
5167 0.00424408
5170 0.00489795
5172 0.0112071
5174 0.0261296
5178 0.0286223
5180 0.000124953
5182 9.82918e-05
5184 0.00342589
5187 0.11063699999999999
5188 1.3522e-07
5192 7.91483e-08
5193 0.00793423
5194 8.37757e-05
5196 0.00305529
5197 1.37827e-09
5198 0.00117834
5200 0.00259369
5201 0.0196365
5204 2.0053099999999996e-10
5205 0.125143
5206 0.0124921
5207 1.07951e-05
5211 7.81376e-06
5213 1.81106e-05
5216 0.0307808
5218 0.014927100000000002
5221 0.24968
5225 0.00238491
5226 0.0173326
5227 0.00037819800000000005
5228 0.000150556
5232 7.32312e-07
5233 0.105919
5234 5.34647e-05
5235 0.00916298
5237 0.018241999999999998
5238 2.35282e-11
5240 1.9010000000000001e-07
5241 0.000215088
5243 0.000680183
5247 1.8977e-07
5249 5.48308e-05
5250 0.0033314
5251 0.0148296
5252 0.013905299999999999
5255 0.000962882
5256 8.33936e-06
5261 0.0886304
5265 4.40785e-07
5266 0.0028083
5271 1.23453e-06
5272 4.3221899999999996e-07
5275 1.1727e-06
5276 0.000459206
5277 0.000166551
5279 0.00115712
5280 2.63115e-05
5282 7.57245e-13
5284 2.11556e-06
5286 0.0104516
5287 0.000105759
5289 3.78322e-05
5291 0.170095
5294 0.0005651769999999999
5295 0.00804997
5296 7.29776e-05
5299 0.000499089
5300 0.00634973
5301 2.07072e-07
5302 2.52018e-05
5308 0.031449
5309 3.2901e-06
5313 0.00861605
5316 0.00194997
5317 5.05819e-05
5321 0.00425297
5322 0.0153981
5323 0.00699426
5324 7.62448e-06
5329 0.00783266
5330 5.39381e-08
5332 0.000160584
5333 1.3281099999999999e-05
5334 0.000128784
5335 9.065809999999999e-05
5339 5.138219999999999e-07
5341 0.000549586
5342 0.000240397
5347 0.000102656
5353 0.0238299
5354 2.74935e-08
5356 0.00370972
5357 0.011885
5359 0.00021863400000000002
5361 0.000108173
5362 0.0219292
5364 4.272610000000001e-15
5366 0.0043517
5372 0.00025332
5375 0.00922795
5376 0.000483975
5377 0.047918199999999994
5381 0.000717559
5382 0.000140038
5386 0.0744843
5390 2.15569e-05
5392 5.26713e-05
5394 0.029016300000000002
5399 0.0426731
5400 0.000268733
5401 1.3533700000000002e-10
5402 0.00313609
5403 0.00018684099999999998
5409 0.000246257
5411 0.0659768
5412 6.811849999999999e-07
5415 0.00143047
5422 4.54356e-09
5425 0.0101798
5426 0.00156823
5427 0.0009277339999999999
5428 0.995142
5432 1.65964e-07
5435 2.7611700000000002e-05
5437 8.58496e-09
5442 0.0212895
5443 0.000571427
5444 0.000173552
5446 0.00556819
5447 0.000799749
5449 0.0426015
5452 1.1160600000000002e-06
5456 0.000207203
5458 2.24796e-05
5459 0.0352704
5460 0.00891005
5462 0.000381769
5463 5.40834e-10
5464 0.170121
5466 0.000365731
5468 3.7748499999999996e-08
5472 0.00190369
5473 0.00048095699999999996
5474 0.00346778
5476 0.0006249669999999999
5477 0.0444298
5479 1.34721e-08
5480 5.67122e-06
5482 0.00466395
5484 9.265739999999999e-08
5488 0.231017
5490 0.0580264
5491 0.07537150000000001
5492 3.89946e-05
5493 2.79219e-10
5494 0.0016412
5495 2.94634e-13
5498 0.00416908
5500 0.0719933
5501 3.3558000000000003e-09
5502 0.00038555699999999997
5503 1.51571e-06
5504 9.66182e-09
5505 0.00910462
5506 1.2880700000000002e-06
5512 0.00591941
5513 3.949e-06
5516 3.19404e-06
5520 1.31362e-07
5523 6.09378e-08
5525 2.72778e-05
5528 0.00531863
5529 0.000380179
5532 6.68192e-05
5533 0.00374875
5534 1.23602e-10
5537 0.00068669
5538 0.00474468
5540 2.70718e-08
5543 0.09068150000000001
5545 0.000256942
5546 0.012581499999999999
5548 0.0235132
5551 0.0117102
5553 1.33507e-06
5555 0.012255799999999999
5556 0.00258549
5557 0.000131854
5558 1.86509e-06
5560 2.89764e-05
5561 8.63284e-06
5562 0.00012115
5564 0.000311397
5565 0.0225519
5567 2.7637900000000003e-06
5569 0.000114327
5570 0.391741
5571 2.04862e-07
5572 0.00314148
5575 3.85059e-13
5578 0.000937749
5580 0.00167837
5581 0.0013100999999999998
5587 0.018868700000000002
5589 0.00038710199999999995
5594 0.0113202
5595 4.4125300000000004e-07
5596 0.0128514
5597 0.00747939
5598 4.58981e-09
5602 0.000195518
5604 2.29638e-06
5607 0.00199381
5610 0.00034558300000000006
5612 0.0789303
5616 1.91694e-05
5617 1.4008099999999999e-05
5619 5.84156e-07
5621 0.000349556
5622 0.227521
5623 0.00217619
5626 1.27665e-07
5627 3.03907e-06
5628 0.156192
5632 0.00117247
5633 0.000242562
5634 0.022559700000000002
5635 0.9994540000000001
5638 0.00900683
5642 0.00615426
5643 2.46681e-05
5646 0.04461230000000001
5649 6.43037e-08
5650 0.0151171
5651 0.00916995
5656 0.025384900000000002
5659 1.02216e-06
5661 0.08708989999999998
5663 2.5243500000000002e-06
5665 0.000336388
5666 0.0009658889999999999
5667 0.00027737599999999997
5670 4.14559e-06
5671 0.00011936600000000001
5673 0.9493940000000001
5675 0.030038299999999997
5677 0.0278695
5678 5.08864e-08
5681 0.000164628
5683 1.8008e-05
5684 0.00283794
5688 2.9651599999999997e-06
5689 2.14632e-07
5690 5.8619500000000004e-09
5691 0.00534599
5692 0.00020820900000000003
5694 1.80447e-10
5698 0.00223882
5703 0.00833507
5706 5.0787e-07
5707 5.6334899999999995e-05
5708 0.000192101
5709 1.2648299999999999e-05
5711 6.94762e-07
5712 0.00029008
5717 0.0173456
5720 1.0979700000000001e-05
5721 0.0445373
5722 0.00141461
5724 6.20909e-07
5725 0.0183891
5726 0.7284229999999999
5727 0.024202500000000002
5733 4.40312e-06
5734 0.00188747
5737 2.16877e-06
5739 2.48713e-06
5744 6.845960000000001e-08
5745 0.0352623
5746 5.27042e-07
5748 0.0582866
5750 5.88476e-07
5751 5.79239e-07
5753 0.0221557
5754 0.0107761
5758 0.820254
5759 7.180239999999999e-06
5763 6.440980000000001e-07
5766 0.00196041
5767 0.00184728
5770 1.04834e-08
5771 0.00035460699999999995
5772 0.000147639
5774 0.000149254
5775 2.03229e-08
5776 0.000653422
5777 4.8231499999999994e-05
5778 0.102673
5785 0.00395481
5787 0.000163752
5792 0.131262
5793 1.93692e-06
5795 1.286e-05
5797 5.4220699999999994e-05
5798 2.78906e-05
5800 0.000191807
5801 0.0157199
5802 8.63123e-06
5804 0.00322577
5807 0.0172152
5808 0.10166
5809 7.6752e-07
5810 4.18054e-05
5816 5.89637e-09
5820 0.000175638
5822 0.000418275
5823 0.119023
5827 0.0117238
5832 0.000169276
5833 0.00391693
5834 0.031811900000000004
5835 0.00413328
5837 2.77095e-08
5842 3.6795100000000003e-09
5844 5.69083e-05
5846 0.013469299999999998
5847 3.0011900000000006e-08
5848 4.11267e-05
5849 0.0394399
5855 2.92625e-14
5857 0.000101338
5858 0.000634008
5862 1.49756e-07
5865 5.97118e-05
5866 4.27904e-06
5869 1.18549e-05
5870 2.5382300000000002e-09
5871 0.10275899999999999
5872 4.13151e-05
5876 0.0006392769999999999
5880 1.3284899999999998e-06
5882 0.000794588
5883 0.017043700000000002
5886 3.55042e-05
5887 0.00277571
5890 0.000258375
5891 1.3057e-05
5892 0.00217698
5896 0.0801955
5898 0.00257748
5900 2.49473e-05
5902 0.0167833
5904 2.9805e-05
5907 0.011150100000000001
5913 0.00854152
5915 2.62717e-06
5916 0.000464569
5921 0.046323500000000004
5922 0.00033959400000000003
5924 0.00450043
5925 1.91805e-05
5926 0.0984572
5927 2.61573e-07
5929 2.2148099999999997e-09
5931 0.00176935
5932 2.21384e-05
5933 8.63927e-07
5934 0.010914700000000001
5935 0.029504200000000005
5936 0.0189832
5937 0.000333128
5939 0.011042399999999999
5941 0.000338662
5942 0.011694
5943 0.00371495
5944 0.0008295310000000001
5945 0.111373
5946 0.35075
5949 0.000432492
5950 6.844560000000001e-08
5953 0.025184599999999998
5955 0.00108765
5957 0.00131253
5958 0.052451199999999996
5959 1.0293799999999999e-07
5962 8.0231e-06
5965 3.10551e-06
5966 0.142344
5967 0.000394015
5969 0.029119700000000002
5972 0.09175889999999999
5973 0.00100541
5974 6.676479999999999e-09
5976 0.022219700000000002
5977 5.3821000000000005e-05
5978 4.11853e-05
5982 0.0430528
5986 3.66916e-07
5987 0.00257628
5993 0.19329000000000002
5994 0.0423719
5997 0.00818041
5999 1.59952e-08
6002 9.991469999999999e-05
6003 0.999966
6006 1.14652e-05
6007 0.00120949
6008 0.00385586
6010 0.0120991
6013 0.00108078
6014 3.1232799999999997e-06
6015 0.000148808
6016 4.00022e-06
6017 1.0048100000000001e-10
6019 2.0987300000000002e-07
6021 7.92145e-07
6022 0.000657679
6024 2.28542e-08
6031 0.010695399999999999
6032 1.28557e-05
6034 5.32696e-07
6036 0.0304783
6037 0.0008786760000000001
6039 0.00140766
6040 0.15505
6044 0.000867103
6047 0.00361641
6048 8.15454e-07
6049 0.00551184
6050 0.0241355
6051 7.69169e-05
6052 0.00148525
6053 9.32341e-09
6054 0.000124853
6056 0.599178
6057 0.000261296
6059 6.92471e-05
6060 0.043224900000000004
6063 1.28782e-05
6064 0.00019932
6068 0.0008651360000000001
6072 0.110767
6075 8.16113e-05
6076 0.0015311
6077 1.9978599999999997e-06
6080 6.58077e-07
6081 0.00948841
6082 7.84098e-08
6083 1.1982999999999999e-09
6085 0.000204215
6086 0.00854884
6087 0.0407946
6090 8.72831e-06
6092 0.146868
6093 0.0660246
6094 0.00102259
6099 0.000559639
6101 0.0137096
6102 0.000652606
6106 0.00204948
6109 6.50866e-05
6110 0.00402007
6112 4.79166e-05
6113 8.86576e-05
6114 0.0152709
6115 0.00819327
6116 0.0498587
6118 0.000203725
6119 9.96008e-09
6121 3.01866e-10
6122 3.67152e-05
6126 0.00713175
6127 7.38789e-06
6132 8.313580000000001e-14
6137 5.4190199999999995e-08
6138 1.88319e-07
6142 0.147343
6143 0.00041587199999999996
6144 0.055797400000000004
6145 6.06049e-05
6147 0.0105012
6149 0.0109126
6152 0.09313830000000001
6154 4.48543e-06
6155 2.65968e-06
6157 0.00278162
6160 9.73082e-05
6164 1.65601e-05
6165 1.5519599999999999e-06
6167 0.00459405
6168 0.0770507
6169 0.056264
6173 0.00286298
6178 0.00153359
6182 4.88043e-06
6186 0.0923107
6191 1.40814e-07
6192 3.6833300000000004e-06
6193 8.124080000000001e-08
6194 7.531189999999999e-06
6195 0.146288
6197 0.000283303
6199 5.62593e-07
6200 0.0005510819999999999
6204 0.00022748099999999997
6205 8.7244e-05
6207 0.000287969
6211 0.00844042
6213 5.87569e-06
6217 0.0016367999999999999
6226 0.0353899
6227 0.000317353
6228 9.62673e-06
6231 3.31877e-05
6232 5.62667e-05
6237 0.00345725
6239 0.010974
6242 9.70637e-07
6244 7.28762e-05
6245 0.000331331
6246 0.261819
6248 0.168062
6253 0.000244539
6255 0.034390199999999996
6256 6.2660799999999995e-09
6257 0.00359912
6263 1.76778e-14
6265 0.00024871400000000003
6266 0.017850400000000002
6268 5.3228199999999994e-14
6271 0.9168
6273 0.08089550000000001
6274 0.014819799999999998
6278 1.0426999999999999e-07
6280 0.00885083
6283 1.04359e-07
6287 0.00697164
6288 0.0655539
6292 2.94866e-08
6293 0.049503500000000006
6294 6.80057e-06
6297 0.00036490599999999997
6298 2.49022e-07
6302 3.49333e-06
6303 0.00012773100000000001
6307 0.00816287
6308 0.06464650000000001
6310 0.024522799999999997
6311 1.4026599999999999e-06
6312 2.06562e-05
6313 0.051965
6315 0.00137701
6316 2.7301700000000002e-08
6317 1.4933700000000002e-06
6322 0.052463199999999995
6324 3.70191e-08
6326 9.81781e-12
6327 0.00013384
6328 0.00123345
6331 6.939369999999999e-08
6332 4.9024e-06
6333 5.915319999999999e-13
6334 1.1400999999999999e-08
6336 0.000307099
6340 3.02977e-09
6342 3.8541199999999996e-05
6343 0.000421404
6345 0.144336
6347 3.81145e-07
6354 0.00113109
6356 1.02399e-09
6358 0.00011083200000000001
6359 0.00941035
6360 0.14457899999999999
6361 7.19185e-05
6364 0.000408956
6365 0.00130798
6368 0.000190444
6370 0.00768705
6372 3.05788e-08
6373 0.0334921
6376 4.0332e-05
6378 5.695790000000001e-07
6379 3.2781800000000005e-06
6380 0.101781
6383 7.84963e-05
6384 0.019688
6386 3.03092e-07
6388 4.95537e-07
6389 0.00858564
6390 0.197408
6393 0.00498955
6394 3.3894e-05
6397 7.64003e-08
6399 0.001277
6401 1.94978e-06
6402 0.569995
6403 0.0040636
6405 3.72648e-05
6406 7.19918e-05
6407 3.03432e-06
6408 2.48977e-06
6410 0.00018547
6412 0.00016031
6413 4.0036599999999995e-05
6414 0.00862923
6415 6.153899999999999e-07
6416 0.00011603799999999999
6420 0.000260855
6422 0.0007493710000000001
6423 1.07882e-05
6426 0.074181
6431 6.508930000000001e-09
6432 0.133426
6435 0.026056400000000004
6439 7.69219e-05
6441 0.000885104
6446 0.0908333
6451 1.3459200000000002e-05
6452 0.26156999999999997
6453 0.167081
6454 4.83024e-06
6457 0.000644257
6460 0.0462259
6461 0.00415007
6464 0.026006900000000003
6467 1.28687e-05
6469 4.71922e-07
6471 0.09682560000000001
6477 0.0113355
6478 5.5651999999999995e-05
6479 0.0008181639999999999
6481 5.219930000000001e-07
6485 1.13011e-06
6487 0.00515989
6489 0.0336492
6490 2.4269e-06
6491 2.9339e-09
6493 3.79151e-05
6494 2.33634e-05
6496 0.000606557
6498 4.9623299999999996e-05
6500 0.041653300000000004
6502 1.91338e-10
6504 0.00471016
6505 0.0232657
6508 0.0113748
6510 1.02401e-07
6511 0.000911241
6513 9.065640000000001e-07
6514 0.00782917
6516 0.0115544
6517 0.0138266
6518 4.8909699999999996e-08
6521 1.76417e-06
6522 0.00334101
6525 0.00031219799999999997
6526 0.00179384
6527 0.0111251
6528 0.00553768
6531 6.37374e-05
6533 3.6057900000000005e-10
6535 1.36885e-10
6537 5.3163e-05
6539 0.0291027
6540 1.3643800000000001e-05
6541 0.00798807
6544 4.60745e-06
6545 8.58064e-05
6546 0.27097
6552 0.012330500000000001
6554 0.00245015
6555 0.00302036
6557 3.6358099999999994e-06
6558 0.00822982
6559 0.0371806
6561 1.14781e-08
6563 0.0335794
6566 0.012985299999999998
6567 3.89281e-12
6568 0.00173429
6571 0.000927483
6573 1.31402e-05
6574 0.0992327
6577 6.930269999999999e-06
6579 3.33986e-05
6580 0.000557848
6581 5.42888e-05
6582 2.52289e-06
6586 0.0111632
6589 0.000139269
6590 3.2910900000000004e-05
6591 0.000586885
6592 0.000131666
6594 5.362380000000001e-06
6596 0.000480731
6598 0.0965814
6600 1.6057200000000002e-07
6601 6.53023e-06
6604 2.649e-07
6607 0.024144299999999997
6608 1.7005e-07
6613 0.000242328
6614 0.00075524
6615 0.17615999999999998
6616 0.0035514
6620 0.000170063
6623 0.00258216
6624 0.0614891
6629 3.60578e-07
6630 0.00456384
6633 0.106879
6634 2.5000699999999997e-07
6639 5.79523e-08
6640 4.806350000000001e-10
6641 1.1376200000000001e-08
6642 7.98711e-09
6644 0.16497699999999998
6646 0.00895778
6649 7.17214e-05
6650 2.5272999999999997e-08
6651 9.68051e-05
6653 3.3027699999999998e-09
6655 0.00261802
6656 0.0187816
6659 0.019271700000000003
6662 0.0177516
6663 0.0409041
6665 0.000175985
6669 1.7239599999999999e-06
6672 0.000733951
6675 0.00429206
6676 0.00121728
6680 1.4456200000000001e-08
6683 8.32308e-09
6685 9.00088e-07
6686 0.01803
6688 0.00024800099999999997
6691 3.29474e-06
6692 0.00258404
6693 3.87911e-07
6700 1.06477e-05
6701 1.8359e-06
6705 0.00521232
6710 0.05420560000000001
6711 5.08492e-06
6712 2.532e-09
6713 0.00600015
6715 1.09801e-05
6716 2.80006e-06
6717 0.00514161
6720 1.58713e-05
6721 0.288958
6723 1.1076700000000001e-08
6724 1.18349e-07
6728 0.010460500000000001
6729 0.021959799999999998
6732 0.06449819999999999
6733 3.7047300000000003e-06
6737 5.9454099999999996e-08
6741 3.12308e-09
6742 0.05727669999999999
6743 0.00916459
6744 0.00951014
6745 0.0459218
6746 0.00230145
6749 9.30436e-10
6750 0.000566432
6752 3.93744e-08
6754 1.4307699999999999e-10
6756 9.278209999999999e-05
6757 1.7837999999999998e-09
6758 0.000147385
6763 8.798549999999999e-09
6764 0.00579562
6767 0.0004415
6770 1.1658599999999999e-05
6771 0.669625
6774 0.000126492
6775 2.7332600000000003e-05
6776 0.000415465
6778 0.00465053
6779 0.00489172
6780 0.00419643
6785 3.22359e-05
6787 0.0243613
6788 0.00102495
6790 1.17096e-06
6791 0.000583096
6792 0.014731000000000001
6793 0.000110704
6795 0.0117139
6796 2.6514299999999998e-08
6798 0.00604385
6801 0.0027023000000000004
6804 0.000313969
6807 6.72816e-05
6809 0.0884745
6811 3.52279e-06
6812 9.17106e-07
6815 2.06446e-06
6816 0.00102937
6817 0.273333
6818 0.00204431
6820 0.0069188
6823 0.00356084
6826 0.00026970200000000003
6830 0.137285
6831 3.49594e-06
6832 5.79396e-07
6834 7.68998e-08
6837 0.00431525
6843 0.000142325
6846 0.00166959
6851 0.000753407
6853 6.66616e-09
6854 3.90544e-06
6856 0.129503
6857 5.4793299999999996e-05
6861 0.000609976
6863 0.00011617700000000001
6870 0.0006904589999999999
6871 1.44364e-06
6872 0.055801199999999995
6873 0.00115163
6875 6.15849e-05
6877 0.000111771
6879 0.0357972
6881 0.0004516999999999999
6882 2.02393e-05
6885 1.7064400000000002e-05
6888 5.32069e-09
6889 1.79439e-05
6890 2.3651999999999998e-07
6891 0.07822319999999999
6894 0.0315557
6895 0.070522
6897 0.000106527
6898 0.00634225
6901 0.00308587
6902 0.00421035
6904 0.0929186
6905 0.8255030000000001
6906 0.036187699999999996
6907 0.00135701
6913 9.45245e-09
6915 0.0046808
6920 8.597060000000001e-08
6921 1.97946e-09
6923 0.0006612930000000001
6925 1.3594100000000001e-05
6926 0.037114
6927 3.50512e-09
6928 0.00153981
6929 4.7207699999999995e-12
6936 0.000255117
6937 8.171060000000001e-06
6938 0.024062599999999996
6941 0.0197264
6942 1.70983e-05
6946 9.45182e-09
6951 7.485770000000001e-09
6954 0.013215799999999998
6955 3.5373800000000004e-07
6957 0.06779960000000002
6960 3.26025e-07
6961 8.35352e-05
6964 0.0374586
6967 0.00013814
6969 5.42566e-05
6970 0.000150651
6973 6.3651e-05
6974 0.0195706
6975 1.2561400000000001e-05
6977 1.1487e-08
6978 7.096649999999999e-05
6979 1.0141e-06
6980 0.6335029999999999
6982 8.56355e-06
6984 0.0155833
6985 1.0601900000000001e-05
6986 0.00678815
6991 0.014396
6992 3.0723000000000004e-05
6993 2.36372e-06
6996 3.14917e-05
6997 2.19609e-07
6998 0.00067333
6999 1.0809000000000001e-07
7000 0.00840774
7001 6.27601e-06
7005 8.548129999999999e-06
7010 1.25315e-06
7012 0.000196255
7013 2.80467e-05
7014 7.6110000000000005e-06
7015 4.02259e-11
7017 0.0719766
7019 0.0730647
7024 3.8380599999999996e-05
7026 0.000125786
7027 0.00189048
7028 0.019444799999999998
7030 0.00239578
7032 0.0163781
7034 1.22703e-05
7037 5.87819e-07
7041 0.00011331899999999999
7043 0.0450139
7044 0.00192971
7047 1.2652999999999999e-05
7051 4.84633e-05
7053 0.026342900000000002
7055 0.000652492
7057 0.00284102
7060 0.00574594
7061 9.600790000000001e-05
7063 2.47109e-05
7066 0.000489713
7067 0.00082817
7069 9.113840000000001e-05
7076 3.63456e-07
7081 0.00896021
7082 0.000651201
7083 0.0253425
7085 0.000194565
7087 0.000782665
7091 0.000239266
7094 0.018262
7096 4.21665e-07
7098 0.00027841
7099 0.00449075
7102 5.69922e-06
7103 0.00019532799999999998
7106 0.158362
7107 5.64633e-06
7110 0.000686532
7111 6.60198e-07
7112 3.10214e-06
7115 4.2223e-06
7116 0.038982800000000005
7118 8.75271e-05
7119 0.0230088
7120 0.026368700000000002
7124 4.15609e-06
7126 0.00159249
7127 1.06786e-05
7131 1.31291e-06
7134 0.000842775
7135 9.348780000000001e-05
7136 0.00013610399999999998
7137 0.05945419999999999
7142 6.8361e-05
7143 1.1655599999999999e-08
7145 1.92933e-05
7151 0.0280376
7155 5.42703e-13
7156 1.7771e-05
7157 1.8186800000000002e-07
7158 0.000593587
7160 0.000124845
7161 0.033486400000000006
7164 4.979149999999999e-09
7169 0.00017450900000000002
7170 0.00139236
7171 0.0006584789999999999
7173 6.95398e-06
7175 0.00218336
7176 1.1361199999999999e-05
7178 0.0686579
7179 0.11607100000000001
7181 0.000832285
7183 0.00082281
7186 4.549e-06
7188 1.4708200000000001e-08
7190 4.9875e-05
7192 0.00093503
7195 0.00536874
7196 0.0730617
7198 0.00507888
7199 1.5826499999999998e-06
7201 0.000319545
7202 0.000135979
7203 0.0599477
7206 3.07585e-09
7207 0.024680599999999997
7209 3.65194e-05
7218 0.0750268
7220 0.04423869999999999
7221 1.0876300000000001e-05
7225 0.140104
7226 1.10893e-07
7228 0.05917959999999999
7229 2.86746e-05
7231 0.000169884
7232 2.58633e-07
7233 4.3609e-09
7235 6.068880000000001e-07
7237 0.078666
7238 3.89449e-06
7239 0.00536536
7240 0.00323409
7242 1.7669900000000001e-06
7246 5.4764e-06
7248 0.000645694
7251 0.0243329
7252 0.0155329
7253 0.00102193
7254 6.547479999999999e-05
7255 0.00481202
7257 7.727079999999999e-08
7262 9.985290000000001e-05
7264 0.0128451
7265 1.36117e-05
7267 6.54966e-05
7268 0.00849679
7269 0.00017251099999999998
7272 1.29852e-05
7273 0.000124228
7277 0.14821900000000002
7278 0.00117711
7281 0.00017429599999999997
7282 4.14278e-05
7286 2.30025e-06
7287 0.00076909
7288 3.64611e-11
7290 1.7625e-06
7291 1.49496e-05
7293 0.00155833
7301 0.07092360000000002
7303 0.0008367310000000001
7304 2.54446e-05
7306 0.126957
7307 6.606410000000001e-08
7309 7.14427e-08
7310 0.00244798
7312 0.00310409
7313 0.00216587
7315 0.0009016489999999999
7316 0.00511201
7317 0.00412414
7319 0.00166924
7320 1.0859200000000002e-06
7321 0.020271099999999997
7324 0.000278157
7326 2.3744799999999998e-06
7328 0.0406491
7331 0.0012412
7332 0.0008265960000000001
7333 0.128101
7335 9.19927e-06
7337 2.12749e-05
7338 0.000489329
7339 6.3999e-09
7340 2.12914e-07
7341 4.7398500000000004e-05
7342 0.0007107989999999999
7345 1.02017e-09
7347 0.000298303
7348 0.000651699
7349 4.5705800000000004e-07
7352 8.86089e-05
7353 0.055586300000000005
7354 0.058384500000000006
7355 0.000231069
7357 5.10939e-07
7358 9.339409999999999e-07
7360 0.00121568
7362 2.56814e-07
7364 0.00127621
7366 0.013803
7367 9.87641e-08
7368 1.2116500000000002e-05
7371 9.40795e-06
7377 3.21466e-06
7378 0.00222791
7379 0.17561500000000002
7380 3.78301e-05
7382 1.05971e-06
7384 0.000463071
7386 7.226139999999999e-07
7387 1.0440999999999999e-10
7391 0.07338960000000001
7392 0.00109865
7393 0.023881299999999998
7395 0.192449
7397 1.25859e-05
7399 9.507040000000002e-09
7400 0.000289329
7401 0.0005853519999999999
7402 9.9539e-06
7403 2.55961e-09
7404 0.0683939
7405 1.81736e-07
7406 0.000109218
7407 0.000292011
7409 0.000187861
7412 0.00908384
7415 1.46941e-06
7418 3.32092e-05
7420 0.0293928
7423 1.70262e-10
7426 2.17142e-14
7428 0.00172801
7429 2.71194e-09
7430 1.6651399999999998e-07
7434 0.00019198099999999998
7440 0.000295374
7441 2.89963e-07
7442 0.0760053
7444 0.0028798
7447 3.53669e-09
7450 3.34525e-06
7452 1.92828e-05
7453 0.00605565
7455 1.13096e-07
7456 0.37011700000000003
7459 0.000387105
7462 1.6352e-07
7463 0.00145303
7464 0.00018055099999999999
7469 0.00147352
7471 0.059545299999999995
7472 0.00258033
7473 8.66383e-07
7476 0.0179549
7478 2.52608e-06
7485 0.00150552
7487 0.000216115
7488 0.000750325
7492 0.00168546
7494 0.362599
7495 0.0126777
7496 0.0006302980000000001
7499 4.56797e-07
7500 0.509476
7501 5.99702e-07
7502 3.88204e-07
7504 0.9851040000000001
7505 4.279530000000001e-06
7507 1.37929e-06
7508 0.013539600000000002
7509 3.19474e-06
7510 3.6675300000000004e-05
7512 0.00034833300000000004
7514 0.0701183
7515 0.0102689
7516 0.000166988
7518 1.58704e-07
7520 6.79481e-05
7522 0.0017992000000000001
7529 5.32149e-05
7531 0.000680322
7532 0.343355
7534 2.56018e-05
7539 1.54583e-06
7541 3.02225e-06
7542 0.0006824110000000001
7545 6.587369999999999e-06
7548 0.00304647
7549 0.00025592599999999996
7550 0.000774692
7552 6.4774300000000004e-06
7553 1.62287e-06
7554 0.0039975
7556 5.09255e-10
7557 0.000210326
7560 0.0035671
7561 0.00112978
7562 7.78485e-05
7564 0.0201584
7567 0.0205296
7569 0.408604
7573 0.000188762
7574 0.00158632
7577 0.24578000000000003
7580 2.26349e-06
7581 1.2345499999999999e-05
7582 0.025488999999999998
7583 0.00219305
7584 0.0313522
7587 2.23599e-05
7588 0.00119332
7589 4.343730000000001e-06
7591 3.7863600000000006e-09
7593 1.0777500000000001e-10
7595 0.0693514
7596 0.000738312
7597 1.90928e-05
7598 0.00125226
7599 4.8204e-08
7602 1.87764e-09
7604 0.0096143
7607 8.597559999999999e-05
7608 2.73099e-06
7609 0.00137938
7610 0.000195057
7613 2.0244799999999997e-06
7616 2.1844e-05
7617 1.1637700000000001e-07
7620 1.7599000000000002e-05
7623 0.00131305
7625 0.0057745
7627 4.86223e-08
7628 0.0226147
7630 1.1936599999999999e-16
7632 3.31483e-05
7634 0.0059528
7635 1.11072e-06
7636 0.000160068
7638 0.000277112
7641 1.60474e-06
7643 2.16058e-06
7644 4.8705e-05
7645 5.335880000000001e-06
7646 5.31821e-07
7648 0.00960809
7651 0.149266
7652 0.059290199999999994
7658 1.8254200000000002e-05
7659 0.000117886
7660 0.00182105
7661 0.000172922
7665 2.23522e-07
7669 0.0129061
7674 8.28664e-09
7676 0.000367585
7681 1.7568599999999998e-06
7684 1.9703799999999997e-06
7686 1.65852e-05
7689 0.0415226
7690 4.0395199999999996e-08
7693 1.16374e-07
7695 0.00061014
7698 2.3859099999999996e-10
7700 0.17683800000000002
7701 6.71172e-08
7703 0.000162893
7706 0.000660141
7707 0.00525908
7708 0.000861315
7710 0.000375357
7711 0.00020140900000000002
7714 4.81682e-06
7716 0.00143661
7717 0.993792
7719 0.0009407739999999999
7722 0.00669211
7725 8.73447e-09
7726 9.16181e-06
7728 0.173476
7730 0.00134005
7733 0.00684237
7734 1.38031e-10
7737 1.34643e-06
7738 0.000392784
7739 0.0995563
7741 1.6591199999999998e-05
7744 0.9584219999999999
7747 0.0057122
7750 2.3380799999999998e-05
7752 0.043015199999999996
7755 0.12438099999999999
7756 0.013159899999999999
7757 6.31933e-11
7759 0.0282621
7761 2.22244e-09
7764 4.26824e-07
7766 0.00019799
7769 0.00864757
7770 0.22722399999999998
7771 5.42688e-12
7774 7.07432e-07
7778 0.190802
7780 0.16647
7782 0.0716625
7783 1.52341e-05
7784 0.000160604
7785 0.0699552
7787 0.0115307
7788 4.431780000000001e-06
7789 0.000704643
7792 0.000199178
7794 0.00384509
7796 0.00136249
7797 1.1738e-07
7800 2.3476700000000002e-05
7801 0.0173181
7802 5.75192e-05
7804 4.55105e-06
7805 0.025812599999999998
7806 0.00111161
7807 3.25889e-06
7808 0.017022799999999998
7811 0.012237999999999999
7816 0.0677719
7817 0.054544
7818 0.000146004
7822 2.07573e-06
7823 0.00158696
7825 3.32876e-08
7827 0.000116568
7828 0.000682934
7829 0.00711501
7830 0.00310809
7832 0.00354716
7835 0.08519439999999999
7837 2.38598e-08
7839 0.000161686
7842 0.205288
7844 1.81791e-09
7846 0.010789499999999999
7848 0.000888337
7849 0.0203714
7850 1.9199400000000003e-06
7851 1.59385e-06
7852 3.77853e-07
7858 0.00441927
7860 5.60927e-07
7861 2.32983e-06
7862 0.00730247
7866 0.000960221
7867 0.000391986
7870 1.96563e-05
7871 0.167572
7874 2.11507e-05
7875 0.00014842299999999998
7879 0.000221945
7880 0.00432417
7881 1.09361e-07
7882 2.1389599999999997e-10
7887 0.037997199999999995
7888 0.397382
7891 0.010592299999999999
7892 0.000591108
7893 1.44673e-05
7894 1.08337e-06
7895 0.010211399999999999
7896 0.0238068
7903 0.00491052
7904 0.00134582
7906 9.57294e-10
7907 0.00144609
7912 2.59785e-10
7913 0.00393083
7917 0.0858982
7918 0.000135039
7922 0.0009654080000000001
7927 4.70694e-07
7929 0.178754
7930 0.00115664
7934 2.6502499999999997e-10
7936 5.61504e-06
7937 0.000539076
7938 0.00337486
7941 0.00736651
7942 0.00399915
7944 2.80799e-07
7945 1.1616099999999999e-09
7948 0.000128447
7949 2.72995e-05
7951 1.92729e-08
7952 9.114379999999999e-05
7955 0.0291003
7957 0.0918111
7960 2.59751e-09
7961 0.000348912
7962 0.00260702
7965 0.030425400000000002
7966 0.0496928
7967 0.00010993
7969 0.00768338
7972 0.0008345410000000001
7973 7.97753e-08
7975 3.81282e-05
7977 0.112266
7978 4.68299e-07
7981 0.0397394
7982 0.00507282
7983 5.08985e-06
7985 2.02127e-05
7986 0.0491269
7988 0.0824844
7989 0.364741
7990 4.81401e-06
7992 0.000452174
7993 6.04001e-10
7994 0.000625007
7995 5.9867099999999995e-09
8000 0.00103632
8003 4.42095e-06
8006 0.00069694
8007 8.89695e-05
8010 7.90014e-05
8011 0.00180248
8013 0.00514339
8014 0.0154347
8015 0.00010303299999999999
8016 4.5121499999999995e-07
8018 0.0105501
8020 4.53479e-06
8021 0.00028220599999999996
8022 0.17793499999999998
8025 0.00695634
8027 5.25592e-05
8028 0.00301729
8030 3.02655e-09
8034 3.09737e-07
8035 3.69354e-05
8038 0.000937619
8039 0.000242633
8041 0.0457456
8045 0.0400272
8046 2.2634500000000003e-08
8047 0.014083600000000002
8050 0.0433915
8052 0.0018991
8054 0.00026591
8055 1.3417799999999999e-06
8056 0.00293298
8058 0.06199299999999999
8059 2.1465500000000003e-05
8065 0.00021989099999999997
8066 5.35986e-05
8070 0.027049
8071 0.009170399999999999
8073 0.025994099999999996
8074 1.65933e-06
8077 0.0158845
8078 0.0007627310000000001
8080 0.00133472
8081 8.747030000000001e-05
8088 7.34246e-13
8089 0.019601499999999997
8090 1.95527e-05
8092 1.34865e-05
8094 0.0647577
8097 3.3525400000000003e-06
8099 3.43754e-10
8102 0.0138732
8104 5.27489e-06
8109 0.017201599999999997
8110 0.033798800000000004
8111 0.00047750699999999995
8113 0.000111035
8114 0.0048177
8118 7.37131e-05
8119 0.00610473
8120 0.00917178
8123 0.095624
8124 0.00038992
8126 0.000365508
8128 2.73908e-07
8129 4.4117699999999995e-08
8131 0.0394932
8133 4.74035e-05
8134 0.999969
8135 2.66808e-05
8136 3.58801e-05
8143 0.000347345
8145 0.00017233599999999998
8146 0.00157982
8147 0.00258522
8148 7.38852e-11
8149 0.0008934310000000001
8152 8.0855e-05
8153 0.0613175
8154 8.518989999999999e-08
8155 0.00311433
8156 1.42797e-06
8157 0.000108835
8158 6.02037e-06
8161 2.8610700000000004e-07
8162 0.00782634
8165 5.320419999999999e-06
8167 0.0018805
8170 0.021487
8172 0.012816899999999999
8176 0.00129476
8178 0.014800899999999999
8179 0.064371
8181 2.93377e-05
8182 0.0122756
8183 2.6016599999999998e-05
8184 0.00109295
8185 1.28502e-08
8187 0.000910572
8192 0.0036239000000000006
8193 6.69928e-09
8194 1.9467500000000001e-07
8195 0.00547867
8196 0.122678
8198 0.0911557
8201 0.00303315
8205 0.000192377
8206 3.59673e-05
8207 0.116192
8210 0.0211275
8212 1.4866199999999998e-05
8214 1.16211e-06
8215 0.0095777
8217 0.000134395
8219 2.92366e-06
8221 0.00396484
8227 1.8888099999999997e-06
8228 5.04055e-06
8230 7.66463e-09
8231 2.4626300000000002e-05
8233 0.050094099999999996
8234 3.0926700000000002e-09
8237 1.20696e-05
8238 0.012521
8239 0.195853
8240 0.0025956
8242 0.00221016
8243 1.51904e-07
8245 0.00511468
8246 1.16381e-09
8247 1.55532e-06
8249 0.00048115699999999996
8255 1.86318e-07
8256 8.55102e-05
8257 0.00210696
8259 1.01973e-05
8264 1.83062e-07
8265 0.0672174
8266 2.48988e-07
8267 0.00561694
8270 1.70227e-06
8271 0.00527348
8273 0.00556657
8274 0.0046828
8276 0.023626499999999998
8277 0.136686
8278 3.88474e-10
8283 3.4102e-08
8286 0.00295498
8287 0.7332529999999999
8288 0.104993
8289 0.6193890000000001
8290 9.73477e-06
8291 0.252791
8298 0.00139435
8303 0.00394648
8304 5.0443000000000005e-05
8305 0.000563127
8308 9.45132e-06
8309 0.0408045
8314 4.63741e-05
8321 0.0733952
8324 2.5066099999999997e-06
8325 0.19844
8328 0.00570326
8330 0.0732692
8331 7.42403e-08
8333 1.72547e-06
8334 7.81669e-06
8337 1.8909400000000002e-06
8339 0.00144328
8340 0.00185204
8343 0.00041013800000000005
8344 2.22292e-05
8347 0.016261
8348 6.79735e-14
8350 0.00129241
8352 6.719760000000001e-06
8353 1.4344599999999998e-09
8354 0.00028277900000000004
8356 0.000157071
8357 2.59273e-08
8358 8.49751e-07
8361 0.00019301099999999999
8362 3.52449e-05
8363 0.00253187
8366 4.93005e-09
8367 1.3332399999999998e-06
8369 1.8696400000000003e-10
8371 1.01822e-05
8373 0.000215735
8375 0.000759824
8377 0.308744
8378 3.70741e-08
8379 0.00482851
8380 0.0377413
8382 0.148983
8383 2.5393899999999998e-05
8389 2.64023e-05
8392 0.00896795
8393 4.2426e-06
8394 0.00122271
8395 0.00054592
8396 0.00407876
8399 0.00102239
8400 0.12726400000000002
8401 0.00306254
8402 0.00616947
8404 0.211288
8405 0.015266499999999999
8406 0.0004930140000000001
8407 0.011848899999999999
8408 1.02471e-06
8411 0.2256
8412 5.000009999999999e-06
8414 2.13685e-07
8417 3.6936e-05
8418 0.00213396
8419 0.00019364599999999998
8420 8.798299999999999e-05
8421 9.07569e-09
8428 0.00364479
8431 0.00539717
8432 5.19791e-07
8435 2.2336099999999998e-07
8436 0.0556441
8439 0.0164776
8440 0.000219457
8441 9.254450000000001e-05
8446 0.055390999999999996
8447 1.3833700000000004e-10
8448 0.000139896
8451 0.192219
8455 2.9258299999999996e-06
8457 4.54857e-05
8458 0.139889
8459 0.00035484199999999996
8460 0.000602927
8463 0.00145997
8464 0.000463241
8469 0.236262
8471 0.014148599999999999
8473 1.42817e-10
8474 0.041195800000000005
8476 3.4806e-05
8479 8.514060000000001e-08
8480 0.00761896
8481 0.0007371610000000001
8486 0.00979734
8487 0.048982599999999994
8488 1.1921600000000002e-06
8489 0.00516795
8490 0.0125591
8491 0.00020794299999999998
8493 0.000445963
8496 0.0057084
8497 0.000876607
8500 4.0131199999999994e-06
8501 2.33308e-05
8504 7.88088e-05
8505 0.338098
8507 0.00014562
8508 8.944209999999999e-13
8510 0.00494975
8511 5.70421e-05
8515 5.00334e-06
8516 0.011563200000000001
8520 0.557565
8525 0.0610543
8527 1.47944e-05
8528 0.113943
8531 3.4573e-07
8532 0.00012727
8537 1.02554e-06
8538 0.0614337
8539 0.000147308
8540 1.61143e-07
8543 0.0151957
8544 0.0188939
8545 1.3443e-09
8546 3.68853e-08
8547 8.45167e-07
8548 9.382819999999999e-06
8551 5.84308e-07
8552 0.000261049
8554 0.00064848
8555 0.000169457
8560 2.20321e-07
8561 0.0350889
8563 0.00465676
8565 0.000132365
8566 0.0227011
8567 0.0102578
8569 0.00719134
8570 3.28911e-06
8571 6.50576e-06
8574 0.00726301
8575 9.674520000000001e-05
8577 0.305001
8578 8.14527e-06
8579 4.68748e-08
8580 2.7979299999999998e-05
8583 0.712338
8589 1.25094e-07
8590 0.00019293099999999997
8591 0.9444790000000001
8593 6.09459e-05
8594 0.0006713610000000001
8597 6.127219999999999e-08
8598 0.00183497
8599 0.00107085
8600 0.00010103799999999999
8603 0.000123914
8605 0.00811876
8609 6.2455e-09
8611 0.0311214
8613 0.00354024
8614 0.0007119989999999999
8616 0.0785304
8619 1.27195e-07
8622 1.1277e-06
8623 1.11078e-07
8625 3.07153e-06
8626 0.00527706
8627 0.0713875
8629 0.00383302
8630 6.0938999999999994e-05
8631 5.71965e-06
8632 1.30527e-07
8634 0.000887416
8637 1.02547e-05
8640 0.00013036299999999998
8641 0.0202552
8642 8.9197e-07
8643 1.04195e-10
8646 0.036300599999999995
8648 0.00164708
8649 0.0011401
8650 0.00547013
8651 0.000134967
8652 0.0189659
8656 1.1583699999999999e-05
8657 0.00174284
8658 2.7547e-06
8659 0.0119301
8660 0.00718451
8661 1.98997e-06
8662 4.7798200000000004e-15
8664 0.0322894
8666 0.019346099999999998
8668 1.81036e-05
8669 0.00030178700000000003
8671 0.00171934
8672 1.5080799999999999e-06
8673 0.000305786
8674 0.000449252
8675 0.0652552
8677 2.7618000000000005e-09
8678 0.0229852
8679 4.0207600000000004e-05
8681 0.00959361
8682 4.03545e-07
8684 7.283629999999999e-07
8685 0.00040875199999999997
8686 0.194384
8689 7.63539e-09
8693 3.1222300000000003e-09
8694 3.56065e-05
8696 4.47539e-08
8697 0.867827
8700 0.0379221
8703 2.6235900000000003e-06
8704 2.7861000000000003e-07
8705 0.00881353
8707 0.00132408
8708 0.00971276
8711 0.000734347
8712 4.85685e-07
8714 3.38585e-13
8715 1.40704e-05
8719 0.2137
8721 0.019634400000000003
8724 3.47451e-05
8726 1.9796e-06
8729 0.200869
8734 0.000779172
8735 0.00149368
8736 0.00750206
8737 9.77659e-05
8740 0.0158961
8743 1.28486e-06
8745 2.44261e-05
8746 0.00180275
8751 0.06282599999999999
8754 6.9348e-05
8758 2.36959e-05
8761 0.07362360000000001
8762 0.143741
8763 4.40377e-09
8765 1.7413900000000002e-07
8767 0.000699098
8774 0.10556600000000001
8777 1.70517e-10
8778 0.161091
8779 0.00283363
8780 0.0184906
8781 0.00107755
8782 9.47241e-10
8785 2.13444e-06
8786 9.25378e-05
8787 4.4396199999999995e-06
8788 6.99551e-10
8789 5.642819999999999e-09
8791 2.37515e-08
8792 0.000145536
8795 0.00413409
8797 3.52805e-05
8798 2.90633e-05
8800 0.0104815
8802 0.00019056700000000002
8803 0.00140262
8804 0.000238242
8807 0.000105658
8808 0.11231400000000001
8812 0.00301162
8816 0.158159
8818 0.00348389
8820 2.31045e-05
8821 0.00682448
8824 5.920399999999999e-07
8825 1.3085200000000002e-08
8827 0.00885634
8828 0.0390132
8829 8.60526e-09
8830 0.00184498
8832 0.000727505
8834 0.00848872
8839 5.31892e-07
8842 7.57122e-05
8844 0.033538099999999994
8845 8.315820000000001e-08
8846 0.00024035
8850 0.000170912
8851 0.010393799999999998
8852 4.55342e-07
8853 7.876639999999999e-08
8855 9.095180000000001e-08
8857 0.0297233
8860 0.00299713
8861 0.000456641
8863 0.000404115
8864 0.0282626
8866 0.000163406
8868 1.3030799999999999e-05
8869 1.4959400000000001e-05
8870 2.1106e-10
8875 0.000130942
8877 9.501669999999999e-06
8881 2.93061e-09
8882 7.33274e-07
8887 0.00706373
8889 0.000956296
8893 1.82042e-06
8894 0.170543
8895 1.27354e-05
8896 4.50361e-09
8897 0.00907518
8898 0.00681838
8899 0.000881625
8901 8.94956e-05
8902 0.0144873
8903 6.19421e-05
8904 0.0080937
8906 0.0963285
8907 0.011612200000000001
8908 1.15585e-07
8910 7.81611e-07
8912 5.45778e-06
8915 2.11333e-06
8916 0.00622402
8918 0.098506
8922 0.00658775
8924 0.000153905
8925 0.99969
8928 0.175774
8934 5.91444e-16
8935 1.41901e-05
8937 3.21305e-06
8938 0.00236045
8941 0.0548125
8945 0.00850983
8946 0.0772412
8947 0.00163142
8949 0.0676257
8950 8.830049999999999e-13
8952 6.29178e-05
8954 0.00451159
8956 5.11196e-14
8957 0.318184
8959 7.04154e-05
8963 0.014011000000000001
8964 0.000386569
8972 2.79085e-05
8974 0.00977818
8977 0.00719831
8981 1.23133e-09
8984 1.55043e-06
8986 9.87636e-07
8990 0.022908
8991 0.0134298
8992 0.0009761539999999999
8993 0.025941000000000002
8994 0.00155494
8996 0.00146869
8998 0.000411764
9001 6.73943e-05
9003 0.017691400000000003
9008 6.765039999999998e-10
9009 0.00820948
9010 0.000311026
9011 0.0097664
9012 0.968301
9013 0.00366959
9014 7.654850000000001e-05
9017 0.027485900000000004
9021 2.2958799999999998e-06
9023 4.94997e-09
9025 0.0009440210000000001
9026 0.00163236
9028 1.13783e-07
9030 7.631189999999999e-07
9031 7.65192e-06
9033 1.10271e-05
9038 1.9190200000000003e-06
9040 0.005039899999999999
9041 4.921210000000001e-09
9043 0.115899
9044 3.8701500000000004e-08
9046 3.26353e-05
9047 9.17347e-08
9050 4.2593500000000004e-08
9052 1.28855e-06
9054 0.00362208
9055 0.05580319999999999
9056 0.00043464400000000004
9057 2.1525e-05
9061 0.000251563
9062 2.15524e-06
9065 4.3194099999999995e-06
9067 0.000435322
9069 2.83137e-08
9070 0.0349677
9071 2.88242e-09
9074 2.192e-06
9075 0.09566749999999999
9076 2.02631e-05
9077 0.0183142
9081 7.60333e-05
9082 1.74251e-05
9083 5.10234e-07
9084 4.7476e-06
9088 0.00147818
9090 0.000549321
9092 3.78166e-07
9093 8.136519999999999e-06
9095 0.00723583
9096 3.32619e-07
9097 0.309981
9101 0.00022329
9102 0.010697100000000001
9103 0.000884123
9104 0.0007136410000000001
9107 0.0024910999999999996
9109 0.0462879
9110 0.000391079
9111 5.25864e-09
9115 0.0298825
9118 0.00369467
9119 3.42705e-07
9120 0.000114188
9122 1.4129600000000001e-05
9124 0.0021545
9125 0.000491009
9127 0.0617304
9130 7.22876e-05
9132 0.006518
9134 5.7543699999999994e-09
9135 8.314939999999998e-06
9137 2.05852e-06
9139 4.15578e-06
9140 0.391519
9142 2.2543600000000002e-05
9143 0.121205
9145 8.86453e-12
9146 6.03757e-07
9149 0.000420545
9152 2.83721e-05
9154 0.00401324
9156 5.85386e-09
9158 8.24057e-11
9164 0.103165
9165 0.0549105
9167 1.9386299999999997e-15
9169 2.0849500000000003e-06
9170 5.12347e-05
9171 0.121565
9172 8.716799999999999e-05
9176 0.00120532
9182 3.29506e-08
9183 1.5505699999999998e-07
9188 5.0648400000000005e-09
9190 5.71784e-06
9198 5.017919999999999e-08
9199 0.00102822
9201 0.0774492
9203 4.028780000000001e-06
9204 0.0678455
9206 1.81252e-05
9207 0.335173
9210 2.44077e-05
9211 6.81658e-14
9216 0.00216179
9217 0.0711187
9219 0.0226359
9220 0.00033671300000000004
9222 0.00156212
9223 4.66875e-05
9225 0.0015757999999999998
9226 0.0491657
9228 0.058510900000000005
9229 1.01059e-06
9231 7.82313e-05
9232 0.00560861
9233 0.00414144
9234 0.00022249099999999998
9235 0.0042655
9237 6.68339e-08
9240 4.00287e-07
9241 0.000268275
9243 8.82365e-10
9248 0.040706900000000004
9253 0.0911873
9256 3.25403e-07
9257 0.964441
9258 1.51285e-06
9260 7.17462e-07
9261 0.00034146400000000004
9262 8.411049999999999e-08
9263 0.00198494
9264 7.10183e-06
9265 1.43741e-05
9266 0.00508249
9267 1.6110499999999998e-06
9274 0.177713
9275 0.00152277
9276 0.00637775
9277 2.0977399999999998e-08
9280 0.00043858199999999997
9284 0.00202845
9292 0.00018883599999999998
9293 0.000351101
9294 0.08085439999999999
9297 0.10101900000000001
9298 1.08834e-06
9300 9.57361e-05
9301 0.00020067299999999998
9302 7.29542e-09
9304 2.8701799999999997e-05
9305 3.87634e-06
9310 0.000611769
9311 0.0139628
9313 0.00173601
9314 0.030374099999999998
9317 2.3493099999999997e-07
9319 0.10366099999999999
9320 0.0104345
9321 1.05225e-07
9322 7.89013e-05
9328 0.0106765
9329 1.2161400000000002e-05
9332 0.000179035
9335 4.51852e-05
9338 3.3468500000000003e-09
9340 4.1285e-06
9341 3.90642e-06
9344 0.00166202
9345 0.027696699999999998
9346 0.000456252
9352 0.01468
9353 0.0116486
9355 0.000159034
9356 0.00021695299999999998
9357 0.0083538
9360 7.527360000000001e-08
9361 1.5197300000000001e-05
9363 0.00607175
9364 0.016961599999999997
9366 0.999993
9367 0.00442869
9369 0.000170123
9370 5.58622e-08
9372 7.98705e-06
9376 9.13882e-09
9379 0.12979300000000002
9380 0.00028681700000000003
9381 4.78478e-09
9383 9.38377e-05
9384 0.000543368
9385 0.440166
9387 1.84883e-05
9390 3.26008e-12
9391 0.0129453
9395 8.79083e-09
9396 6.38165e-05
9397 0.000443834
9399 1.5113e-07
9400 0.00420166
9402 0.00324253
9403 0.00603383
9404 0.0844765
9415 0.0160801
9416 1.3229799999999998e-07
9423 3.4032600000000003e-05
9425 0.06124500000000001
9426 1.83252e-05
9427 0.00580623
9428 0.020458599999999997
9430 3.3152199999999996e-08
9431 0.147764
9435 0.00741956
9436 0.00033723300000000004
9441 0.00310207
9442 2.36053e-06
9444 0.000978623
9447 5.946800000000001e-07
9449 0.00380853
9450 5.4040200000000005e-05
9451 1.84254e-07
9452 0.125772
9453 6.24266e-05
9462 1.40276e-07
9467 0.0124361
9471 0.0247578
9473 0.032938
9474 0.030995299999999996
9475 1.31292e-08
9478 0.07924760000000002
9482 0.030811200000000004
9483 1.7979399999999998e-07
9485 0.0519376
9486 0.0104451
9487 0.0314164
9489 0.00195888
9492 2.18312e-06
9493 2.54992e-06
9495 4.07172e-05
9498 2.78357e-07
9501 1.91247e-08
9503 0.0137375
9505 0.000502713
9506 7.78479e-05
9509 0.000141453
9510 1.5544199999999999e-09
9511 0.00439835
9513 0.00296645
9514 0.00351652
9521 0.00266975
9522 0.00168713
9525 9.45167e-06
9529 0.0097522
9530 7.78977e-05
9534 1.42075e-07
9535 0.000336682
9536 5.55371e-11
9538 3.5861799999999996e-05
9539 8.31076e-05
9544 0.0343103
9547 0.106878
9548 3.8623300000000004e-08
9552 0.000142645
9553 3.61767e-06
9554 0.0207583
9555 4.1759300000000005e-05
9556 0.0160243
9559 6.16406e-05
9561 0.218811
9563 2.4055e-06
9564 0.00029751
9569 0.00521988
9570 0.00537864
9572 0.0122294
9574 0.027032099999999996
9575 0.00011238
9578 0.00181865
9581 6.313769999999999e-06
9582 0.0320486
9583 0.00986562
9589 0.029876099999999996
9590 2.28658e-05
9592 0.00221271
9593 2.12315e-06
9594 0.9346190000000001
9595 0.000620908
9599 0.00624293
9601 4.66117e-05
9602 1.5619600000000002e-05
9604 0.00127625
9606 0.00212288
9607 0.00117151
9608 1.8262599999999997e-06
9610 0.0991171
9612 0.0606877
9616 9.72067e-06
9622 0.125611
9624 0.00013805
9625 0.000183736
9626 0.057295500000000006
9628 0.0440754
9630 0.061764599999999996
9631 0.00618472
9632 0.00051303
9633 0.00657968
9635 0.000577657
9639 4.40409e-05
9640 3.65954e-06
9642 0.00060166
9643 1.21948e-05
9645 0.750449
9646 1.97564e-05
9648 0.0148075
9651 0.0508204
9652 4.4027200000000004e-13
9653 0.135946
9657 1.5709300000000002e-05
9660 0.09666219999999999
9661 9.08527e-05
9662 0.000587372
9663 0.00537437
9665 0.00240197
9669 0.000281017
9672 0.00786107
9673 2.00382e-07
9674 3.39536e-08
9675 9.61285e-08
9677 0.00361668
9680 1.8864699999999998e-07
9682 4.285529999999999e-09
9683 4.44346e-08
9688 1.12992e-06
9689 0.0203505
9690 0.012512100000000002
9694 7.34016e-05
9696 0.00224081
9697 0.214479
9701 2.1257599999999998e-06
9704 0.000996564
9705 0.000132037
9708 0.0329019
9714 0.00120015
9715 0.0591066
9716 4.6676499999999996e-14
9720 5.75019e-08
9722 0.00198987
9723 7.81832e-10
9725 0.00011792
9727 1.05723e-05
9728 8.86153e-06
9730 0.0007943189999999999
9731 9.831419999999999e-12
9736 0.015311400000000001
9739 0.0424124
9740 1.5248299999999998e-08
9741 0.0103071
9742 0.0163675
9744 0.00033569
9750 0.00948786
9751 9.84534e-07
9752 0.0071316
9753 0.012467
9757 3.21845e-08
9759 1.48497e-07
9760 4.04253e-06
9765 0.00112009
9766 0.0101226
9768 0.00267939
9769 0.00157956
9770 0.00351854
9771 3.4298699999999996e-06
9775 4.73843e-10
9777 4.15456e-06
9779 0.00134427
9782 0.014504399999999999
9783 0.0104131
9784 7.35198e-05
9786 0.00040973199999999995
9787 3.41858e-07
9788 0.000111418
9791 0.000131252
9793 5.66842e-07
9795 0.000689607
9798 0.0374056
9799 0.0006581219999999999
9802 0.00373181
9803 0.0007778619999999999
9804 6.02653e-07
9806 1.14306e-05
9811 1.22323e-05
9812 0.0834197
9814 0.000537974
9815 0.00943462
9817 4.55392e-06
9818 4.83267e-06
9820 0.000279352
9821 4.6457300000000006e-10
9824 1.70665e-05
9826 1.04236e-08
9827 5.55147e-10
9829 2.7854700000000003e-06
9835 1.7952500000000001e-07
9837 0.0544446
9838 7.577010000000001e-05
9840 0.26763400000000004
9843 0.00866831
9844 1.51111e-07
9846 0.00232252
9847 4.04435e-06
9849 4.9263e-06
9850 1.6883900000000004e-06
9853 0.0463049
9854 0.0053111
9856 0.00045681199999999996
9857 0.00880419
9861 0.00036136400000000003
9864 2.31855e-06
9866 5.03526e-05
9871 0.22589299999999998
9873 1.42303e-07
9875 0.0026311
9876 6.97269e-15
9883 1.13617e-06
9885 0.00530547
9888 0.01882
9889 0.000728628
9890 8.89415e-09
9891 0.00241684
9892 0.00376512
9893 1.90005e-06
9895 5.009069999999999e-08
9899 0.00040257300000000004
9901 0.00400433
9903 0.00239129
9906 0.000290902
9907 0.00520109
9909 1.64914e-07
9910 0.26048699999999997
9912 6.715170000000001e-07
9914 0.00768358
9915 0.0470044
9916 0.00268816
9919 7.81386e-07
9921 0.0005591190000000001
9922 2.3222600000000004e-05
9924 0.000468428
9925 1.2180199999999999e-09
9927 3.3879400000000005e-06
9928 0.000405077
9929 0.209749
9930 0.0132599
9931 0.00312905
9933 6.15148e-05
9934 0.00599928
9936 2.23669e-05
9937 0.0236805
9941 0.151789
9943 4.03954e-06
9948 1.5543900000000002e-05
9951 0.00289445
9952 0.000190339
9953 4.1300299999999995e-05
9956 1.50605e-05
9957 4.17938e-05
9960 5.33867e-06
9962 0.043090300000000005
9963 0.0120021
