1 7.6134199999999995e-06
2 0.000214755
3 0.000368669
4 0.135854
6 0.000168205
8 1.3848099999999999e-05
10 0.0006651469999999999
11 9.7257e-08
13 0.000309099
14 0.27307800000000004
15 6.712309999999999e-07
18 2.94187e-06
22 3.05795e-06
25 0.00021092799999999998
27 5.48811e-05
28 2.21232e-09
29 6.5292e-07
31 6.1924900000000006e-06
37 2.8203499999999997e-07
38 1.3835999999999999e-08
40 8.55821e-17
43 5.4048199999999995e-05
45 0.000104777
49 0.00244325
53 8.6632e-06
54 0.817335
55 0.24541
56 7.56891e-05
57 3.2358000000000005e-21
58 1.16119e-05
59 0.00734126
62 4.2108900000000006e-05
67 1.02126e-09
68 4.2879700000000005e-19
69 1.66527e-05
70 8.27005e-06
71 2.31497e-11
74 0.00012195299999999999
75 3.41539e-05
76 0.22783499999999998
79 3.56279e-07
80 0.00101047
82 2.24859e-10
84 9.0048e-08
85 3.97591e-05
86 0.00226034
87 0.20796599999999998
88 0.00159133
90 0.00010046899999999999
92 2.45764e-07
94 2.20005e-05
96 0.000464956
97 5.14431e-05
98 0.000319635
100 0.000980193
103 0.025100400000000002
105 9.51345e-06
106 6.30203e-18
108 5.9025e-05
111 0.0022657
114 7.26553e-06
115 4.41841e-07
116 2.85975e-06
119 5.030279999999999e-09
124 2.61811e-06
126 0.42524799999999996
127 0.000174172
128 0.229875
135 0.040804
136 0.00164748
137 0.052076
139 3.7237199999999995e-08
144 0.000142233
145 0.0898733
148 3.57333e-25
149 1.7732900000000002e-08
151 4.37963e-05
152 1.77547e-09
155 0.000712909
157 6.43803e-06
160 0.00145244
166 0.00021190000000000003
167 5.33888e-14
168 0.000261018
172 3.51447e-11
175 5.65427e-09
176 5.48209e-07
178 2.8445e-06
179 0.000524732
181 0.000136465
182 0.000300318
183 2.2132899999999998e-07
185 0.00025845400000000003
186 1.9351300000000002e-05
188 0.581314
191 0.00117378
195 8.27741e-06
196 3.14512e-06
197 4.91978e-05
199 9.65289e-16
201 4.76175e-07
202 0.000119089
204 1.84302e-05
205 9.91776e-05
206 0.08257389999999999
212 0.00012053799999999999
213 0.000606952
216 7.56126e-13
217 2.4726399999999998e-05
223 0.000912022
226 0.00671321
227 1.29518e-08
230 9.17937e-07
231 0.576637
234 1.1456400000000002e-09
237 0.00335234
238 0.028437599999999997
239 0.44168999999999997
240 1.07226e-07
243 3.2763299999999997e-14
247 0.000214277
248 0.0006540319999999999
252 3.89955e-05
253 1.70488e-06
254 0.182361
255 7.25534e-10
258 0.00263701
260 3.3403e-08
261 5.5975900000000006e-08
264 0.000437724
265 0.00334927
267 1.04688e-06
271 0.020543799999999997
272 7.48145e-05
273 0.022255
274 4.21407e-14
277 4.05402e-05
279 0.000359499
280 0.000410379
281 0.0455821
283 8.94841e-10
284 4.06282e-06
286 0.00172481
287 7.376519999999999e-06
290 0.00300436
291 0.00012056799999999999
292 2.3817e-06
293 1.65941e-08
295 0.0009043769999999999
297 4.5075e-05
299 0.0133791
300 0.00142992
301 0.00417363
309 1.63019e-13
310 0.00140835
313 0.000239736
314 1.07353e-06
315 4.8928900000000005e-05
316 1.22003e-06
319 9.037129999999999e-05
324 0.000324835
326 4.85571e-05
327 0.000609386
330 0.00486026
333 1.1442200000000001e-06
335 0.014924399999999999
339 0.000237395
341 0.000193848
342 0.00028197599999999997
345 0.000107598
346 1.3446199999999998e-05
348 7.246080000000001e-09
350 5.7353e-09
351 0.00272424
353 1.03759e-07
356 0.00123389
357 1.48312e-09
358 1.16772e-07
360 1.7791999999999998e-06
361 0.000183579
362 4.73965e-07
364 2.5873000000000003e-11
365 2.57639e-10
366 3.1287199999999997e-07
368 2.77638e-05
369 0.0006850010000000001
371 0.22913899999999998
375 0.00129938
376 0.0125582
377 0.00621351
378 6.05049e-07
383 9.19428e-16
384 2.7338000000000003e-07
385 3.92746e-08
386 0.0009906000000000001
388 7.18773e-06
389 0.000407319
390 1.53194e-07
392 0.00046043099999999997
393 3.4754e-05
397 5.4061800000000005e-05
398 0.213482
399 2.159e-06
401 6.439249999999999e-07
402 3.41e-05
405 0.000634915
409 7.00861e-07
410 0.0009668410000000001
412 3.7543600000000004e-05
413 0.000702947
414 4.46925e-07
415 6.800610000000001e-08
418 0.00125646
421 1.2679400000000001e-05
422 7.36708e-07
423 0.00102583
425 0.0122944
426 1.0185399999999999e-05
429 3.3474099999999998e-06
432 0.00199453
434 7.095409999999999e-05
436 9.268549999999999e-09
437 8.59245e-06
440 7.26117e-07
441 5.56318e-06
442 7.26213e-11
444 1.2316300000000001e-05
445 4.3699400000000005e-06
447 0.00151991
449 0.0007591639999999999
451 9.495409999999999e-07
452 1.15747e-05
453 1.1155900000000001e-07
455 0.00016643400000000003
456 0.22199499999999997
457 0.000886298
458 9.665360000000001e-05
465 9.309330000000001e-08
466 0.000142838
467 4.0590900000000004e-08
471 3.43101e-05
472 1.06499e-22
473 0.00205807
475 5.3932299999999996e-09
478 2.26234e-06
479 5.9493199999999995e-05
481 0.052176
485 0.0011945999999999999
487 4.45613e-07
488 3.9655e-09
490 0.000131164
493 0.000156075
495 0.000140701
497 9.054950000000001e-09
502 0.000190792
504 0.0961544
505 7.7993e-05
506 1.8318099999999998e-06
507 1.55189e-05
510 1.03904e-05
511 0.03396969999999999
512 0.8749020000000001
517 8.11809e-05
521 1.4783700000000001e-06
527 3.27553e-08
529 0.00585012
532 0.0007493210000000001
533 0.121947
534 0.000446993
536 0.9329149999999999
538 0.766406
539 0.00037070800000000003
542 3.74141e-08
546 1.05882e-06
547 0.00112532
548 7.095860000000001e-07
551 0.00914881
553 1.13642e-08
556 0.343808
557 1.2571500000000002e-05
558 0.0335472
560 0.0266194
561 7.69226e-15
562 1.18697e-07
566 5.24909e-05
567 5.16026e-08
568 4.36693e-09
569 1.45418e-15
570 1.40764e-07
571 7.999810000000001e-05
572 0.000107806
573 0.000422958
574 5.60619e-08
575 0.00017229299999999999
576 5.8909399999999995e-05
578 4.7769300000000004e-05
580 2.40059e-05
584 5.609790000000001e-07
585 3.67297e-10
586 0.0145024
587 1.3243699999999998e-05
593 3.253859999999999e-10
594 2.60538e-05
595 2.42069e-05
596 6.486090000000001e-05
600 0.000172942
602 0.017644299999999998
603 8.69505e-06
604 0.00026051599999999997
606 1.62407e-05
607 2.57217e-05
611 4.49374e-05
614 3.81755e-08
615 0.00314584
616 7.56733e-05
617 0.00016591299999999998
618 0.00164504
621 0.0008435280000000001
623 1.3568900000000001e-05
624 1.79625e-06
627 2.7514199999999996e-07
629 0.222575
630 8.595610000000001e-07
631 0.0255216
634 0.003083
636 0.658225
638 7.09879e-08
639 3.48173e-05
640 1.28882e-09
641 0.000122411
642 8.526e-05
643 0.000896212
644 3.92965e-07
646 2.58301e-07
649 9.83834e-05
650 0.000252825
651 1.11199e-05
652 6.18861e-06
655 2.82933e-07
658 0.000109651
659 2.5662599999999996e-06
662 4.57062e-08
664 2.65413e-05
665 3.2236699999999998e-15
666 0.00038761199999999996
668 7.43606e-09
669 0.002431
670 1.24805e-05
673 6.8509899999999994e-06
674 0.00622735
678 1.5098599999999999e-06
679 5.610019999999999e-06
681 3.13695e-07
683 3.18218e-05
687 4.121230000000001e-08
691 3.28667e-06
692 1.29245e-05
693 0.000355055
696 1.52982e-06
697 1.70388e-05
698 0.0512775
701 0.000111321
703 0.237315
704 0.00290166
706 1.31523e-07
708 0.00046737300000000004
715 1.80332e-08
716 0.000129311
718 5.51342e-05
719 0.121327
721 1.9725099999999996e-06
722 7.430619999999999e-08
723 0.00170469
724 5.947e-09
725 0.00143917
727 0.576488
732 0.175988
734 7.65192e-05
735 7.78704e-06
736 3.64664e-07
737 0.0946942
741 8.90066e-14
743 0.0531014
744 0.000132765
745 2.6892399999999997e-05
747 1.4888e-12
749 2.43872e-10
751 0.00708331
757 6.17089e-08
758 3.92407e-06
759 1.6508599999999997e-08
762 0.00063942
765 0.000279363
766 1.19231e-05
769 8.556040000000002e-05
773 8.52951e-08
775 0.00129972
778 0.00743751
779 4.8211e-10
781 4.8755e-06
783 0.00103608
784 0.00704386
785 1.0012999999999999e-05
788 2.8245699999999997e-07
789 9.34424e-11
790 0.00799966
792 0.00303769
795 0.00439725
798 1.24482e-10
801 4.85285e-09
803 2.3217199999999997e-07
807 0.00242302
809 1.7220500000000002e-08
811 2.8047100000000003e-09
813 9.53597e-07
817 0.000168979
819 4.0333499999999996e-05
821 3.3484600000000006e-10
824 5.36122e-05
825 5.1076499999999994e-08
833 0.866886
835 6.0625e-08
836 2.81965e-05
837 0.00042934699999999995
838 1.07756e-19
839 0.000166825
840 0.0005221669999999999
841 8.20016e-05
844 5.38735e-07
846 5.439099999999999e-06
852 7.36679e-07
853 2.97279e-09
856 0.00100426
858 0.11915
861 7.07702e-06
864 0.9360209999999999
866 0.000314816
869 0.00287879
870 0.000381265
873 0.000594573
875 0.010715
877 0.000531881
881 3.88893e-08
883 0.05705930000000001
884 1.05019e-08
886 3.49178e-05
890 0.000171121
891 8.398909999999999e-05
893 0.0682714
894 4.20457e-06
897 1.46918e-05
901 0.00650506
905 0.00178077
907 0.0108423
909 0.00111599
910 8.44434e-07
913 9.55164e-05
914 0.0113988
916 0.918869
922 0.0091539
924 0.19955
925 3.0447500000000003e-10
927 3.7360199999999996e-06
928 2.40754e-07
930 1.8565000000000002e-07
932 1.92261e-08
933 1.1685700000000001e-06
938 0.00028199599999999996
939 0.00188291
940 1.2208599999999999e-05
941 0.000281657
942 4.5790900000000003e-07
944 0.00736248
945 1.10206e-09
952 0.00036329
953 1.11514e-06
955 0.000807526
956 0.00129379
957 2.08817e-06
959 1.8708199999999998e-05
960 0.00342911
961 0.00362193
963 9.5013e-08
968 1.5232100000000002e-09
969 4.93401e-06
970 0.38314499999999996
974 9.55474e-06
975 1.4753599999999999e-05
976 0.014787100000000001
978 5.1686499999999994e-05
979 0.000615332
981 2.81268e-05
983 8.395629999999999e-05
984 0.140717
985 2.3420200000000002e-07
986 0.000305994
988 3.59204e-05
990 3.0969299999999995e-05
992 2.9720200000000002e-08
994 5.111680000000001e-08
995 0.000394133
998 1.2827299999999999e-10
1000 7.24822e-06
1003 6.75557e-09
1005 0.000130878
1006 2.68098e-05
1007 4.1323999999999996e-07
1013 1.38388e-05
1016 2.68346e-05
1019 4.864899999999999e-11
1020 0.00114104
1021 5.16026e-09
1022 3.02114e-07
1023 2.10334e-06
1025 0.000488745
1026 5.2307100000000004e-06
1029 7.91362e-06
1030 0.00110564
1031 3.4966900000000005e-06
1032 3.24167e-08
1033 2.13628e-06
1034 0.00106272
1035 3.47418e-06
1037 0.0005796390000000001
1038 0.000411203
1039 0.163589
1040 0.00010813600000000001
1044 0.000523139
1046 1.0632000000000001e-05
1047 4.580830000000001e-06
1048 0.000177314
1049 0.0529443
1051 2.60035e-18
1054 1.34783e-05
1055 0.000186141
1058 0.000326364
1059 0.000124056
1063 0.000123574
1065 0.000128276
1067 7.2372e-07
1070 8.33432e-09
1075 0.000654767
1076 0.00069769
1080 0.06839119999999999
1081 5.8693299999999996e-05
1085 1.47491e-11
1086 0.0053932
1087 0.00184361
1088 3.1046299999999994e-06
1089 1.3164600000000001e-05
1090 0.0005052359999999999
1094 0.00491401
1095 0.000454504
1096 2.62003e-10
1098 1.83887e-13
1099 0.00590278
1100 0.0240961
1103 6.41922e-05
1105 4.88586e-05
1108 8.84266e-05
1111 0.11288699999999999
1114 0.0006008830000000001
1115 2.3054e-05
1116 1.1648e-05
1117 0.000319313
1118 3.64786e-05
1120 0.00205391
1122 5.18969e-11
1123 3.89965e-05
1126 1.87473e-14
1128 8.67243e-05
1131 1.52946e-05
1132 0.00010866200000000001
1133 4.9950699999999994e-06
1134 2.40525e-06
1135 7.22696e-07
1138 1.18655e-06
1139 5.41229e-12
1141 0.0383376
1146 8.155470000000001e-05
1150 1.3375900000000001e-08
1153 2.4761999999999998e-05
1155 1.74187e-05
1157 5.79651e-07
1159 0.00601033
1162 0.00100888
1163 3.1807800000000004e-05
1165 0.0478077
1167 0.000157185
1169 8.08159e-05
1173 1.67395e-05
1177 4.65115e-05
1178 2.6150999999999997e-05
1179 3.5910200000000003e-07
1180 0.00211157
1181 7.337689999999999e-21
1183 7.4879899999999994e-06
1188 0.00429055
1189 4.4668900000000003e-10
1190 2.1459799999999997e-06
1193 0.00030747099999999997
1195 0.000292302
1196 8.62675e-11
1197 1.1473199999999999e-05
1198 2.1546400000000003e-10
1202 4.93258e-05
1208 0.00134083
1210 0.0097859
1213 0.00136883
1216 0.05932949999999999
1217 8.33945e-05
1218 0.929948
1219 0.07312060000000001
1220 5.0939e-06
1222 0.00783753
1223 4.79318e-11
1227 0.14572100000000002
1228 1.09932e-05
1232 0.000255421
1235 4.55098e-07
1238 2.53217e-10
1242 0.000162925
1243 9.939700000000001e-05
1244 3.8210900000000004e-05
1245 1.93863e-05
1246 0.00680402
1249 9.288610000000001e-05
1251 0.0037089
1252 2.49122e-07
1253 0.00171129
1255 0.00293967
1256 0.00341507
1257 7.0339699999999995e-06
1261 6.8752e-05
1262 1.67266e-24
1264 1.98368e-07
1267 0.00261936
1271 0.000148288
1275 2.7958599999999997e-08
1276 5.28154e-05
1278 0.000379505
1280 5.25901e-08
1282 9.15059e-06
1283 3.72254e-05
1285 4.43304e-06
1291 0.101658
1295 6.867740000000001e-07
1296 3.05122e-10
1297 2.6557e-06
1300 1.25447e-05
1301 6.1198e-07
1302 6.22911e-07
1303 5.03347e-06
1305 0.000275126
1306 1.22249e-09
1307 0.00012216200000000001
1308 3.4824000000000004e-05
1313 1.32199e-05
1317 4.57043e-05
1318 0.6365890000000001
1319 0.000281645
1320 6.41442e-06
1321 8.437709999999999e-05
1322 1.21326e-05
1328 0.00032335
1329 0.00174513
1331 1.0290199999999999e-10
1335 0.293837
1336 1.9975000000000002e-08
1338 2.12702e-06
1339 0.00041011300000000004
1340 0.00046509
1342 0.000246903
1344 3.46913e-07
1347 2.0244400000000002e-05
1349 0.00430457
1351 0.00020967700000000002
1353 1.3741299999999998e-08
1354 4.37201e-05
1355 0.00263686
1356 4.89213e-10
1357 2.54415e-06
1358 0.00021098099999999998
1359 0.00998561
1363 0.0139762
1366 5.04465e-05
1367 7.54874e-07
1368 0.00046371199999999997
1369 5.3621500000000004e-14
1370 5.00977e-07
1372 8.36801e-05
1373 4.88741e-09
1374 9.20072e-06
1376 0.0156441
1377 0.000129093
1379 6.2547e-08
1380 0.00017051400000000003
1381 1.3369899999999998e-10
1382 0.0293457
1389 0.043436300000000004
1391 0.000129383
1392 8.14435e-07
1394 4.32254e-08
1396 0.0144009
1398 9.827209999999999e-07
1399 0.00036760199999999997
1401 2.50025e-08
1403 3.70862e-07
1407 0.0339077
1410 3.76894e-05
1411 4.3245800000000005e-07
1412 9.17513e-06
1415 0.0103947
1416 5.87039e-07
1417 1.58585e-05
1419 2.6578899999999997e-05
1422 0.000427164
1423 0.00270844
1424 0.436108
1425 9.942809999999999e-05
1428 0.00177388
1429 0.000106731
1431 1.08076e-05
1433 4.26548e-06
1435 1.86567e-06
1437 3.2191900000000006e-06
1438 0.000229318
1440 2.39599e-16
1446 9.40656e-07
1447 5.291479999999999e-09
1448 0.00603385
1449 0.0043638999999999996
1452 0.00204234
1454 0.00365934
1456 0.0009573569999999999
1458 0.001086
1459 0.00125478
1461 0.0151149
1462 0.00243927
1469 0.00018031900000000002
1471 0.0018598
1473 7.051920000000001e-05
1474 1.70403e-07
1476 1.12857e-07
1477 4.55397e-09
1478 1.90997e-05
1482 0.00010395
1487 0.00296781
1489 2.08262e-06
1491 1.93372e-07
1495 0.019896900000000002
1496 9.59978e-11
1500 3.3267e-05
1502 6.77943e-07
1503 9.6155e-05
1505 7.49263e-05
1506 0.00192388
1507 2.66825e-05
1508 0.00188132
1511 1.2010700000000001e-14
1513 3.61693e-05
1516 5.3608800000000005e-12
1518 2.6683600000000003e-06
1519 0.000158386
1520 6.17262e-06
1525 6.03449e-07
1527 3.1027400000000002e-06
1530 2.32647e-06
1533 0.000140693
1534 0.0079512
1535 0.010032899999999999
1538 0.00374566
1540 0.000133872
1542 0.000857609
1546 2.91371e-07
1547 2.87173e-14
1549 7.73079e-07
1550 2.7762599999999997e-12
1551 1.6894000000000003e-07
1552 4.43608e-07
1558 4.24825e-05
1560 1.5782399999999999e-10
1562 2.16523e-06
1564 2.31386e-06
1566 0.000591693
1567 0.00024357
1568 1.02622e-05
1569 0.000359379
1570 9.07545e-07
1572 5.74869e-14
1573 4.64062e-09
1574 0.0111237
1575 0.39596
1578 7.644930000000001e-05
1581 6.11816e-05
1583 0.000293034
1584 0.000934752
1585 3.93768e-05
1587 0.00596247
1589 0.000486124
1591 1.42192e-07
1592 0.00018934599999999999
1596 0.0007704089999999999
1599 6.25095e-05
1600 0.00020983099999999998
1601 8.644690000000001e-09
1602 0.000209882
1605 0.040640300000000004
1606 2.26137e-07
1609 3.55329e-06
1613 7.51804e-05
1615 9.27902e-08
1616 0.407776
1619 4.40017e-08
1620 5.84411e-07
1621 9.60169e-10
1623 5.9031699999999996e-09
1624 2.47309e-05
1625 0.000897993
1626 0.9804649999999999
1629 4.16238e-05
1631 0.000146462
1634 8.3145e-05
1635 0.000652465
1637 9.43608e-05
1639 4.5068399999999996e-07
1641 6.82538e-05
1644 0.27119099999999996
1645 5.65766e-06
1646 0.000228087
1648 0.17260899999999998
1652 0.00155309
1655 3.7339300000000003e-06
1656 6.3136e-06
1657 1.93999e-05
1658 7.138719999999999e-08
1659 0.321346
1660 3.24702e-12
1663 9.223e-06
1664 0.000300969
1665 0.000208137
1666 0.00037738400000000003
1667 6.84248e-05
1668 0.00108597
1670 5.886050000000001e-10
1671 0.00634539
1672 1.4221e-05
1674 7.48589e-07
1679 1.19006e-05
1681 2.4596900000000003e-08
1687 3.0626e-07
1692 1.34277e-05
1694 5.9885e-11
1695 0.603154
1696 1.7056e-05
1697 0.00381581
1698 0.00350917
1700 0.00306617
1701 0.00144167
1702 3.64723e-09
1703 0.000447061
1704 5.15544e-06
1705 0.00583947
1706 7.15029e-05
1709 1.9019499999999998e-06
1710 3.97943e-05
1712 9.25735e-05
1715 0.00833941
1716 0.00787804
1719 9.07892e-08
1720 0.00033325
1722 0.009151799999999998
1728 0.00011972899999999999
1731 0.00021538599999999997
1735 6.68294e-05
1736 0.6937979999999999
1737 2.09938e-10
1740 7.35508e-05
1742 2.2866099999999999e-07
1743 4.0102800000000005e-05
1744 1.03767e-06
1745 0.010523000000000001
1748 4.4345599999999997e-07
1751 3.20465e-05
1753 0.115722
1757 0.00128488
1760 0.00043369199999999995
1762 1.5149299999999999e-06
1763 5.2703199999999994e-05
1764 2.1775500000000002e-05
1767 4.65187e-05
1769 0.00041155900000000004
1770 0.0691015
1773 0.0414544
1774 9.37943e-05
1776 0.00525906
1779 0.000197148
1781 0.00143891
1783 0.00022769900000000002
1786 0.14440799999999998
1788 2.57223e-06
1790 3.45944e-09
1791 4.9367099999999995e-06
1792 0.00358361
1794 3.38957e-07
1796 0.00016869700000000001
1798 4.1113199999999997e-10
1802 0.00222788
1803 0.00234601
1804 3.39657e-08
1805 6.95428e-05
1808 0.00806687
1811 1.75392e-05
1812 1.3946500000000001e-05
1813 0.000133074
1814 0.00280906
1815 0.00160027
1817 0.0594865
1819 5.763390000000001e-06
1820 9.975050000000001e-07
1822 7.502999999999999e-06
1823 0.000172326
1824 2.11172e-05
1826 0.0006874
1829 1.0642799999999999e-05
1831 1.7588e-07
1835 4.24606e-07
1838 2.97658e-14
1839 4.18611e-05
1844 0.97959
1846 0.00128975
1848 9.78647e-13
1850 0.00223885
1851 0.000790076
1852 9.49029e-06
1856 4.65278e-05
1857 0.00437057
1859 1.38254e-07
1863 2.07216e-06
1865 1.4850999999999999e-05
1866 0.000624524
1867 8.6549e-06
1868 1.89822e-05
1869 5.4179300000000005e-05
1871 2.26654e-07
1873 1.8866599999999998e-07
1874 2.6882000000000002e-08
1876 9.3641e-07
1879 0.000534924
1880 8.37171e-06
1883 2.29835e-07
1884 0.030073900000000004
1885 0.03446130000000001
1886 0.0005107859999999999
1889 5.4172199999999995e-08
1890 5.411619999999999e-06
1891 4.22112e-08
1893 0.00231684
1895 0.000743658
1897 0.900539
1900 9.006610000000001e-05
1905 4.36129e-05
1908 1.1749399999999999e-07
1909 1.49778e-08
1910 0.00011261299999999999
1912 9.249810000000001e-19
1913 0.022056
1914 1.42179e-06
1916 4.37336e-08
1917 0.000558682
1919 2.76717e-05
1921 0.0009324460000000001
1923 1.19316e-08
1924 2.07311e-06
1925 3.16116e-08
1926 0.000317891
1929 1.93399e-16
1935 0.306161
1939 6.81986e-05
1942 0.000103203
1943 0.000194661
1946 5.6166000000000004e-05
1947 0.000125753
1949 1.8542899999999999e-07
1951 0.000897398
1953 0.81931
1955 0.00309374
1956 0.0006636960000000001
1957 0.000596845
1959 3.0197599999999994e-20
1961 2.61863e-05
1965 0.000720568
1966 0.00018800599999999998
1967 6.30134e-16
1968 0.0096637
1969 0.000293442
1973 4.02153e-05
1974 0.00926798
1975 1.52394e-05
1979 0.12687
1983 0.95401
1984 1.7071e-05
1986 0.00162675
1987 1.1789400000000001e-07
1988 2.33434e-06
1990 7.6181899999999995e-06
1991 1.14961e-12
1992 4.62894e-07
1993 0.000190654
1994 1.37995e-09
1996 8.686709999999999e-09
1997 8.273380000000001e-26
1998 4.18653e-07
2003 8.05281e-09
2005 5.54296e-05
2007 3.58856e-12
2008 3.29785e-08
2009 0.000864168
2010 1.74258e-07
2013 0.000937852
2014 2.67094e-07
2016 0.000616044
2017 1.72426e-05
2018 5.8803100000000006e-05
2026 1.01746e-05
2028 0.000387045
2029 1.67233e-05
2031 1.03151e-05
2032 0.0854941
2033 3.9863e-08
2035 8.88063e-07
2038 0.400888
2040 2.63985e-08
2041 0.00082412
2044 9.011469999999999e-14
2046 0.00039939800000000003
2048 6.79968e-08
2050 4.67022e-05
2052 7.292389999999999e-06
2053 0.00109413
2057 0.000368659
2059 3.3670400000000005e-08
2060 0.0007406860000000001
2062 0.00162649
2065 0.000250944
2066 0.00418975
2071 0.000314373
2072 0.000146791
2073 0.00517974
2074 0.041803
2075 0.0171989
2076 0.00027283099999999996
2077 2.69711e-05
2078 1.20899e-08
2079 0.00298672
2080 0.00287425
2081 2.5637599999999997e-07
2084 2.3137899999999997e-07
2085 0.00298665
2087 0.00033429699999999995
2089 2.85186e-14
2092 0.019637799999999997
2093 5.41644e-08
2097 0.000172535
2100 0.0166625
2103 1.6446799999999997e-14
2105 5.820300000000001e-09
2106 9.37058e-09
2107 0.012388
2110 0.000569815
2111 3.7048800000000003e-05
2113 3.5332400000000003e-08
2115 6.67784e-05
2118 1.09495e-05
2119 0.00030733299999999997
2121 7.89729e-05
2122 0.00254446
2123 3.05768e-06
2127 1.19583e-06
2128 3.4802100000000003e-05
2130 0.000269933
2131 3.0448e-06
2133 7.15281e-06
2137 7.241310000000001e-08
2138 5.315169999999999e-06
2141 0.00018089400000000002
2143 9.936850000000001e-13
2144 0.00106904
2147 2.30711e-07
2148 1.5993600000000002e-08
2149 0.000123951
2150 0.0008612730000000001
2154 8.69858e-08
2157 6.04991e-08
2159 0.0008316189999999999
2160 2.8966999999999997e-07
2161 2.88283e-05
2162 2.1535799999999998e-05
2164 9.967669999999999e-06
2167 3.95758e-05
2168 3.22999e-07
2173 7.829899999999999e-05
2175 3.70697e-07
2177 0.159776
2185 1.49482e-06
2188 2.47872e-05
2189 7.526640000000001e-05
2195 9.99776e-05
2198 0.00277406
2200 8.27722e-05
2203 0.00018823
2204 3.37403e-05
2205 3.57914e-07
2206 4.4178400000000004e-05
2207 9.6137e-08
2210 0.284659
2211 0.0772224
2216 0.591102
2217 9.744460000000001e-12
2222 0.000275413
2223 0.155428
2225 0.049900099999999996
2227 1.3976200000000001e-08
2229 0.8849530000000001
2230 0.000693424
2231 0.000367969
2232 0.00380707
2235 0.00376702
2236 0.000943168
2239 0.000217606
2240 0.000137915
2242 0.00867165
2243 0.0030092
2245 0.781937
2246 0.000177668
2250 0.00116221
2252 2.68992e-05
2254 8.98225e-05
2258 6.551819999999999e-07
2262 4.24379e-05
2264 0.00262667
2269 0.00067015
2271 9.1353e-09
2274 2.2562400000000004e-06
2275 3.67715e-10
2282 6.595880000000001e-06
2283 0.00010716899999999999
2286 4.63595e-06
2289 0.16758199999999998
2292 2.76826e-05
2294 5.50727e-08
2295 0.000190477
2296 0.00196909
2297 0.0162134
2298 0.000202324
2299 0.00010005200000000001
2301 1.83722e-06
2303 1.33207e-05
2304 5.20324e-07
2309 6.16864e-20
2312 1.71427e-05
2313 1.4058e-05
2314 0.000421725
2316 4.99698e-06
2317 0.0213349
2319 2.9230700000000003e-09
2322 0.00124193
2325 0.0007106310000000001
2326 3.813e-09
2327 9.493209999999998e-09
2331 0.000137346
2336 2.71653e-13
2338 1.42451e-08
2339 1.63027e-05
2341 1.16416e-06
2344 0.000162511
2346 7.085160000000001e-06
2349 0.031094599999999997
2351 1.51132e-05
2353 1.59434e-05
2356 1.4588599999999999e-06
2357 0.24687800000000001
2358 0.280444
2360 8.959539999999999e-06
2363 0.000247522
2365 1.88476e-05
2370 0.796395
2379 1.73819e-08
2380 1.49386e-06
2381 0.000701748
2383 0.76354
2386 6.64982e-05
2388 0.00043627900000000003
2389 1.02796e-08
2390 0.029756099999999997
2394 0.00796546
2395 0.00261824
2396 1.0266199999999998e-05
2397 1.15336e-06
2398 0.00017915900000000002
2399 3.4686300000000005e-06
2400 9.73131e-12
2402 2.28458e-08
2406 8.60082e-05
2408 1.62938e-05
2409 2.62354e-06
2412 2.31316e-06
2414 0.0032735999999999998
2416 5.47498e-07
2418 0.153148
2421 1.8742300000000002e-05
2422 2.3998200000000002e-08
2424 0.0796551
2426 6.840700000000001e-10
2428 0.000163875
2429 0.000159853
2430 2.31155e-06
2431 5.8251099999999995e-05
2432 7.35983e-05
2434 0.00633972
2438 0.00011789700000000001
2440 1.36622e-11
2446 3.56454e-06
2447 0.000491572
2449 0.006148699999999999
2451 0.00833327
2453 2.2631400000000002e-06
2455 3.53084e-05
2457 0.297836
2463 9.11588e-06
2464 2.35756e-06
2467 8.52786e-12
2469 0.000569728
2473 5.3564999999999995e-06
2474 1.9462099999999998e-08
2475 6.1493e-06
2482 0.00641453
2484 0.0216988
2485 5.22324e-05
2486 6.39526e-11
2487 0.00237343
2488 2.0703600000000003e-09
2489 0.00111424
2495 0.000569202
2498 0.000236778
2499 0.000434155
2503 0.000383255
2506 1.6617e-08
2507 5.552380000000001e-06
2509 5.8907200000000004e-05
2510 5.6941100000000006e-08
2511 0.00836369
2515 0.12384500000000001
2516 3.2487199999999996e-05
2517 2.6230999999999998e-09
2521 3.6847900000000004e-06
2522 1.9348e-05
2526 2.4484200000000002e-05
2527 5.7092000000000004e-11
2528 0.000122322
2530 0.937117
2531 5.39097e-13
2532 0.000579349
2535 4.0540100000000004e-07
2536 6.749720000000001e-07
2538 0.000125245
2541 1.8752599999999998e-06
2543 0.412521
2548 0.10978099999999999
2550 0.000128812
2551 0.000160228
2552 0.00486447
2553 0.00045827
2556 0.000210972
2557 1.30934e-09
2560 0.000345321
2562 6.61522e-05
2568 5.75073e-07
2570 0.000254032
2573 0.00041609599999999997
2574 1.61565e-05
2575 3.8951999999999996e-05
2576 0.000333982
2577 1.26287e-13
2580 0.257173
2581 1.5181e-05
2582 0.0116598
2583 0.000421629
2587 0.00019574900000000003
2588 2.9301099999999995e-06
2591 4.70829e-05
2592 1.66299e-09
2596 9.80951e-06
2597 5.316990000000001e-06
2601 7.308510000000001e-08
2602 2.87996e-05
2604 1.26042e-05
2607 1.37616e-05
2608 0.000204881
2610 0.0291129
2612 1.61372e-07
2614 0.00236642
2616 9.15684e-06
2617 3.6574199999999996e-06
2619 6.252370000000001e-09
2620 1.5879300000000002e-05
2622 0.19046300000000002
2623 6.0026e-06
2624 0.00204949
2626 2.04939e-05
2628 3.88213e-05
2629 1.94696e-05
2630 4.67752e-13
2631 0.00113819
2638 8.59075e-08
2639 0.00132252
2640 1.63068e-07
2642 6.04388e-05
2644 0.000167144
2650 7.81923e-07
2651 0.00037624699999999996
2652 0.000378623
2654 0.000103291
2655 0.0004973530000000001
2656 8.2121e-06
2660 0.000382875
2661 1.2613600000000001e-14
2663 0.00029974099999999996
2665 0.11335999999999999
2671 3.16574e-05
2672 9.58493e-06
2673 1.9215200000000003e-06
2674 3.24229e-08
2676 0.00810773
2679 0.521486
2681 1.21565e-06
2685 2.5325500000000003e-05
2686 2.02206e-05
2687 0.00134138
2688 0.00291115
2692 0.00128604
2694 1.32401e-07
2698 7.040769999999999e-08
2700 0.00286041
2701 0.0183515
2703 0.059657299999999996
2705 0.00031155
2707 0.000126684
2708 0.000157838
2711 0.0564294
2712 0.00026423099999999997
2716 0.649965
2719 0.000179653
2720 0.00011341299999999999
2724 1.6578600000000003e-07
2725 7.735789999999999e-06
2726 0.000766709
2728 0.00274537
2729 5.0539e-10
2731 2.19925e-06
2733 2.9080500000000004e-13
2736 7.99981e-08
2739 1.32201e-05
2740 3.55195e-07
2742 0.772829
2743 0.0005717890000000001
2746 0.0005026869999999999
2748 0.019428099999999997
2750 0.00767658
2752 0.00012019
2753 8.82547e-06
2754 0.00012549299999999999
2756 0.000337875
2758 0.203748
2761 0.0007629860000000001
2764 1.2117100000000002e-10
2768 0.00072361
2769 0.00215718
2770 0.00037639300000000004
2771 5.57495e-06
2773 0.00702712
2777 3.5578800000000004e-07
2780 7.61086e-05
2781 0.000684962
2787 6.59879e-05
2788 0.00184805
2789 2.68579e-05
2790 0.00174841
2792 1.96845e-06
2793 0.6330210000000001
2797 0.00031413
2799 2.41504e-06
2802 2.42069e-05
2805 1.90562e-05
2806 2.99879e-08
2808 7.2819000000000005e-06
2809 0.000207235
2811 0.0131694
2813 0.00047007099999999997
2814 5.885569999999999e-07
2818 0.000836735
2819 0.00010386700000000001
2821 0.00179811
2822 2.3615599999999997e-06
2823 3.15363e-05
2824 0.00337608
2825 2.52012e-17
2828 0.000115085
2829 0.000214727
2830 5.32652e-09
2831 2.3773800000000003e-10
2832 0.026028100000000002
2837 0.0232146
2839 1.0467799999999999e-08
2840 0.000495684
2843 2.47497e-06
2846 0.018171400000000004
2849 0.000190865
2850 4.51803e-05
2851 1.4916900000000001e-05
2852 0.000421359
2853 3.12086e-05
2856 1.9517499999999997e-07
2857 7.580209999999999e-07
2860 6.0588500000000004e-05
2861 2.94151e-08
2862 1.22131e-05
2863 0.007176600000000001
2865 0.137417
2871 0.904691
2872 0.00201571
2874 1.14332e-06
2876 5.38235e-06
2877 3.19732e-05
2878 1.5539600000000002e-06
2882 4.97133e-05
2883 0.00180765
2885 0.00047647099999999996
2887 0.000131004
2888 1.93513e-06
2890 0.000193119
2892 1.57808e-08
2894 0.0232565
2895 0.0717995
2897 0.202058
2898 0.08332289999999999
2900 2.06543e-05
2902 8.26365e-05
2903 2.8747800000000003e-05
2904 3.63195e-06
2905 2.03009e-05
2907 0.000244448
2908 3.40373e-11
2909 3.60356e-06
2911 0.00112701
2918 0.000165789
2920 0.0635595
2921 0.000413044
2922 9.14921e-07
2923 3.1105599999999997e-06
2925 0.00187289
2926 0.012759600000000001
2927 7.702199999999999e-07
2928 0.00016919
2929 0.022207400000000002
2930 1.91473e-07
2936 1.20084e-09
2945 0.000294183
2948 1.82482e-05
2949 6.90102e-08
2950 0.000507062
2951 6.93004e-05
2955 0.691566
2959 3.91174e-05
2961 2.62716e-08
2964 0.00044982
2968 6.40767e-13
2970 3.07509e-10
2971 0.000308713
2972 3.25402e-05
2973 1.57476e-07
2974 0.009087799999999998
2979 0.00888321
2980 3.30506e-07
2981 0.00040538099999999996
2982 0.00175702
2983 9.67791e-05
2985 0.000143598
2991 4.09911e-06
2993 0.187425
2996 2.2754e-07
2997 2.39608e-05
2998 8.12883e-14
2999 4.55647e-10
3001 0.10681500000000001
3006 0.293137
3010 0.00164508
3012 0.013563200000000001
3014 0.274046
3016 0.685009
3018 0.000256004
3019 2.8830100000000004e-05
3020 0.0035946999999999997
3022 0.000117105
3025 1.2633299999999998e-08
3026 0.00870764
3029 9.33724e-05
3030 0.0015385
3033 1.3311600000000002e-08
3035 1.8016400000000003e-05
3036 0.00227693
3037 0.00881208
3040 7.0278199999999996e-06
3041 2.4234000000000002e-05
3043 0.000100791
3046 9.20395e-11
3048 1.9632e-05
3049 0.000169914
3050 2.8715399999999997e-10
3052 1.4903599999999999e-05
3055 0.00345305
3059 0.00018166400000000003
3060 3.07406e-11
3062 1.8623100000000002e-07
3067 2.9677399999999998e-05
3068 9.304799999999999e-07
3069 1.34545e-06
3070 6.17846e-05
3071 1.91676e-05
3073 0.0012031
3075 0.0004892680000000001
3076 0.000139259
3079 0.010902
3080 5.631470000000001e-09
3081 8.956510000000001e-05
3084 0.000319062
3087 1.49902e-08
3091 0.000305855
3095 0.00308667
3096 0.0287302
3097 7.88926e-05
3099 3.82708e-05
3101 0.8375469999999999
3104 0.000680999
3109 1.2043399999999999e-05
3111 1.57319e-06
3113 1.35839e-07
3114 0.014400799999999998
3115 4.3730400000000006e-06
3119 8.714660000000001e-10
3123 0.00556444
3125 7.57896e-11
3128 0.09614930000000001
3130 6.41572e-09
3131 0.0187232
3132 0.00015427
3136 6.781519999999999e-06
3139 0.00025376099999999997
3141 3.6622199999999996e-05
3143 1.21098e-07
3144 6.43502e-05
3148 0.000670739
3151 2.0579600000000002e-05
3152 0.013804399999999998
3153 0.00032481599999999996
3156 2.8476299999999996e-06
3158 5.9760500000000005e-05
3160 1.16046e-05
3166 2.52002e-06
3167 0.000188238
3168 0.00020113099999999998
3171 2.24138e-06
3172 0.00295772
3173 0.00216191
3174 4.93376e-06
3179 0.00150022
3180 1.53076e-06
3182 0.00074555
3187 0.0008388569999999999
3190 1.13324e-10
3191 2.86468e-06
3192 2.69721e-05
3193 3.23772e-05
3196 4.47572e-07
3197 1.8608700000000003e-06
3198 3.99615e-05
3201 0.000140898
3203 1.3518000000000001e-06
3206 1.21179e-06
3208 0.0014198000000000001
3209 9.637540000000001e-05
3212 0.00243793
3215 0.00357265
3217 7.4081e-07
3220 0.43981499999999996
3221 0.0131714
3222 0.00022888299999999998
3224 6.20541e-06
3225 0.000197176
3226 0.00193175
3227 3.15782e-08
3230 1.57842e-05
3232 9.158639999999999e-05
3234 0.010895100000000001
3235 0.000126401
3237 0.000476914
3238 2.4115799999999996e-09
3241 0.000269925
3245 0.0029901999999999997
3246 1.33778e-06
3248 4.6499299999999996e-07
3249 3.0876e-09
3251 1.50462e-13
3252 1.7570599999999998e-06
3257 9.13831e-09
3263 0.000382138
3264 2.71837e-05
3265 0.892128
3266 2.58394e-06
3267 1.97821e-13
3268 5.63276e-09
3275 0.00467445
3276 7.239380000000001e-08
3277 4.18029e-07
3278 3.11106e-06
3281 0.00031503
3283 2.92436e-07
3286 3.3088300000000004e-06
3287 1.64161e-07
3288 0.038944599999999996
3289 0.0983029
3291 5.28847e-06
3295 6.02061e-06
3297 9.816469999999999e-07
3298 7.16829e-06
3302 0.794604
3304 1.5175799999999997e-06
3305 0.000144596
3306 2.21907e-12
3309 7.25429e-09
3310 1.47011e-10
3312 9.76691e-07
3314 3.67844e-05
3315 7.83858e-10
3317 0.00021109
3318 5.77574e-08
3319 0.000221637
3321 0.523213
3322 0.000159557
3323 2.03807e-06
3324 2.7188400000000002e-05
3326 4.3357e-10
3328 2.23513e-06
3329 4.7517799999999994e-05
3332 1.95863e-07
3333 1.72057e-05
3334 0.00566279
3340 0.000207307
3341 6.5444500000000005e-06
3342 0.000775266
3345 0.000117808
3346 1.0801500000000002e-05
3347 0.00011905299999999999
3348 0.00721299
3352 4.90901e-06
3353 2.9052e-09
3357 3.3117199999999995e-12
3358 0.591789
3361 0.038063
3364 1.70904e-08
3366 4.01994e-05
3368 4.10104e-05
3371 4.37054e-06
3372 3.89013e-09
3375 1.60696e-08
3378 6.14852e-05
3381 2.27534e-09
3383 0.00125137
3384 0.0006724519999999999
3385 8.77824e-05
3387 2.73487e-12
3388 9.505379999999999e-07
3389 0.00048114699999999997
3393 1.1780699999999999e-05
3394 2.09485e-06
3399 0.0705091
3400 2.1932900000000003e-08
3402 2.63123e-08
3405 3.5732300000000004e-10
3409 0.000247643
3411 5.5782700000000004e-05
3414 1.10476e-05
3418 0.00111593
3423 8.576629999999999e-05
3426 0.0031598000000000004
3427 6.594879999999999e-08
3428 0.034807599999999994
3431 0.0011512
3432 0.00494523
3434 0.000658182
3437 0.000128653
3438 5.92461e-06
3440 2.19786e-07
3442 0.00012103299999999999
3445 1.6010500000000002e-07
3446 7.93373e-05
3447 2.1442399999999996e-05
3448 1.69744e-12
3454 0.000258945
3456 7.98144e-09
3457 0.000191728
3459 5.09016e-05
3460 3.0974400000000005e-06
3463 0.00139303
3467 2.29601e-16
3471 6.18617e-06
3472 0.00066662
3473 0.00244532
3474 2.4942000000000003e-08
3475 0.058426599999999995
3476 0.0301153
3478 0.000555846
3479 2.24431e-07
3480 1.40203e-05
3481 0.00123069
3482 2.7802e-05
3483 0.00122404
3485 0.00261738
3486 0.012845400000000002
3488 0.00339308
3490 0.000255843
3494 2.98707e-08
3495 0.0163306
3498 0.00440714
3501 2.00648e-06
3502 1.24082e-08
3503 0.151753
3504 1.22206e-05
3505 1.30087e-08
3507 1.9843099999999999e-07
3512 1.6910499999999998e-08
3513 0.0323176
3514 1.11808e-11
3515 0.000101326
3517 0.0529155
3520 0.0009304119999999999
3523 0.124393
3526 0.00570314
3527 0.00011632399999999999
3531 6.4146e-06
3532 0.00016953400000000002
3533 0.00223432
3534 3.33525e-09
3535 6.042e-09
3538 2.5949e-06
3540 3.1374699999999996e-05
3541 5.83688e-06
3542 7.82158e-05
3543 0.000515864
3544 0.00415757
3545 2.0608699999999998e-07
3547 0.019515
3552 1.1099600000000001e-07
3553 0.00019211
3557 0.000714021
3558 0.000311976
3559 0.000615482
3560 1.40066e-10
3561 0.00101129
3562 0.000180543
3563 0.00209982
3568 5.6620400000000004e-06
3569 0.0162658
3570 1.64752e-05
3571 0.00666651
3572 6.57321e-17
3573 0.00022028599999999998
3574 4.45055e-14
3578 5.08615e-06
3579 0.000198283
3581 0.00012960899999999999
3582 0.000150589
3583 0.000119726
3584 5.50832e-06
3590 1.24744e-05
3591 8.42111e-06
3592 3.42649e-05
3595 0.00048506
3598 0.000174207
3600 2.4810500000000002e-05
3601 2.51946e-10
3602 2.3893499999999997e-05
3607 1.47211e-08
3610 4.948e-07
3612 0.000906659
3613 0.0135202
3615 2.9194500000000004e-07
3616 1.8166e-06
3617 0.000809559
3619 0.00727523
3624 5.127e-05
3626 2.4174099999999998e-06
3630 2.8549900000000003e-06
3631 0.009681799999999999
3633 0.00580177
3637 0.00769537
3641 1.58536e-05
3643 0.0166076
3647 1.85038e-11
3649 0.000376606
3650 0.000220852
3652 0.236263
3653 0.00011266200000000001
3659 0.014343100000000001
3661 0.0160318
3665 1.5276499999999999e-06
3666 4.89562e-09
3668 2.82265e-06
3670 2.95927e-11
3672 0.00183373
3676 1.2878599999999999e-05
3677 2.8111999999999997e-07
3680 5.38974e-05
3682 1.01145e-09
3683 2.7152499999999995e-10
3686 1.73755e-05
3687 0.189342
3689 4.05395e-05
3692 0.0158865
3693 3.68005e-05
3697 0.000109196
3701 0.148178
3702 8.10647e-05
3707 0.00017819999999999997
3710 0.0008497639999999999
3712 0.000803161
3715 0.508008
3716 0.000438311
3718 1.26363e-06
3719 3.8976100000000004e-07
3720 0.000105714
3723 0.0378152
3724 2.43202e-07
3725 2.8740300000000003e-06
3726 5.34564e-07
3728 5.09484e-05
3730 1.67575e-09
3731 5.18686e-05
3733 0.32398699999999997
3734 0.000498097
3736 0.000182485
3737 7.391110000000001e-06
3738 0.016441499999999998
3739 8.496639999999999e-08
3741 0.00129598
3742 0.00245236
3744 0.000325508
3745 0.000733116
3746 4.1838800000000004e-08
3747 1.2185e-05
3755 0.000521304
3756 0.00151724
3757 2.70435e-05
3761 2.6379799999999996e-09
3762 0.139397
3764 4.7438999999999995e-07
3765 3.8524699999999996e-06
3766 3.7152e-08
3768 1.9374099999999997e-06
3769 7.02033e-11
3770 1.7354300000000001e-06
3771 0.00031962099999999997
3775 0.000918955
3776 3.1491900000000004e-06
3777 0.0006618189999999999
3778 2.93061e-05
3782 1.15392e-06
3785 2.52135e-08
3787 1.04918e-09
3789 0.00219362
3794 0.00259127
3795 2.51571e-06
3799 0.019197299999999997
3800 2.17915e-05
3801 6.941049999999999e-09
3802 2.81351e-06
3804 1.1596600000000001e-08
3805 4.299319999999999e-06
3810 6.53904e-06
3812 2.43726e-05
3813 4.77283e-09
3815 3.6906300000000003e-06
3816 4.44854e-10
3819 3.1797899999999996e-07
3822 1.74932e-18
3823 5.262149999999999e-07
3825 3.3774e-07
3829 8.862739999999999e-07
3831 0.00017685400000000002
3832 0.00202166
3833 1.4419300000000002e-09
3836 0.00246797
3839 0.020670400000000002
3840 8.9399e-07
3841 1.6910299999999998e-06
3842 1.74363e-08
3843 0.00531507
3850 9.05973e-05
3851 5.09527e-06
3852 0.000501163
3853 6.34045e-05
3854 5.43461e-05
3858 0.0006749639999999999
3862 0.00849386
3864 0.768462
3867 0.000783482
3870 1.81852e-06
3873 0.000141069
3875 0.026142400000000003
3878 0.000151419
3880 1.9925999999999997e-07
3881 9.125149999999999e-07
3882 0.00261573
3883 7.63715e-05
3884 3.16477e-05
3888 6.30982e-06
3892 3.31043e-07
3893 3.9798199999999994e-08
3894 4.67734e-06
3896 0.0008597660000000001
3897 0.00508284
3900 0.00238479
3901 1.25335e-05
3902 1.82531e-05
3903 9.58637e-06
3904 0.00332606
3906 6.02536e-09
3908 0.00113378
3909 3.91763e-07
3910 1.25614e-06
3914 9.182689999999999e-06
3916 0.000415383
3917 9.64633e-10
3920 6.61386e-05
3922 0.00201203
3925 1.5411600000000001e-06
3927 9.45839e-05
3928 3.10682e-05
3929 0.000223995
3930 0.0166614
3931 7.8389e-05
3933 2.2319299999999997e-06
3934 1.7037299999999999e-07
3938 0.0871551
3940 2.19065e-05
3942 0.00483402
3943 1.7506099999999998e-05
3944 0.00114391
3950 0.0319054
3951 0.00023249900000000002
3952 4.4058400000000005e-08
3955 0.0005391780000000001
3958 0.000545051
3959 1.14032e-05
3962 0.0433148
3964 5.80386e-07
3967 0.0105498
3968 0.00204914
3972 6.9629e-05
3975 0.0245757
3976 3.87378e-09
3977 8.909649999999999e-08
3978 5.68114e-05
3980 4.18808e-05
3981 5.67947e-06
3982 0.23543699999999998
3985 1.3153e-13
3989 1.76004e-07
3995 0.0007188489999999999
3999 0.000202255
4000 1.27956e-06
4001 1.19443e-05
4002 5.0292900000000004e-06
4004 0.013473599999999999
4006 0.00261509
4007 0.0627793
4018 5.7387e-11
4021 1.01648e-07
4022 0.000792249
4024 1.67678e-05
4026 0.000152885
4027 7.97714e-07
4029 0.00219491
4030 0.05390740000000001
4032 6.7760899999999995e-06
4036 1.3436200000000001e-16
4038 5.26538e-05
4040 1.09299e-07
4041 0.00105373
4042 3.04135e-07
4043 1.69364e-05
4044 0.000398315
4045 9.60708e-06
4048 3.78914e-08
4049 7.808969999999999e-06
4050 1.88335e-13
4053 4.05521e-05
4054 4.03302e-05
4055 1.1268900000000001e-05
4056 0.00515578
4059 3.64023e-11
4061 0.0008415380000000001
4062 3.94439e-05
4063 8.480230000000001e-08
4064 0.000161684
4065 0.314442
4068 0.000305211
4070 1.1540999999999999e-10
4071 3.5228099999999995e-08
4072 0.00233876
4074 0.000100554
4078 0.00167918
4079 8.79496e-05
4080 2.30456e-05
4081 1.97342e-06
4083 2.6998e-19
4084 1.2671700000000001e-05
4086 0.00125077
4088 0.00011753100000000001
4090 0.00459618
4094 0.932652
4096 0.00075675
4097 2.51029e-06
4098 0.000993632
4099 0.114248
4101 6.58325e-05
4103 1.9666099999999998e-05
4104 0.0203458
4107 0.026691000000000003
4109 6.216260000000001e-05
4112 5.89368e-09
4114 4.3174800000000004e-08
4115 0.00023470700000000001
4116 6.08625e-06
4118 0.00551009
4119 3.16541e-05
4123 0.00105072
4124 1.2064700000000002e-10
4125 1.64149e-05
4126 5.67476e-06
4127 0.000772502
4128 1.4496e-05
4130 1.69767e-05
4132 1.5523e-06
4134 0.386573
4139 7.78952e-05
4144 0.166459
4147 0.0545347
4151 0.000395832
4153 6.4308e-08
4154 0.0402906
4155 3.82228e-06
4156 0.231985
4157 2.94817e-06
4159 3.2138200000000003e-05
4160 3.6238900000000003e-06
4161 9.35076e-09
4162 0.00043695199999999995
4165 5.0241499999999994e-08
4166 0.0391897
4167 0.08268330000000002
4172 0.00414804
4173 0.00320255
4175 0.000973815
4176 9.58909e-19
4177 2.15359e-05
4179 0.000185409
4180 7.63824e-07
4181 6.688449999999999e-08
4182 2.2805e-05
4183 3.34778e-05
4184 0.000681453
4187 0.330881
4188 7.5604e-07
4197 0.0559048
4198 2.8461e-06
4199 4.09596e-10
4202 3.57055e-05
4206 1.38956e-12
4207 0.000744848
4208 0.00036480400000000004
4210 9.25024e-05
4211 0.0838589
4213 9.00206e-07
4214 7.75387e-08
4216 0.000408306
4217 2.16755e-10
4218 0.000925673
4219 6.72271e-05
4222 1.09536e-05
4225 1.2009600000000002e-09
4226 1.04323e-06
4227 0.221075
4233 1.6305200000000002e-06
4234 0.000594085
4235 1.81365e-05
4236 1.66049e-05
4238 4.9160100000000004e-05
4240 0.018233799999999998
4243 1.25179e-05
4245 0.00646716
4248 0.028707
4249 1.90845e-05
4250 0.00013321
4251 1.90663e-23
4252 5.10531e-05
4254 5.35065e-13
4260 1.03331e-07
4261 1.16236e-06
4262 0.00014084200000000002
4266 0.000250107
4267 2.2753400000000003e-06
4268 0.000440995
4276 0.0012942000000000001
4277 0.07170639999999999
4278 6.59237e-08
4282 0.000109229
4285 0.000155649
4288 4.5856900000000006e-08
4289 2.04013e-05
4290 0.584511
4294 4.08119e-06
4297 6.63196e-05
4299 3.4994900000000005e-08
4301 3.6683499999999998e-06
4302 0.915589
4305 0.343854
4306 0.00292724
4308 0.0853001
4309 0.0423559
4311 2.8076700000000002e-05
4313 5.46091e-06
4314 2.58978e-10
4316 0.000355926
4317 0.00134201
4319 1.6950799999999997e-06
4320 0.00443808
4324 1.1424000000000003e-11
4328 3.48348e-05
4330 0.00183187
4332 0.0118142
4334 0.000379224
4335 5.524899999999999e-09
4336 0.000279245
4337 0.00431087
4340 5.327469999999999e-12
4342 8.05363e-07
4343 1.1791199999999998e-05
4344 4.27803e-07
4348 0.0114896
4350 3.36824e-12
4353 2.4077500000000003e-10
4355 0.00010345
4357 0.00283835
4358 3.93726e-06
4362 1.0992899999999999e-19
4363 0.0385987
4366 0.00128101
4373 1.1579e-05
4374 1.31529e-07
4375 3.61432e-07
4377 0.0171449
4378 0.0099458
4381 0.00126851
4382 6.94959e-06
4383 0.000138475
4385 0.00696831
4388 0.000198483
4393 0.120545
4394 8.3505e-17
4395 5.09035e-09
4398 4.68736e-08
4399 9.80513e-05
4400 1.47388e-15
4401 0.000108236
4402 0.956874
4403 4.2494899999999996e-27
4406 7.56615e-18
4407 2.0143499999999998e-05
4408 0.00030768799999999997
4410 1.60889e-05
4412 0.000370147
4413 2.2404900000000003e-12
4414 0.00366076
4415 3.6976500000000003e-07
4416 3.59656e-05
4417 9.493360000000001e-08
4418 3.07733e-07
4419 2.5052199999999997e-05
4420 3.89873e-05
4422 0.0448755
4425 2.19782e-21
4426 9.80815e-09
4427 1.73002e-09
4428 3.34481e-05
4431 0.0005563030000000001
4435 0.000121867
4440 0.00015527799999999999
4442 0.0259454
4443 4.14476e-05
4444 1.0485200000000002e-08
4445 1.56983e-05
4447 6.565269999999999e-06
4448 3.51954e-08
4449 0.000116679
4451 1.44844e-06
4453 5.23407e-07
4454 0.000737283
4456 3.2098e-06
4458 0.0194351
4460 1.42408e-06
4461 6.817839999999999e-12
4462 3.2959099999999996e-08
4465 1.55019e-07
4467 1.54792e-10
4469 0.00177717
4472 5.11162e-09
4473 4.90019e-06
4475 5.31263e-05
4476 0.00018135
4477 0.027080700000000003
4478 7.20026e-08
4480 0.000310094
4482 5.3980799999999997e-05
4483 0.000158851
4485 0.00047372
4486 3.50949e-08
4489 4.6379300000000005e-05
4491 5.68997e-05
4492 0.00020620099999999999
4497 0.0102462
4501 4.69527e-05
4503 3.9607e-11
4504 4.72487e-08
4505 0.00227798
4506 1.18011e-07
4511 2.84886e-05
4513 4.9063199999999995e-05
4515 1.42078e-07
4516 0.0129691
4521 0.229525
4522 8.02489e-06
4523 4.8281899999999996e-05
4525 9.17766e-05
4529 5.37156e-12
4531 2.55731e-05
4533 3.8572699999999994e-08
4534 0.34989699999999996
4536 4.3687600000000005e-05
4538 0.000214398
4541 0.0059972
4543 6.72483e-05
4545 2.69982e-06
4546 1.31614e-05
4547 1.4980399999999998e-07
4550 0.00011229299999999999
4554 0.000133378
4556 5.5185299999999996e-09
4557 1.97977e-05
4559 0.0241314
4560 1.6150799999999998e-05
4561 0.00412006
4564 1.9226400000000003e-06
4567 0.00010238200000000001
4568 6.655800000000001e-07
4569 2.7980100000000003e-05
4572 3.0315e-07
4573 0.00110695
4575 0.00437832
4577 7.36886e-11
4578 0.139004
4580 0.272831
4582 1.75768e-06
4583 4.4408e-06
4586 0.00235343
4589 0.013498099999999999
4590 0.000197608
4593 1.88122e-05
4594 0.0069607
4596 7.80773e-05
4598 4.34708e-05
4599 3.3666e-06
4602 8.29309e-07
4603 0.0217677
4608 0.00014737799999999998
4610 1.5764600000000002e-06
4613 0.00670242
4614 1.46613e-06
4615 0.00165503
4616 2.4084799999999998e-06
4617 1.21268e-06
4619 0.000172639
4620 0.00308344
4621 0.000894632
4624 0.0910139
4629 8.826569999999999e-05
4633 0.598828
4635 0.00271287
4637 1.56014e-15
4638 0.0253678
4639 0.021272299999999997
4640 3.25242e-05
4641 2.27416e-06
4642 2.3518299999999998e-05
4645 5.440930000000001e-16
4646 0.00590049
4650 1.72108e-07
4657 0.0022535999999999997
4658 0.000167299
4659 2.8834800000000003e-06
4661 3.6545699999999996e-07
4663 0.20860900000000002
4664 0.00016486900000000002
4665 1.18402e-05
4666 0.0357382
4667 1.73768e-05
4668 3.36819e-05
4669 0.000128733
4670 0.000949735
4677 0.000194735
4678 3.62025e-07
4680 1.6898e-17
4681 0.07248210000000001
4684 0.00152819
4688 7.66278e-12
4690 3.1004400000000003e-06
4695 0.000396759
4696 0.000692912
4697 4.2647700000000005e-13
4698 0.00213732
4700 0.000129935
4703 9.74533e-06
4704 6.40474e-06
4709 0.00148878
4711 1.53434e-07
4712 2.3356300000000002e-05
4713 0.0107256
4716 2.46858e-05
4717 6.38024e-07
4720 3.87889e-07
4721 0.00639859
4724 0.9352299999999999
4725 4.6501800000000004e-08
4726 7.43976e-05
4728 0.012603299999999998
4729 6.73408e-06
4730 4.72389e-09
4731 0.00860494
4733 3.56581e-05
4734 2.2152199999999998e-05
4736 2.70042e-07
4738 0.00696571
4739 0.00231887
4740 0.00174643
4741 0.000178551
4744 0.006564199999999999
4745 4.89461e-11
4749 3.2129e-06
4751 0.00503334
4752 1.47689e-05
4755 0.00101654
4756 3.5225e-06
4757 6.0223e-14
4758 1.7769000000000002e-07
4759 4.5348399999999996e-07
4762 0.5498810000000001
4763 1.13897e-05
4764 0.050742800000000005
4765 4.74509e-05
4766 0.00109621
4767 3.58164e-05
4769 3.8757800000000004e-05
4771 0.00010645799999999999
4772 1.67584e-06
4774 3.38756e-07
4775 0.0006798039999999999
4778 0.000329872
4780 0.362736
4781 0.00018187700000000002
4784 2.65429e-08
4787 1.12564e-06
4791 7.2989e-06
4795 0.000234086
4798 5.5872600000000004e-05
4800 9.434070000000001e-08
4802 0.186376
4803 9.16801e-06
4804 0.0122678
4806 3.71303e-05
4807 0.000469374
4809 1.99291e-11
4810 0.377051
4811 0.000127701
4813 1.9362099999999996e-06
4817 0.07137139999999999
4819 0.000185655
4820 0.000401217
4821 0.012798299999999999
4822 2.62625e-08
4824 2.6074400000000004e-17
4827 8.03491e-08
4829 1.64125e-10
4833 1.49127e-06
4835 7.552060000000001e-05
4838 0.00775204
4843 0.00019234799999999998
4844 0.32419699999999996
4845 2.20849e-10
4847 9.575020000000001e-05
4851 2.88463e-06
4853 0.0773557
4854 2.19948e-09
4855 0.000468318
4858 0.000807604
4860 1.0311e-07
4861 7.895699999999999e-16
4862 0.00281824
4864 0.000509179
4865 0.00016315
4870 5.0332e-05
4871 0.0467482
4874 7.58493e-05
4875 9.5863e-06
4877 1.20853e-05
4880 0.000168095
4881 0.00034178199999999995
4883 0.8493139999999999
4884 8.13684e-06
4887 0.000685772
4888 2.0324e-05
4889 4.3765799999999996e-07
4891 0.000348415
4892 0.0162544
4893 0.00191676
4894 3.89606e-05
4899 0.000123067
4900 0.21330300000000002
4901 7.16201e-05
4904 7.878869999999999e-10
4906 1.36263e-08
4908 0.000568535
4909 2.68524e-13
4914 0.000273002
4915 2.96243e-14
4917 1.05511e-08
4918 1.3966700000000001e-05
4919 0.000637402
4920 0.0122446
4921 0.0031535
4922 7.02607e-05
4923 3.6378800000000002e-06
4924 0.585763
4925 2.62873e-05
4927 0.00131282
4930 0.0006037719999999999
4932 4.471919999999999e-06
4933 4.01339e-05
4934 1.62054e-05
4937 0.0683669
4940 1.9134899999999998e-07
4941 1.50766e-05
4942 3.16352e-07
4944 0.00540786
4945 1.42682e-05
4947 0.013575299999999998
4949 0.000646958
4952 4.93629e-06
4957 8.37529e-06
4959 0.00010564899999999999
4964 6.71049e-05
4965 0.49399799999999994
4969 6.23217e-08
4970 7.93828e-08
4971 7.5131399999999995e-06
4975 9.1596e-09
4978 0.0351552
4979 3.2014299999999997e-10
4980 0.00589628
4981 3.8602199999999995e-12
4988 0.0015984999999999999
4989 0.778939
4993 2.4308000000000002e-05
4996 6.62163e-11
5000 4.29873e-07
5002 4.39088e-07
5005 4.43789e-06
5008 3.1329899999999997e-15
5009 1.5800899999999999e-06
5010 3.13293e-05
5011 0.000624461
5012 0.000530535
5013 0.00270166
5015 3.52409e-08
5017 0.0004968430000000001
5019 0.0009850430000000001
5021 9.04584e-11
5022 1.0696099999999999e-05
5025 1.7069299999999999e-06
5030 4.17754e-14
5031 3.02223e-05
5034 0.06632489999999999
5035 9.599979999999999e-15
5038 5.3518000000000005e-05
5040 0.00094402
5041 9.230530000000001e-05
5043 0.0010396
5044 0.00593325
5046 0.957076
5048 1.14413e-06
5049 0.000114719
5050 2.11329e-06
5051 2.23039e-06
5053 0.000318095
5059 2.55281e-06
5060 8.95173e-05
5066 0.0110191
5069 0.00212991
5070 0.0069572
5074 0.0259736
5075 7.185489999999999e-14
5076 0.046544199999999994
5080 3.1593900000000003e-06
5082 0.00018199099999999997
5083 1.0613e-09
5087 3.95579e-10
5088 1.3771300000000001e-05
5089 1.1156999999999999e-08
5091 0.198179
5092 3.16702e-05
5095 0.02172
5096 2.59097e-08
5098 0.00236802
5099 1.48676e-06
5100 1.6919000000000002e-05
5103 0.0156355
5105 7.31227e-07
5106 0.00182958
5109 8.90985e-09
5112 9.07959e-06
5113 0.000267119
5115 5.55415e-15
5117 2.57272e-06
5118 1.59123e-07
5119 0.00027527599999999997
5120 1.71236e-05
5123 0.0282835
5125 3.37477e-07
5126 0.0130612
5127 0.000605609
5132 0.00011789399999999999
5133 4.41248e-08
5137 4.33055e-06
5139 1.90178e-05
5140 9.38113e-05
5141 0.0010924
5142 7.08596e-05
5147 2.68453e-08
5148 2.30027e-05
5149 5.98955e-05
5151 0.00043621
5152 3.30016e-05
5154 4.5326e-07
5155 4.0809e-08
5157 3.44528e-05
5158 2.42273e-07
5162 8.44096e-06
5163 0.376
5164 7.935779999999999e-10
5165 2.62814e-05
5166 4.1980400000000004e-07
5167 0.00217931
5170 0.584501
5172 0.0379522
5174 9.98381e-05
5178 3.97566e-05
5180 0.00017019
5182 7.83631e-07
5184 0.00060149
5187 1.45589e-05
5188 1.22316e-07
5192 1.13751e-08
5193 0.0134531
5194 2.1930000000000002e-08
5196 5.7276300000000006e-08
5197 1.55447e-10
5198 0.0127484
5200 1.05402e-05
5201 1.0778900000000001e-05
5204 1.79958e-11
5205 0.000205296
5206 0.017953
5207 3.02149e-07
5211 6.666460000000001e-08
5213 2.34703e-05
5216 3.91429e-05
5218 5.94269e-05
5221 0.000357347
5225 4.942840000000001e-07
5226 0.000606574
5227 0.000303231
5228 7.19628e-07
5232 1.2312700000000002e-06
5233 7.11135e-05
5234 6.855649999999999e-05
5235 0.00791396
5237 1.3274200000000001e-06
5238 1.9823400000000002e-12
5240 4.9711199999999994e-06
5241 6.66658e-05
5243 0.00278444
5247 1.9289700000000003e-10
5249 8.18172e-06
5250 0.05590560000000001
5251 0.00242102
5252 7.03438e-05
5255 3.96505e-05
5256 0.00370402
5261 1.26262e-05
5265 0.785213
5266 0.00024582900000000003
5271 0.783714
5272 6.641630000000001e-07
5275 8.73876e-08
5276 0.000277561
5277 6.780350000000001e-05
5279 2.13065e-05
5280 0.066224
5282 2.18431e-19
5284 2.87653e-07
5286 5.723819999999999e-07
5287 0.00014840399999999998
5289 5.423750000000001e-09
5291 0.000173673
5294 9.194439999999999e-06
5295 0.00248433
5296 0.374598
5299 0.000108907
5300 1.2763299999999999e-05
5301 3.33014e-07
5302 0.012509399999999999
5308 0.000289292
5309 8.25752e-11
5313 0.00026632
5316 7.63553e-06
5317 1.89272e-07
5321 4.3637e-07
5322 8.197069999999999e-07
5323 6.39238e-07
5324 8.228160000000001e-08
5329 0.00848433
5330 0.00523006
5332 0.00301884
5333 0.011933599999999999
5334 1.72211e-05
5335 0.000133022
5339 8.951489999999998e-06
5341 0.178043
5342 5.07348e-06
5347 2.36567e-05
5353 7.88526e-05
5354 2.63543e-09
5356 5.16821e-07
5357 0.00166943
5359 0.000146289
5361 2.12002e-07
5362 0.00611798
5364 3.1620899999999997e-23
5366 2.37897e-06
5372 0.11549100000000001
5375 0.00173003
5376 0.00885027
5377 0.000283237
5381 0.39046
5382 0.000323379
5386 0.00057784
5390 0.673655
5392 0.00167837
5394 0.00034098900000000004
5399 0.00745573
5400 4.37123e-07
5401 4.60639e-12
5402 0.00375603
5403 2.79946e-09
5409 9.182539999999998e-06
5411 2.80149e-07
5412 0.00191816
5415 0.000228167
5422 6.01666e-05
5425 2.07659e-05
5426 8.94822e-05
5427 0.11133599999999999
5428 2.0789799999999998e-06
5432 8.53525e-09
5435 0.00377448
5437 1.93423e-10
5442 8.3713e-07
5443 0.000569327
5444 8.471239999999999e-08
5446 0.0073731000000000005
5447 4.13993e-06
5449 2.29023e-05
5452 9.047469999999999e-10
5456 6.9470000000000006e-06
5458 1.3821199999999999e-05
5459 0.00930868
5460 0.000199192
5462 2.70356e-06
5463 3.68097e-08
5464 4.7958e-06
5466 0.0254113
5468 1.56702e-07
5472 0.00046152300000000003
5473 5.79832e-05
5474 1.3873800000000001e-05
5476 3.36024e-06
5477 5.79605e-05
5479 6.7892099999999996e-09
5480 3.13021e-07
5482 8.37628e-06
5484 2.2934299999999998e-05
5488 0.00828431
5490 4.47143e-05
5491 0.0005822690000000001
5492 0.0103943
5493 1.9694299999999997e-10
5494 0.00033653800000000005
5495 6.080560000000001e-21
5498 7.81976e-05
5500 0.000147456
5501 2.34605e-11
5502 9.08832e-07
5503 5.07602e-08
5504 0.00194219
5505 0.00332434
5506 2.98309e-07
5512 1.21834e-05
5513 1.5242600000000001e-06
5516 5.2922900000000005e-08
5520 8.76737e-09
5523 1.2998099999999999e-09
5525 2.19009e-06
5528 4.40814e-05
5529 2.53121e-05
5532 6.57503e-06
5533 0.00018144
5534 1.88405e-11
5537 0.00166282
5538 0.00132757
5540 1.2169299999999998e-08
5543 8.43812e-06
5545 3.18472e-07
5546 0.00149272
5548 0.0021778
5551 2.34121e-05
5553 2.7400999999999998e-08
5555 1.94589e-05
5556 2.42863e-05
5557 3.63585e-07
5558 1.04046e-08
5560 7.27089e-05
5561 0.0011241
5562 3.4130800000000007e-06
5564 0.000140822
5565 0.0401248
5567 1.6137699999999998e-07
5569 0.00651204
5570 8.426299999999999e-05
5571 1.87803e-07
5572 0.0010508
5575 1.12023e-14
5578 0.00519158
5580 0.000978036
5581 0.112363
5587 1.08339e-06
5589 1.0639700000000001e-06
5594 2.43673e-07
5595 1.6176100000000001e-07
5596 5.06158e-07
5597 2.73439e-06
5598 0.9704149999999999
5602 3.99962e-05
5604 1.83362e-05
5607 4.59307e-05
5610 6.52069e-05
5612 1.43703e-06
5616 0.103771
5617 4.2321000000000004e-05
5619 9.722119999999999e-07
5621 6.72786e-07
5622 0.00138399
5623 3.52574e-09
5626 5.04213e-06
5627 3.34439e-05
5628 0.000123356
5632 0.000631891
5633 4.75812e-05
5634 0.00322633
5635 1.2687200000000002e-06
5638 0.037773900000000006
5642 0.000667626
5643 0.0011237999999999999
5646 4.4029799999999996e-05
5649 6.62581e-10
5650 0.00010807
5651 7.283430000000001e-05
5656 9.51527e-06
5659 0.000278218
5661 4.3024399999999994e-05
5663 0.638065
5665 3.50109e-09
5666 0.0571249
5667 3.265e-06
5670 0.00958581
5671 5.7147799999999996e-09
5673 7.410089999999999e-06
5675 4.728519999999999e-06
5677 0.00168144
5678 1.04954e-07
5681 2.5797199999999998e-05
5683 2.10926e-06
5684 0.0232733
5688 1.3187799999999999e-09
5689 5.8495e-05
5690 3.8770300000000004e-05
5691 6.34198e-05
5692 2.7291900000000002e-05
5694 1.4405200000000003e-10
5698 2.1034500000000002e-07
5703 6.21761e-05
5706 3.89116e-07
5707 0.09333380000000001
5708 9.28433e-05
5709 3.97345e-05
5711 8.927639999999998e-06
5712 1.32724e-05
5717 0.00055174
5720 0.000158459
5721 2.6156300000000002e-05
5722 0.000119144
5724 1.41957e-06
5725 2.4807800000000003e-05
5726 3.8476799999999997e-07
5727 0.000115067
5733 2.85345e-07
5734 0.000213821
5737 0.902948
5739 0.957651
5744 3.7828599999999995e-12
5745 0.000184991
5746 0.041581400000000004
5748 0.001182
5750 4.7613100000000004e-07
5751 0.00257868
5753 0.00114683
5754 3.24115e-05
5758 4.69557e-06
5759 0.000276699
5763 1.08082e-05
5766 0.00607926
5767 7.686110000000002e-06
5770 4.94332e-08
5771 0.000532604
5772 3.86481e-05
5774 2.5850099999999997e-06
5775 4.49621e-07
5776 3.67237e-06
5777 1.21452e-06
5778 2.83971e-05
5785 3.21125e-05
5787 0.00052458
5792 8.90172e-06
5793 3.64257e-07
5795 3.0845999999999997e-06
5797 0.000113076
5798 8.83414e-06
5800 0.236551
5801 8.15288e-05
5802 2.97728e-08
5804 0.0010675
5807 9.14308e-05
5808 2.96432e-05
5809 0.504935
5810 1.3549100000000002e-06
5816 1.80002e-09
5820 3.5117699999999997e-07
5822 2.1356700000000002e-05
5823 9.04949e-05
5827 3.61336e-05
5832 1.0862e-07
5833 0.00243714
5834 2.76079e-08
5835 0.0022076
5837 1.7758700000000002e-06
5842 0.00502353
5844 7.86522e-12
5846 0.0189734
5847 1.9962900000000002e-07
5848 5.5384e-06
5849 0.00229625
5855 3.1137800000000004e-13
5857 7.68723e-06
5858 0.0600086
5862 3.37635e-07
5865 0.000746265
5866 8.99558e-06
5869 0.738568
5870 0.9659690000000001
5871 0.00311128
5872 1.15395e-08
5876 0.00798115
5880 0.08190750000000001
5882 6.524180000000001e-05
5883 0.000754212
5886 3.22051e-05
5887 4.7668e-06
5890 0.000225123
5891 1.40019e-05
5892 0.00164334
5896 4.9848599999999996e-05
5898 3.1402e-06
5900 0.00232665
5902 1.00654e-06
5904 2.1200799999999997e-06
5907 9.85803e-05
5913 2.36273e-05
5915 6.870289999999999e-10
5916 0.00121056
5921 0.00132227
5922 2.76306e-05
5924 0.00118381
5925 3.95646e-05
5926 3.88459e-05
5927 3.22041e-08
5929 1.37598e-10
5931 0.00209296
5932 0.700271
5933 9.89153e-06
5934 2.03101e-05
5935 9.50822e-05
5936 0.00130398
5937 9.537160000000001e-08
5939 0.000257728
5941 6.365570000000001e-07
5942 0.00216365
5943 5.6466400000000005e-05
5944 0.000337995
5945 0.000245006
5946 0.000740255
5949 2.5178e-06
5950 2.70052e-05
5953 0.00462957
5955 1.6291200000000001e-06
5957 5.52083e-05
5958 1.2069e-05
5959 7.01314e-09
5962 8.71439e-09
5965 3.0411899999999997e-07
5966 5.97153e-05
5967 1.43756e-05
5969 0.021989500000000002
5972 1.6128e-06
5973 0.00127402
5974 7.344550000000001e-10
5976 0.000103472
5977 2.8001199999999996e-09
5978 0.485994
5982 0.00022328
5986 0.687234
5987 0.0411531
5993 0.0007150839999999999
5994 0.00257701
5997 0.000162737
5999 1.19963e-06
6002 0.000139441
6003 2.73033e-07
6006 2.6583299999999996e-06
6007 0.000847176
6008 0.000736196
6010 0.00169853
6013 0.148207
6014 3.2941900000000004e-05
6015 0.00161731
6016 7.98218e-08
6017 1.42672e-10
6019 6.39063e-08
6021 1.70534e-05
6022 0.12178699999999999
6024 7.49823e-08
6031 0.000561512
6032 0.0007820489999999999
6034 0.163223
6036 0.000800021
6037 8.24668e-06
6039 0.00071631
6040 2.11808e-05
6044 1.25195e-06
6047 0.0105469
6048 6.74814e-05
6049 0.00106898
6050 0.000266361
6051 1.23823e-05
6052 1.0422000000000001e-05
6053 2.89074e-13
6054 0.000104143
6056 1.4961e-05
6057 6.98639e-10
6059 9.738809999999999e-05
6060 0.00156839
6063 1.86536e-09
6064 1.7226500000000001e-07
6068 2.57651e-07
6072 0.000461318
6075 7.42713e-08
6076 0.0030353000000000003
6077 0.00653002
6080 5.27718e-11
6081 0.00696425
6082 0.666814
6083 4.2714399999999995e-09
6085 0.00481782
6086 0.000469579
6087 2.5967399999999998e-05
6090 3.5982600000000004e-09
6092 3.0089299999999997e-05
6093 0.000151646
6094 0.162793
6099 4.79722e-07
6101 0.0006866289999999999
6102 2.3290500000000003e-05
6106 0.000625584
6109 0.105361
6110 0.00245702
6112 2.4406900000000003e-06
6113 0.00634692
6114 0.00352696
6115 0.00172642
6116 7.1881e-11
6118 0.000203894
6119 4.63531e-09
6121 4.0469800000000006e-12
6122 0.00012679
6126 0.00021052200000000001
6127 0.00296639
6132 9.445880000000001e-22
6137 6.309770000000001e-07
6138 0.0575888
6142 0.00017151700000000002
6143 0.00017052099999999998
6144 3.36097e-05
6145 2.67374e-06
6147 0.000632627
6149 2.6615100000000002e-05
6152 3.60669e-05
6154 4.38151e-05
6155 0.0320711
6157 0.00014665299999999998
6160 0.000306455
6164 0.0116492
6165 1.6871299999999999e-06
6167 0.00011709100000000001
6168 7.47323e-05
6169 4.52333e-05
6173 0.00471778
6178 0.0192203
6182 9.57059e-07
6186 6.99065e-05
6191 0.0008845789999999999
6192 6.5672500000000005e-06
6193 5.18416e-07
6194 1.01125e-08
6195 0.00020918
6197 0.550657
6199 3.49075e-06
6200 0.00387801
6204 0.000307568
6205 0.00026534700000000003
6207 0.000172449
6211 0.000820833
6213 0.000409266
6217 0.0008520439999999999
6226 0.000500021
6227 0.000523127
6228 4.84948e-07
6231 0.00803954
6232 0.0195476
6237 0.00019952299999999998
6239 5.98365e-06
6242 9.97887e-08
6244 0.000144742
6245 8.94026e-08
6246 0.0164854
6248 0.00013291
6253 2.7074100000000003e-07
6255 0.00017704
6256 3.87349e-09
6257 5.95538e-06
6263 3.37733e-16
6265 6.67269e-07
6266 3.09072e-05
6268 4.511560000000001e-21
6271 9.42509e-05
6273 0.0001186
6274 1.9408e-05
6278 1.23419e-06
6280 2.6898899999999998e-05
6283 7.727060000000001e-08
6287 2.21861e-05
6288 0.000608802
6292 6.33905e-08
6293 0.000844415
6294 3.14939e-05
6297 6.92363e-07
6298 0.298512
6302 3.58017e-06
6303 7.75634e-08
6307 8.72698e-05
6308 2.33881e-05
6310 0.112292
6311 0.563067
6312 0.000129717
6313 1.9961099999999998e-05
6315 1.02261e-06
6316 7.988039999999999e-08
6317 0.045866199999999996
6322 0.00068921
6324 2.65392e-06
6326 4.0943600000000003e-13
6327 0.540501
6328 1.96338e-06
6331 1.5641e-08
6332 0.07224860000000001
6333 8.55016e-15
6334 0.5692470000000001
6336 5.23317e-07
6340 2.0822e-10
6342 2.5128099999999997e-06
6343 0.0178855
6345 0.0130953
6347 1.28362e-06
6354 0.00014538
6356 1.41735e-06
6358 0.0393392
6359 0.000559745
6360 0.00074483
6361 4.56545e-05
6364 3.8397e-05
6365 0.00414228
6368 9.95639e-06
6370 0.00020836599999999998
6372 2.85559e-07
6373 9.99862e-05
6376 0.00326656
6378 7.10888e-06
6379 1.9003299999999998e-09
6380 7.95688e-05
6383 2.0356400000000003e-06
6384 0.00256541
6386 1.319e-05
6388 0.8172560000000001
6389 4.83315e-06
6390 6.266859999999999e-05
6393 3.7737399999999995e-05
6394 1.15704e-08
6397 1.35215e-08
6399 1.63804e-06
6401 1.37656e-06
6402 0.000681902
6403 3.54685e-05
6405 0.0588518
6406 1.32604e-05
6407 0.105254
6408 1.80905e-05
6410 0.0896956
6412 2.72778e-05
6413 1.1665e-05
6414 0.000237072
6415 3.1276e-08
6416 0.0230671
6420 0.033691000000000006
6422 3.1347300000000002e-06
6423 0.217619
6426 0.000915165
6431 3.70149e-08
6432 0.000919187
6435 0.023563099999999997
6439 9.04482e-08
6441 0.00655254
6446 0.000104441
6451 1.67984e-08
6452 0.000124163
6453 0.000240435
6454 2.14831e-07
6457 2.59776e-06
6460 5.73432e-05
6461 4.74464e-06
6464 1.86191e-05
6467 3.72188e-07
6469 4.88857e-05
6471 0.00014900700000000002
6477 0.00344312
6478 0.00221485
6479 9.31687e-06
6481 2.2509200000000003e-09
6485 0.000225178
6487 3.63636e-07
6489 0.00314388
6490 1.99424e-05
6491 3.5623099999999994e-16
6493 0.184113
6494 2.8085100000000003e-09
6496 0.00111683
6498 2.3195e-08
6500 0.0971282
6502 2.16567e-11
6504 3.51216e-05
6505 9.99962e-07
6508 2.11017e-05
6510 3.45528e-08
6511 0.000104831
6513 0.32860900000000004
6514 0.000904022
6516 0.00071588
6517 0.0205553
6518 1.6163699999999998e-07
6521 7.62876e-07
6522 0.000546856
6525 0.00415189
6526 0.00274163
6527 0.00252531
6528 0.00188605
6531 0.00132328
6533 2.86069e-12
6535 1.82902e-16
6537 1.00984e-05
6539 0.00530654
6540 9.882760000000001e-07
6541 0.00471477
6544 1.7399400000000003e-06
6545 4.09405e-07
6546 0.00017438
6552 2.66092e-05
6554 0.271492
6555 0.000124328
6557 4.88271e-09
6558 4.7855699999999997e-05
6559 0.000786295
6561 1.1297500000000002e-09
6563 0.0257695
6566 3.86457e-06
6567 1.28257e-11
6568 2.50537e-05
6571 6.530700000000001e-06
6573 2.94386e-05
6574 0.000105276
6577 1.38379e-06
6579 0.00317321
6580 5.0261899999999994e-05
6581 0.00556444
6582 6.14316e-08
6586 0.00113731
6589 0.000748161
6590 4.5453999999999994e-07
6591 0.00167469
6592 0.193762
6594 4.693719999999999e-06
6596 2.04804e-06
6598 0.000288527
6600 0.00643197
6601 0.8741760000000001
6604 6.22412e-07
6607 1.86083e-05
6608 1.40847e-07
6613 0.00765351
6614 0.00862498
6615 0.00023228599999999998
6616 0.000657259
6620 1.91236e-06
6623 0.000264998
6624 0.00282358
6629 0.000218277
6630 1.9190299999999997e-06
6633 0.000950628
6634 1.3218399999999999e-05
6639 4.53865e-12
6640 1.8762400000000004e-14
6641 1.13647e-13
6642 1.239e-13
6644 0.000770422
6646 5.5937700000000005e-05
6649 0.000835453
6650 1.02444e-12
6651 9.35018e-05
6653 3.27239e-12
6655 4.405830000000001e-06
6656 3.98122e-05
6659 0.00624591
6662 0.0005532719999999999
6663 7.847510000000001e-06
6665 0.00126637
6669 2.9035e-05
6672 3.11869e-05
6675 0.0007030960000000001
6676 6.152810000000001e-07
6680 8.953969999999999e-05
6683 1.03525e-12
6685 3.5392000000000004e-06
6686 4.49126e-07
6688 4.09743e-08
6691 3.6569e-09
6692 0.000143446
6693 1.16551e-06
6700 4.6010000000000005e-06
6701 4.52528e-06
6705 0.000304326
6710 0.000553091
6711 0.6604300000000001
6712 2.02317e-12
6713 0.0009116969999999999
6715 0.00609802
6716 1.81054e-11
6717 0.000317416
6720 1.07372e-05
6721 1.20877e-05
6723 0.8680389999999999
6724 1.96867e-09
6728 0.00222898
6729 0.000175561
6732 3.03153e-05
6733 1.68024e-07
6737 1.0370999999999998e-07
6741 2.3082700000000003e-08
6742 1.54933e-05
6743 1.2813599999999999e-06
6744 3.15206e-05
6745 0.000735165
6746 2.7267100000000002e-05
6749 1.06211e-11
6750 0.000109685
6752 2.1435900000000001e-10
6754 5.228359999999999e-13
6756 0.00018229099999999998
6757 8.055489999999999e-09
6758 0.00125553
6763 5.62039e-07
6764 2.04399e-06
6767 7.56637e-05
6770 0.000150056
6771 0.00011262
6774 5.932439999999999e-07
6775 0.00013900799999999998
6776 0.00041679300000000005
6778 0.00689438
6779 0.00014361200000000002
6780 3.14174e-07
6785 0.00010350200000000001
6787 0.000309486
6788 0.00325065
6790 0.05899730000000001
6791 0.000104904
6792 8.758e-05
6793 1.0350299999999998e-06
6795 0.00231301
6796 2.50326e-07
6798 6.1302499999999995e-06
6801 0.00013898
6804 0.0898706
6807 0.000277359
6809 0.000484325
6811 4.692769999999999e-08
6812 3.26621e-09
6815 5.59671e-05
6816 0.000305231
6817 0.000669468
6818 0.000675369
6820 0.00021213099999999998
6823 0.00078816
6826 2.5073600000000003e-09
6830 2.8429699999999996e-05
6831 6.037559999999999e-06
6832 2.33112e-06
6834 1.86944e-12
6837 0.0007137539999999999
6843 0.0134665
6846 0.00011760299999999999
6851 0.00128418
6853 8.138099999999999e-10
6854 1.8371300000000003e-07
6856 8.89742e-05
6857 0.0406966
6861 1.0390699999999999e-05
6863 0.00027426
6870 1.45814e-06
6871 5.78134e-10
6872 6.08563e-06
6873 0.000334131
6875 6.024590000000001e-06
6877 4.2778e-07
6879 0.000526903
6881 7.184989999999999e-05
6882 0.000322892
6885 2.76952e-05
6888 2.83911e-10
6889 8.80419e-05
6890 1.8038499999999999e-06
6891 2.6379e-05
6894 0.00153235
6895 6.30827e-05
6897 7.167480000000001e-06
6898 0.0186933
6901 2.03222e-07
6902 5.14967e-05
6904 0.00598969
6905 0.00139677
6906 0.000321413
6907 0.00881812
6913 0.955225
6915 0.0066509
6920 5.34175e-08
6921 1.81367e-09
6923 1.14205e-06
6925 0.00161512
6926 0.000194561
6927 1.15718e-14
6928 1.96111e-06
6929 9.50369e-19
6936 7.5219299999999995e-06
6937 4.11107e-06
6938 2.03103e-05
6941 2.6692600000000003e-05
6942 4.29868e-09
6946 2.17948e-10
6951 1.13422e-08
6954 0.00017859
6955 1.0760600000000001e-06
6957 0.0145763
6960 5.72552e-12
6961 1.03405e-07
6964 0.000207985
6967 3.7504300000000003e-07
6969 7.353780000000001e-08
6970 0.0416838
6973 0.00029853700000000003
6974 0.306692
6975 9.096100000000001e-06
6977 1.3285e-07
6978 0.0759988
6979 3.05514e-10
6980 0.00172398
6982 6.939730000000001e-06
6984 8.04811e-06
6985 2.57226e-06
6986 0.000532946
6991 0.00018058900000000002
6992 0.752408
6993 1.04184e-08
6996 1.72905e-06
6997 1.30645e-05
6998 3.28164e-06
6999 2.83263e-12
7000 0.000274178
7001 0.751976
7005 6.803910000000001e-06
7010 8.989819999999999e-10
7012 2.06656e-08
7013 0.00212776
7014 1.10558e-06
7015 2.11314e-12
7017 9.59414e-05
7019 0.00018862299999999999
7024 0.000262132
7026 0.000344666
7027 5.97174e-06
7028 0.00738971
7030 0.0007355560000000001
7032 1.31873e-05
7034 5.23515e-07
7037 0.000305185
7041 5.490509999999999e-08
7043 1.25274e-05
7044 2.08793e-05
7047 6.55795e-05
7051 0.0001094
7053 2.81654e-05
7055 0.000350031
7057 0.000113809
7060 0.00496464
7061 0.00107022
7063 6.65505e-09
7066 0.0125707
7067 0.026331200000000003
7069 0.00013271
7076 1.7339300000000002e-09
7081 6.0940600000000004e-05
7082 0.000662068
7083 5.8691400000000005e-05
7085 0.0473128
7087 0.000226387
7091 6.530419999999999e-06
7094 0.00602249
7096 6.4281500000000004e-06
7098 1.9474e-07
7099 0.000154645
7102 3.91708e-08
7103 0.00212156
7106 6.45675e-05
7107 0.581446
7110 2.1661099999999997e-06
7111 0.383121
7112 9.953e-06
7115 2.5545699999999998e-09
7116 7.26094e-05
7118 0.000386615
7119 0.0003123
7120 0.0358101
7124 1.60128e-05
7126 0.0061902
7127 0.02743
7131 3.40749e-08
7134 0.00010395200000000001
7135 0.00420562
7136 2.42382e-05
7137 0.000521316
7142 0.00300488
7143 9.615739999999998e-10
7145 1.1287e-07
7151 8.90257e-06
7155 3.00843e-15
7156 0.6396890000000001
7157 8.04466e-08
7158 0.00142553
7160 5.73512e-07
7161 3.65383e-05
7164 6.5428500000000004e-09
7169 0.00566732
7170 5.6727e-05
7171 7.970319999999999e-05
7173 0.000109846
7175 2.25107e-05
7176 0.000643644
7178 0.018558099999999998
7179 0.00164315
7181 1.73558e-05
7183 1.65524e-06
7186 1.8572e-05
7188 1.4864600000000001e-12
7190 5.46761e-07
7192 1.5926e-05
7195 0.0235952
7196 0.00248366
7198 0.0016651
7199 1.1718299999999999e-09
7201 0.00011230200000000001
7202 0.00756085
7203 3.72819e-05
7206 5.4233999999999996e-05
7207 0.00013010700000000002
7209 8.18477e-08
7218 0.00627121
7220 9.03812e-05
7221 5.3750400000000005e-06
7225 6.87847e-05
7226 0.000296807
7228 1.39333e-05
7229 7.615930000000001e-05
7231 5.92288e-06
7232 2.06424e-07
7233 8.145849999999999e-08
7235 6.67477e-07
7237 0.000239868
7238 7.26283e-09
7239 0.000379563
7240 2.61776e-07
7242 0.585912
7246 6.15306e-06
7248 5.028169999999999e-06
7251 1.4954000000000001e-05
7252 0.000708925
7253 0.00024066700000000002
7254 2.48673e-07
7255 0.00041831
7257 1.81029e-09
7262 0.0009239239999999999
7264 4.1456400000000005e-05
7265 8.548030000000001e-05
7267 3.6431e-05
7268 6.790689999999999e-05
7269 8.70691e-06
7272 3.44284e-07
7273 0.000108256
7277 1.4144400000000001e-05
7278 0.10169
7281 3.15958e-05
7282 0.000290133
7286 1.45393e-07
7287 4.52252e-08
7288 1.4011900000000002e-13
7290 9.626690000000001e-07
7291 1.75781e-09
7293 0.000227563
7301 2.63464e-06
7303 6.32654e-05
7304 0.040493
7306 0.00014635899999999999
7307 6.19173e-09
7309 6.301e-09
7310 0.000504021
7312 5.840419999999999e-06
7313 0.00010937200000000001
7315 0.00228282
7316 9.22597e-05
7317 8.07924e-05
7319 5.5551000000000004e-05
7320 3.3186099999999997e-06
7321 0.0050989
7324 0.00013061100000000001
7326 3.04205e-10
7328 1.0586199999999999e-05
7331 5.0059100000000005e-06
7332 1.64476e-06
7333 0.011250299999999998
7335 0.0027286
7337 0.0550192
7338 0.00022905
7339 1.4860499999999998e-09
7340 7.248989999999998e-10
7341 9.8649e-06
7342 0.00588094
7345 3.95356e-10
7347 0.406118
7348 4.32948e-06
7349 0.00208059
7352 0.00176055
7353 0.00010459299999999999
7354 6.1833e-07
7355 2.22173e-05
7357 1.08122e-05
7358 2.65663e-07
7360 8.83015e-06
7362 3.9889800000000004e-08
7364 2.63976e-06
7366 0.00776281
7367 0.10615799999999999
7368 7.79904e-06
7371 6.53024e-06
7377 0.06590139999999998
7378 0.0017117
7379 0.000226503
7380 0.0178983
7382 0.0212132
7384 7.17737e-06
7386 7.09972e-06
7387 4.76057e-11
7391 0.00544929
7392 6.71632e-05
7393 0.00021233099999999998
7395 0.000369225
7397 1.98548e-06
7399 2.461e-09
7400 0.00040751199999999996
7401 2.31569e-07
7402 1.31838e-07
7403 1.94859e-11
7404 0.00043772900000000004
7405 0.8206600000000001
7406 0.482411
7407 0.000498372
7409 6.99035e-08
7412 0.000294531
7415 0.00519368
7418 3.9732699999999995e-09
7420 0.00022291799999999998
7423 0.000310359
7426 2.1474200000000003e-21
7428 7.0621e-05
7429 7.06717e-09
7430 3.55857e-05
7434 1.46421e-05
7440 4.73124e-06
7441 1.3187400000000001e-10
7442 7.1274e-05
7444 0.00228847
7447 1.26776e-07
7450 0.7872439999999999
7452 0.000186921
7453 0.00019004400000000003
7455 1.3865e-06
7456 0.00106895
7459 0.00802749
7462 1.8786400000000002e-10
7463 0.000100774
7464 0.00127222
7469 2.8730900000000002e-06
7471 0.0006030019999999999
7472 0.00086649
7473 4.3922300000000004e-08
7476 0.00212587
7478 0.0899235
7485 3.15454e-05
7487 8.11518e-06
7488 0.0182549
7492 4.5363100000000005e-07
7494 0.00282246
7495 0.575685
7496 0.00162001
7499 2.6439499999999997e-08
7500 0.00335895
7501 3.79427e-05
7502 1.74641e-08
7504 5.96029e-06
7505 1.29605e-10
7507 0.052835400000000005
7508 3.98884e-06
7509 1.4305200000000002e-06
7510 0.0976101
7512 3.3337300000000004e-06
7514 0.00027389900000000003
7515 0.00027833599999999996
7516 0.00252445
7518 0.00711017
7520 6.267970000000001e-05
7522 0.000485815
7529 1.36819e-05
7531 0.00042202699999999995
7532 4.30883e-05
7534 4.31869e-08
7539 2.6086700000000003e-09
7541 3.15146e-05
7542 1.39752e-06
7545 1.38268e-07
7548 0.0174573
7549 7.37118e-06
7550 2.66956e-05
7552 0.00119016
7553 4.75483e-06
7554 0.00011783
7556 8.288120000000001e-13
7557 2.19305e-08
7560 0.0420307
7561 1.48672e-07
7562 8.241310000000001e-06
7564 0.00276233
7567 7.92612e-06
7569 0.00332033
7573 0.0154486
7574 1.2903800000000002e-05
7577 0.0008129560000000001
7580 0.00896593
7581 0.00150923
7582 7.65995e-05
7583 0.00021601099999999998
7584 0.00047443699999999997
7587 1.05095e-05
7588 7.243520000000001e-05
7589 5.3570699999999995e-06
7591 1.36655e-08
7593 8.648120000000001e-09
7595 0.00029655400000000003
7596 6.44034e-05
7597 0.00053948
7598 0.000113941
7599 1.00722e-06
7602 8.377930000000001e-08
7604 0.0014885
7607 0.000468056
7608 7.32072e-07
7609 0.00149231
7610 0.013974100000000001
7613 8.53533e-06
7616 1.36654e-06
7617 1.20156e-06
7620 1.3538900000000002e-05
7623 0.00014589600000000001
7625 5.00706e-06
7627 1.07406e-07
7628 0.000515174
7630 3.7066700000000005e-25
7632 0.0008112839999999999
7634 0.000293128
7635 0.0005749419999999999
7636 0.00011224399999999999
7638 7.41812e-06
7641 1.78367e-08
7643 6.2862599999999995e-12
7644 1.32564e-06
7645 8.75745e-06
7646 3.58238e-07
7648 7.151090000000001e-05
7651 4.76944e-06
7652 9.806479999999999e-05
7658 1.307e-05
7659 1.83613e-05
7660 0.20709299999999997
7661 4.62551e-07
7665 8.31072e-08
7669 9.821039999999999e-06
7674 0.9495540000000001
7676 0.00105175
7681 9.35251e-09
7684 4.64206e-05
7686 0.0136924
7689 0.00174419
7690 0.782459
7693 7.72071e-06
7695 0.000335
7698 2.0129200000000003e-12
7700 0.0409609
7701 1.93672e-06
7703 0.000131047
7706 4.899729999999999e-05
7707 0.000280038
7708 6.591139999999999e-06
7710 0.373714
7711 0.0014186
7714 0.0676696
7716 0.00015416
7717 5.08679e-05
7719 0.000919613
7722 0.000619261
7725 8.58677e-09
7726 0.000430895
7728 0.00167011
7730 0.00203361
7733 2.9706e-05
7734 1.8031700000000002e-06
7737 0.00374995
7738 0.00250833
7739 0.00262644
7741 7.76383e-06
7744 0.000101956
7747 9.32367e-06
7750 5.0003900000000004e-05
7752 0.00716514
7755 3.43778e-05
7756 0.000184127
7757 4.98034e-11
7759 0.00035365099999999997
7761 6.3808599999999995e-12
7764 5.41253e-08
7766 4.49336e-05
7769 0.000223705
7770 0.000263637
7771 3.31334e-07
7774 7.611339999999999e-06
7778 0.00207466
7780 6.19278e-05
7782 7.13229e-05
7783 1.68141e-08
7784 0.0282539
7785 0.000196671
7787 0.000112694
7788 0.000971234
7789 0.00172915
7792 7.94681e-05
7794 2.1254499999999998e-05
7796 0.42324399999999995
7797 3.37205e-08
7800 0.00507332
7801 0.00221849
7802 7.74619e-06
7804 0.000339227
7805 3.9681599999999996e-05
7806 0.168623
7807 2.19314e-07
7808 0.000654005
7811 6.01411e-05
7816 0.000213638
7817 1.61642e-05
7818 0.0405421
7822 1.92608e-05
7823 5.6512600000000005e-05
7825 1.24438e-07
7827 7.62622e-09
7828 1.2066300000000002e-05
7829 4.11835e-06
7830 0.000762683
7832 3.93704e-06
7835 8.16499e-08
7837 7.97351e-09
7839 0.00108592
7842 0.00230152
7844 2.68435e-11
7846 3.5317900000000004e-06
7848 0.00547639
7849 2.49909e-06
7850 0.022074700000000003
7851 8.36581e-05
7852 9.35511e-06
7858 0.22064299999999998
7860 3.32743e-07
7861 5.64229e-06
7862 8.39792e-06
7866 0.00203487
7867 4.133159999999999e-06
7870 0.000339555
7871 2.3637600000000002e-05
7874 1.97858e-05
7875 2.36906e-08
7879 0.00013476700000000002
7880 4.61729e-05
7881 1.6151099999999999e-06
7882 4.17278e-12
7887 4.42808e-05
7888 9.90869e-06
7891 3.473e-05
7892 0.00116004
7893 3.82731e-06
7894 4.06042e-10
7895 2.3481500000000002e-05
7896 0.00015680299999999998
7903 1.2995999999999999e-05
7904 0.00731179
7906 1.81121e-11
7907 7.204439999999999e-05
7912 0.9199440000000001
7913 0.000257875
7917 6.51486e-05
7918 0.10332999999999999
7922 0.00322831
7927 6.458729999999999e-09
7929 9.14449e-05
7930 0.00330601
7934 5.432140000000001e-16
7936 3.5596900000000006e-08
7937 1.55643e-05
7938 9.083520000000001e-05
7941 3.8433e-05
7942 0.000179617
7944 0.648817
7945 5.514659999999999e-07
7948 0.00023464
7949 0.370636
7951 0.8268610000000001
7952 0.000690266
7955 5.43058e-05
7957 0.000181605
7960 2.68904e-10
7961 0.000321211
7962 1.0363699999999999e-05
7965 0.00040987
7966 0.00403985
7967 0.00748748
7969 0.000753895
7972 6.69246e-05
7973 6.61092e-08
7975 5.21939e-05
7977 7.25565e-05
7978 5.647380000000001e-06
7981 0.00249343
7982 0.00012137
7983 6.22197e-06
7985 4.2944899999999996e-05
7986 4.66174e-05
7988 0.0227479
7989 0.000231157
7990 0.365798
7992 0.0112918
7993 2.7885000000000002e-11
7994 2.6407199999999997e-05
7995 1.7297300000000002e-09
8000 0.000443686
8003 4.7116900000000003e-07
8006 0.40261399999999997
8007 6.502079999999999e-07
8010 0.00184137
8011 6.19145e-06
8013 0.271189
8014 0.00362745
8015 6.76025e-08
8016 4.79313e-06
8018 3.84889e-05
8020 0.011086200000000001
8021 9.0644e-05
8022 0.000485625
8025 0.00289173
8027 1.3538900000000002e-05
8028 0.000303359
8030 6.32211e-09
8034 2.0787e-07
8035 0.0991064
8038 0.139567
8039 0.0681497
8041 0.000248205
8045 0.00033767
8046 1.9953600000000002e-07
8047 0.00266393
8050 0.000600278
8052 0.00273682
8054 2.25173e-05
8055 4.65689e-08
8056 0.00635853
8058 0.00027283099999999996
8059 3.1265699999999997e-07
8065 0.387292
8066 5.63082e-05
8070 9.96393e-05
8071 0.00714695
8073 0.00011379
8074 7.82189e-06
8077 6.58093e-06
8078 0.000306855
8080 0.00050907
8081 0.000388083
8088 0.9807379999999999
8089 0.00183024
8090 9.679790000000001e-05
8092 1.22667e-05
8094 0.00336057
8097 6.621499999999999e-10
8099 8.524939999999998e-10
8102 0.0035364000000000003
8104 0.000317423
8109 0.00560613
8110 8.9144e-06
8111 0.00157497
8113 4.05337e-11
8114 1.16922e-06
8118 1.27601e-07
8119 5.89733e-05
8120 0.000524715
8123 0.00181368
8124 0.000845464
8126 6.648050000000001e-05
8128 1.5643900000000002e-07
8129 5.62259e-08
8131 8.129630000000001e-06
8133 9.87494e-05
8134 9.60816e-08
8135 1.19746e-05
8136 0.00408056
8143 0.016640799999999997
8145 0.293713
8146 0.000611956
8147 3.61835e-05
8148 2.5335400000000002e-17
8149 1.8775599999999998e-06
8152 7.92797e-05
8153 0.00112746
8154 1.20914e-05
8155 4.541600000000001e-05
8156 2.39062e-06
8157 8.084470000000001e-05
8158 0.0310806
8161 0.0337622
8162 3.62992e-05
8165 0.14853
8167 0.00297223
8170 2.78319e-05
8172 0.00031731099999999997
8176 0.00018297900000000002
8178 7.61108e-05
8179 2.35745e-05
8181 8.449349999999999e-09
8182 0.000610649
8183 3.80355e-06
8184 7.47893e-06
8185 1.5406299999999998e-10
8187 4.318930000000001e-06
8192 0.00178107
8193 5.1213799999999995e-09
8194 5.8279700000000004e-05
8195 0.00010588600000000001
8196 0.000316218
8198 1.9253799999999997e-07
8201 0.000380103
8205 0.00023899200000000002
8206 1.2770299999999998e-06
8207 0.00156645
8210 1.2590499999999999e-05
8212 0.323999
8214 6.67084e-09
8215 0.000440804
8217 0.056425699999999995
8219 1.01601e-05
8221 0.000560115
8227 0.000869497
8228 3.52121e-05
8230 7.55083e-08
8231 9.6407e-06
8233 0.00011410399999999999
8234 0.000208575
8237 0.258245
8238 2.541e-05
8239 3.54521e-05
8240 2.89694e-05
8242 0.00209433
8243 5.4473e-12
8245 0.00756254
8246 0.9663930000000001
8247 0.00282971
8249 0.000282423
8255 6.28141e-08
8256 7.5688e-06
8257 5.07033e-06
8259 6.03655e-05
8264 0.826946
8265 4.6268100000000005e-05
8266 0.000237552
8267 0.00022526099999999998
8270 9.761460000000001e-08
8271 0.00153204
8273 0.000443835
8274 5.31503e-08
8276 8.88818e-06
8277 1.53633e-05
8278 1.9436600000000003e-09
8283 2.0635099999999998e-08
8286 0.103191
8287 2.02972e-05
8288 3.35344e-05
8289 0.0099506
8290 4.4334e-06
8291 0.00012765700000000001
8298 0.000636896
8303 0.000480664
8304 0.00095213
8305 4.07037e-06
8308 0.0224042
8309 8.644019999999999e-06
8314 8.99244e-06
8321 0.00101037
8324 0.000251897
8325 0.000547318
8328 1.4430599999999999e-05
8330 0.00278249
8331 7.60592e-05
8333 5.936849999999999e-07
8334 1.2638e-05
8337 0.9039659999999999
8339 0.016004
8340 1.95347e-05
8343 6.27183e-06
8344 0.00017287599999999998
8347 0.000411731
8348 9.55315e-22
8350 4.60463e-05
8352 1.50897e-05
8353 1.1415500000000001e-06
8354 0.00011624799999999999
8356 8.41941e-07
8357 0.9638059999999999
8358 8.74969e-06
8361 7.62001e-09
8362 4.7906899999999994e-05
8363 0.00052225
8366 0.9207989999999999
8367 0.000246115
8369 2.10536e-09
8371 2.0966099999999996e-08
8373 0.000196908
8375 0.490246
8377 4.7223699999999995e-06
8378 9.558939999999999e-08
8379 0.519323
8380 0.000942826
8382 0.00028259
8383 5.4494300000000004e-05
8389 6.29019e-05
8392 0.0015253
8393 2.4217199999999998e-09
8394 0.000552406
8395 0.000136666
8396 7.12921e-08
8399 1.25942e-05
8400 0.000149143
8401 0.000391256
8402 0.00599605
8404 3.59144e-05
8405 6.1778e-09
8406 0.49072299999999996
8407 0.00187652
8408 1.7094799999999998e-06
8411 8.04852e-05
8412 0.0375579
8414 1.3112200000000002e-06
8417 0.0583187
8418 0.000601517
8419 0.00026189599999999996
8420 2.5156599999999996e-06
8421 3.23848e-09
8428 3.1441799999999998e-09
8431 2.77043e-06
8432 2.7515300000000002e-06
8435 4.26187e-05
8436 0.00038589099999999997
8439 2.22973e-05
8440 0.0206938
8441 0.000112286
8446 2.06631e-05
8447 2.46757e-11
8448 0.35502399999999995
8451 1.68142e-05
8455 1.4158499999999998e-05
8457 7.21485e-11
8458 0.000518182
8459 0.00522033
8460 0.00460778
8463 0.056457400000000005
8464 0.048842199999999995
8469 3.7387099999999997e-07
8471 0.0062055
8473 3.4038699999999996e-07
8474 2.60402e-05
8476 0.000352179
8479 6.4776699999999994e-06
8480 0.000170823
8481 0.00014157700000000002
8486 6.08467e-05
8487 8.403370000000001e-05
8488 0.0288765
8489 9.613560000000001e-06
8490 8.350449999999999e-07
8491 4.3826e-06
8493 4.4008e-05
8496 0.000137666
8497 9.83966e-06
8500 7.89392e-05
8501 0.115453
8504 9.3244e-06
8505 0.00172725
8507 3.15957e-05
8508 1.2698099999999999e-19
8510 9.76318e-06
8511 1.72138e-06
8515 1.23e-05
8516 0.00018197099999999998
8520 1.54817e-05
8525 0.00302752
8527 0.00016976
8528 7.393830000000001e-06
8531 0.00936881
8532 6.64471e-06
8537 2.5093299999999998e-08
8538 0.0023677
8539 2.77972e-07
8540 1.3455200000000001e-08
8543 0.00276326
8544 0.000962724
8545 1.22351e-08
8546 0.974593
8547 1.03022e-09
8548 2.5369499999999998e-05
8551 4.2518900000000004e-07
8552 0.000569127
8554 0.000432239
8555 0.0542563
8560 0.359556
8561 2.4469100000000003e-07
8563 0.25378
8565 4.22328e-07
8566 0.00208778
8567 0.000190636
8569 4.62568e-07
8570 1.6970400000000002e-07
8571 0.00205044
8574 0.013682399999999999
8575 1.53922e-06
8577 0.0008292810000000001
8578 0.0174791
8579 5.205149999999999e-07
8580 0.0168365
8583 0.00062507
8589 1.1931700000000001e-09
8590 0.00572031
8591 4.56883e-08
8593 3.3563000000000004e-05
8594 5.51702e-05
8597 1.71138e-07
8598 0.000143809
8599 6.48346e-05
8600 0.011801700000000002
8603 6.57355e-05
8605 0.00011759200000000001
8609 8.03347e-10
8611 0.00234513
8613 5.8727699999999995e-06
8614 1.34805e-07
8616 9.179630000000001e-06
8619 2.8294400000000002e-06
8622 1.6708200000000001e-07
8623 3.871e-05
8625 1.53269e-05
8626 8.96328e-06
8627 0.00047505800000000004
8629 3.78761e-05
8630 0.309434
8631 1.94333e-08
8632 2.28445e-07
8634 0.17436300000000002
8637 0.000227428
8640 1.66018e-07
8641 0.000234385
8642 0.868351
8643 1.7446099999999998e-09
8646 2.6561200000000004e-06
8648 0.0107649
8649 1.2593400000000002e-07
8650 1.19548e-05
8651 5.19589e-07
8652 9.68551e-05
8656 2.1031e-09
8657 0.022209200000000002
8658 0.00162105
8659 2.43104e-06
8660 4.58593e-06
8661 0.552235
8662 1.00696e-22
8664 0.00327549
8666 7.53331e-05
8668 0.00104005
8669 0.000349849
8671 0.000646628
8672 0.00020542099999999998
8673 0.010497200000000002
8674 5.0459699999999994e-08
8675 0.00015719899999999998
8677 1.13254e-06
8678 6.53512e-05
8679 0.00313408
8681 9.40874e-06
8682 3.1380099999999997e-06
8684 0.00017527099999999998
8685 3.9146699999999996e-06
8686 1.85097e-05
8689 1.36967e-09
8693 4.4328600000000004e-10
8694 0.168849
8696 0.0583899
8697 0.000180287
8700 2.06242e-06
8703 3.08161e-10
8704 1.58439e-06
8705 0.00011902399999999999
8707 0.6947720000000001
8708 0.00284261
8711 0.00108053
8712 0.00348986
8714 4.2727000000000004e-16
8715 0.00148166
8719 0.00202271
8721 1.20918e-05
8724 0.000122259
8726 2.2111900000000003e-06
8729 0.000204267
8734 0.00186055
8735 0.00128897
8736 0.00945205
8737 2.05964e-07
8740 9.030040000000001e-05
8743 0.0246924
8745 1.4630600000000002e-06
8746 9.56501e-05
8751 0.00258933
8754 1.3566099999999999e-05
8758 9.25759e-05
8761 0.019549200000000003
8762 0.00215613
8763 6.808530000000001e-08
8765 4.18929e-05
8767 1.7375999999999999e-06
8774 0.00450025
8777 1.31693e-13
8778 3.99708e-05
8779 1.5372e-06
8780 0.00019073400000000002
8781 6.45357e-06
8782 0.9774229999999999
8785 0.000352263
8786 0.00019902
8787 5.21926e-09
8788 0.923464
8789 4.57644e-06
8791 6.47597e-09
8792 7.97758e-08
8795 0.00012385399999999998
8797 5.5939799999999996e-05
8798 0.458661
8800 2.7190999999999998e-05
8802 1.44937e-06
8803 1.84672e-05
8804 0.000105595
8807 5.62427e-05
8808 7.77347e-05
8812 0.0201734
8816 9.58151e-05
8818 5.22458e-05
8820 8.56713e-05
8821 0.00132074
8824 6.44915e-06
8825 2.4224499999999997e-10
8827 0.00121378
8828 0.0078341
8829 6.89417e-11
8830 1.96525e-06
8832 1.37441e-06
8834 1.47129e-05
8839 6.23024e-07
8842 5.92813e-05
8844 2.17476e-05
8845 4.32974e-08
8846 7.3937e-07
8850 2.46108e-06
8851 2.25263e-05
8852 6.02111e-08
8853 1.6470400000000001e-06
8855 1.67195e-07
8857 0.000972452
8860 1.12597e-05
8861 0.00014251299999999998
8863 0.0007846530000000001
8864 2.6342500000000002e-06
8866 0.191353
8868 0.000506413
8869 0.00248375
8870 2.59618e-16
8875 4.19418e-06
8877 4.90919e-05
8881 2.27006e-11
8882 1.3486900000000001e-07
8887 4.93762e-06
8889 1.80336e-06
8893 0.00055188
8894 3.3744e-05
8895 0.000246818
8896 3.51654e-08
8897 0.00011337
8898 1.18772e-05
8899 6.70979e-05
8901 2.84426e-05
8902 0.000363721
8903 0.012751700000000001
8904 0.00437698
8906 0.00323339
8907 0.00034898800000000005
8908 2.58378e-07
8910 0.567182
8912 5.61216e-08
8915 0.614397
8916 0.0006632519999999999
8918 3.05912e-06
8922 0.00015937299999999998
8924 1.1078200000000001e-06
8925 1.01721e-06
8928 0.00350088
8934 6.41137e-24
8935 5.725010000000001e-09
8937 2.4098e-09
8938 1.3377e-05
8941 1.46396e-05
8945 0.000714898
8946 4.06593e-05
8947 4.66346e-05
8949 2.74449e-05
8950 1.53789e-15
8952 0.00010850399999999999
8954 0.00590857
8956 1.2799000000000001e-21
8957 4.7944799999999995e-05
8959 2.0274000000000003e-06
8963 0.000334229
8964 7.83583e-05
8972 2.9496500000000002e-08
8974 3.48508e-07
8977 3.24161e-07
8981 1.0952e-14
8984 2.5769099999999997e-05
8986 1.51682e-07
8990 9.85295e-06
8991 1.85725e-05
8992 0.000302137
8993 0.000378505
8994 0.000257725
8996 3.84996e-05
8998 0.00141828
9001 0.000386876
9003 0.000371434
9008 1.9467799999999998e-09
9009 0.000139551
9010 6.54485e-07
9011 0.0198102
9012 7.0059399999999995e-06
9013 0.00018852700000000002
9014 7.25466e-05
9017 0.000387831
9021 0.824564
9023 5.12671e-11
9025 1.25211e-06
9026 0.00733499
9028 2.12637e-09
9030 5.42359e-06
9031 0.00232224
9033 0.04768119999999999
9038 0.0404083
9040 0.00254365
9041 1.0069000000000001e-09
9043 0.000233727
9044 3.01819e-09
9046 3.96614e-06
9047 4.53028e-08
9050 4.528659999999999e-08
9052 1.8128599999999998e-05
9054 0.0009364110000000001
9055 0.00162888
9056 9.56809e-07
9057 5.83049e-08
9061 8.11233e-08
9062 0.650946
9065 6.89125e-06
9067 7.05173e-06
9069 3.5505300000000006e-10
9070 5.4239899999999995e-05
9071 1.43916e-10
9074 4.75919e-07
9075 0.000253024
9076 0.00018025799999999998
9077 0.0163991
9081 4.97445e-05
9082 0.00018460200000000002
9083 9.96389e-07
9084 4.70147e-06
9088 4.5395699999999996e-05
9090 1.1222300000000001e-07
9092 0.00435498
9093 1.5887200000000003e-08
9095 2.9012099999999997e-06
9096 2.5769999999999997e-09
9097 0.059622800000000004
9101 1.0515899999999999e-05
9102 0.000629634
9103 4.10412e-06
9104 6.10842e-05
9107 0.000108585
9109 0.0012586
9110 0.0005167080000000001
9111 0.9167069999999999
9115 0.00216531
9118 1.06476e-06
9119 2.33191e-06
9120 0.0008051489999999999
9122 0.506532
9124 0.00635899
9125 0.000702873
9127 0.00267236
9130 7.751950000000001e-06
9132 6.93831e-05
9134 2.7679299999999998e-05
9135 1.70455e-06
9137 7.88878e-06
9139 5.081839999999999e-07
9140 0.00690284
9142 1.44102e-07
9143 0.000576594
9145 1.15739e-11
9146 1.0405999999999999e-08
9149 0.00014614
9152 1.21155e-05
9154 1.61149e-06
9156 1.8118699999999999e-09
9158 1.4461099999999999e-18
9164 0.000415635
9165 0.0005256530000000001
9167 3.11074e-18
9169 3.75352e-05
9170 0.00027833400000000004
9171 0.000643194
9172 5.89104e-05
9176 5.7575500000000005e-05
9182 3.48317e-08
9183 4.65685e-11
9188 0.979187
9190 6.34442e-07
9198 7.21652e-10
9199 1.5871400000000002e-05
9201 0.00184476
9203 0.0351534
9204 0.011999
9206 5.21289e-05
9207 0.0281493
9210 0.00042387
9211 1.01942e-17
9216 2.03712e-05
9217 1.70216e-08
9219 0.00222225
9220 0.00635312
9222 4.65349e-07
9223 0.000136755
9225 0.018868299999999998
9226 2.7055999999999996e-07
9228 0.0027300999999999996
9229 2.22628e-06
9231 9.40426e-06
9232 0.000867591
9233 0.000234196
9234 9.70013e-07
9235 0.00156407
9237 2.1267900000000002e-07
9240 5.52067e-06
9241 0.0570793
9243 2.12209e-10
9248 2.96299e-05
9253 0.00090819
9256 1.55223e-11
9257 0.00019549099999999998
9258 4.1373000000000004e-07
9260 6.6118299999999995e-06
9261 0.013194899999999999
9262 4.862419999999999e-08
9263 5.31672e-05
9264 0.00010305799999999999
9265 0.000569528
9266 5.48663e-05
9267 0.53664
9274 1.0521e-05
9275 0.000943979
9276 7.541359999999999e-05
9277 8.31201e-09
9280 4.830560000000001e-05
9284 0.00473261
9292 7.99391e-05
9293 0.0006034
9294 0.000595865
9297 0.0009854010000000001
9298 0.94424
9300 2.50213e-05
9301 0.000513483
9302 9.18505e-10
9304 0.231298
9305 1.2333700000000001e-07
9310 5.8579700000000004e-05
9311 4.18736e-05
9313 1.06912e-06
9314 0.0131173
9317 9.90195e-08
9319 6.12643e-07
9320 0.000627202
9321 8.2356e-08
9322 0.000695155
9328 2.0066e-05
9329 3.12283e-07
9332 0.00020268
9335 5.54316e-06
9338 4.01699e-10
9340 0.321813
9341 5.462709999999999e-06
9344 0.00141948
9345 1.95299e-05
9346 3.83146e-07
9352 0.00028231700000000003
9353 0.000138717
9355 1.2892600000000003e-06
9356 0.000359165
9357 6.979789999999999e-06
9360 5.30921e-08
9361 0.000136124
9363 1.82216e-07
9364 2.04643e-05
9366 2.20537e-09
9367 0.000227387
9369 0.000101429
9370 4.89959e-07
9372 0.000668147
9376 1.79624e-08
9379 0.016714700000000002
9380 4.80319e-05
9381 8.188780000000001e-10
9383 2.8545100000000003e-07
9384 0.06943730000000001
9385 2.45296e-06
9387 0.778263
9390 4.63357e-18
9391 0.0019957
9395 1.3686e-12
9396 0.0933024
9397 9.542489999999999e-08
9399 0.00390914
9400 0.00525233
9402 0.0100987
9403 0.00123651
9404 0.0115213
9415 0.00160488
9416 1.21228e-11
9423 0.00016173200000000002
9425 0.000310022
9426 0.000932683
9427 0.00037334699999999995
9428 0.000189515
9430 4.64803e-10
9431 2.58777e-05
9435 0.0006748110000000001
9436 0.044545999999999995
9441 0.000541424
9442 1.35639e-12
9444 1.36284e-05
9447 5.35951e-08
9449 4.41927e-06
9450 0.000438165
9451 2.07458e-11
9452 2.19e-06
9453 6.12315e-08
9462 1.3284300000000001e-09
9467 0.00017864400000000002
9471 0.00198999
9473 0.00015157299999999998
9474 2.3843400000000003e-05
9475 1.8742e-09
9478 0.00115016
9482 2.1715900000000002e-06
9483 7.217389999999999e-12
9485 0.000850944
9486 0.000134355
9487 0.000173237
9489 0.000931155
9492 8.227799999999999e-05
9493 1.3046099999999999e-05
9495 0.000546059
9498 0.7317859999999999
9501 0.000122692
9503 0.000518666
9505 4.5408e-05
9506 0.555076
9509 0.000375415
9510 0.9479049999999999
9511 1.3123299999999999e-05
9513 0.00204581
9514 4.51609e-05
9521 3.06185e-05
9522 2.38073e-06
9525 1.7773e-08
9529 3.82279e-05
9530 0.352811
9534 2.28597e-07
9535 6.47246e-06
9536 1.44561e-11
9538 0.284075
9539 0.000898881
9544 4.29645e-06
9547 7.089229999999999e-05
9548 0.00117708
9552 2.9701e-07
9553 2.63758e-07
9554 2.3000900000000002e-05
9555 0.352366
9556 0.000115096
9559 6.07508e-05
9561 1.63444e-05
9563 0.000213839
9564 0.000282323
9569 0.00244704
9570 0.0470173
9572 0.000634929
9574 3.8801100000000004e-05
9575 5.84051e-07
9578 0.00168663
9581 2.8751700000000002e-08
9582 0.00111657
9583 6.01225e-05
9589 2.6931399999999998e-05
9590 3.17196e-05
9592 2.2677399999999997e-05
9593 8.69474e-07
9594 0.00350679
9595 7.72199e-05
9599 0.00037789400000000004
9601 0.00488607
9602 1.09259e-11
9604 0.000363472
9606 0.00290048
9607 0.00011161700000000001
9608 1.73602e-07
9610 0.000172708
9612 3.25981e-05
9616 3.49925e-08
9622 4.0940399999999995e-07
9624 5.9721800000000005e-06
9625 0.260629
9626 0.000143478
9628 7.83154e-06
9630 0.00045855300000000005
9631 0.000211072
9632 1.1267e-06
9633 0.00168255
9635 0.00903488
9639 0.00015332600000000002
9640 6.78856e-09
9642 1.76539e-05
9643 0.184309
9645 2.8936700000000004e-06
9646 3.84991e-10
9648 0.00151669
9651 3.2336100000000004e-05
9652 4.22726e-15
9653 8.07962e-06
9657 3.29246e-06
9660 0.000167648
9661 4.4771e-05
9662 8.86416e-08
9663 2.17035e-06
9665 0.000451429
9669 4.91179e-07
9672 8.59818e-06
9673 2.00843e-07
9674 1.36074e-08
9675 1.35143e-05
9677 0.000242524
9680 3.67513e-08
9682 2.02303e-06
9683 0.951498
9688 1.64731e-06
9689 3.55278e-05
9690 1.96652e-05
9694 0.423134
9696 0.00137196
9697 0.000381141
9701 0.000525922
9704 0.00206289
9705 0.000236865
9708 3.8819e-05
9714 0.527471
9715 8.676360000000001e-06
9716 1.44777e-21
9720 7.88155e-12
9722 0.00748674
9723 9.64004e-10
9725 0.0193462
9727 0.514204
9728 2.13785e-05
9730 0.00338042
9731 3.52091e-16
9736 2.2530100000000003e-05
9739 7.26784e-05
9740 5.0132e-08
9741 0.00310767
9742 0.000359681
9744 0.000101973
9750 0.0118631
9751 0.00012241299999999998
9752 8.527e-05
9753 0.000111111
9757 2.0663099999999997e-08
9759 1.1383e-10
9760 4.0744e-05
9765 1.6069200000000002e-06
9766 6.656470000000001e-07
9768 0.0005606
9769 0.000638184
9770 0.028355599999999998
9771 0.000762613
9775 2.80585e-15
9777 0.0374464
9779 0.000721544
9782 0.000864327
9783 0.00381571
9784 0.1782
9786 0.0245826
9787 4.9535800000000003e-08
9788 2.77825e-07
9791 0.10944200000000001
9793 0.00030386
9795 8.88035e-08
9798 0.000127525
9799 8.158889999999998e-06
9802 2.38718e-06
9803 0.00187072
9804 0.332992
9806 0.252875
9811 4.1842200000000004e-05
9812 0.00172001
9814 3.1798700000000003e-06
9815 1.94594e-06
9817 6.0467e-07
9818 0.000101851
9820 1.5269899999999999e-06
9821 5.47993e-11
9824 0.00020020299999999998
9826 6.64733e-13
9827 2.08802e-07
9829 0.15573299999999998
9835 3.9698599999999995e-08
9837 0.00144188
9838 0.000529555
9840 3.02226e-06
9843 0.00363137
9844 0.000385355
9846 3.86559e-06
9847 7.07062e-05
9849 0.000544495
9850 0.00028493400000000003
9853 0.00023266400000000002
9854 4.41483e-06
9856 0.368678
9857 0.0005891080000000001
9861 1.82721e-05
9864 0.08056369999999999
9866 3.27613e-06
9871 0.00013585799999999999
9873 2.33762e-07
9875 0.000249125
9876 2.02018e-18
9883 0.00449475
9885 0.00222143
9888 4.90765e-05
9889 0.00330712
9890 5.35101e-10
9891 0.0945192
9892 1.37131e-05
9893 1.1049500000000002e-09
9895 7.97066e-07
9899 1.8292099999999998e-06
9901 0.0124263
9903 0.00166681
9906 1.32869e-06
9907 2.54984e-06
9909 2.54785e-07
9910 0.0006720680000000001
9912 3.73768e-06
9914 0.000158796
9915 7.81777e-06
9916 3.0710900000000003e-06
9919 1.06873e-05
9921 0.0497574
9922 1.0517899999999999e-07
9924 0.00105864
9925 6.00383e-12
9927 1.85674e-06
9928 9.88639e-05
9929 0.000104086
9930 0.00018777
9931 4.81447e-05
9933 1.8958599999999999e-06
9934 0.010850299999999998
9936 0.307053
9937 0.00274924
9941 0.0005608680000000001
9943 0.00057607
9948 2.13708e-05
9951 0.163416
9952 3.43235e-07
9953 1.44245e-07
9956 2.5797500000000003e-08
9957 3.91634e-06
9960 1.7234900000000002e-06
9962 0.000873025
9963 0.00161736
