1 1.8234000000000002e-05
2 0.190331
3 0.150765
4 0.61553
6 0.00141297
8 4.1594499999999996e-05
10 0.07711760000000001
11 0.000133262
13 0.0226596
14 0.385213
15 1.46581e-06
18 3.80048e-05
22 0.000459211
25 0.00565107
27 0.0039177
28 5.9551800000000005e-06
29 4.37837e-06
31 0.000485497
37 9.269599999999999e-07
38 8.623619999999999e-08
40 4.3577300000000003e-08
43 0.000258663
45 7.95853e-07
49 0.0208181
53 0.000221157
54 0.00933374
55 0.00383135
56 0.00206256
57 1.87864e-09
58 0.135794
59 0.00793247
62 0.00447536
67 0.000980171
68 2.22851e-07
69 0.000564778
70 0.000192006
71 0.999664
74 0.9618030000000001
75 0.00101604
76 0.0149738
79 1.55559e-06
80 0.00822327
82 0.9975860000000001
84 2.13289e-06
85 0.00029944
86 0.0261855
87 0.154116
88 0.020451900000000002
90 0.00032872
92 4.6176000000000006e-05
94 0.00240253
96 0.00144184
97 0.000170389
98 0.000148513
100 0.00791883
103 0.191557
105 4.8141899999999994e-05
106 4.72476e-08
108 0.000500908
111 0.0930827
114 1.7611099999999998e-05
115 0.593483
116 0.00159344
119 1.3739400000000001e-06
124 0.00012014700000000001
126 0.148976
127 0.0470679
128 0.21593099999999998
135 0.602001
136 0.00942084
137 0.45007700000000006
139 3.25534e-08
144 0.00152754
145 0.0332777
148 2.8436000000000004e-10
149 3.54588e-05
151 0.0009768189999999999
152 0.998892
155 0.000527771
157 6.24485e-05
160 0.00513957
166 0.00118302
167 4.98008e-13
168 0.00730963
172 0.9926370000000001
175 3.0542099999999998e-06
176 0.000119357
178 0.0009016110000000001
179 0.00143554
181 0.00184623
182 0.00305637
183 1.08548e-06
185 0.0015122999999999998
186 0.012272
188 4.38824e-05
191 0.13047
195 0.9852129999999999
196 7.58925e-05
197 0.990907
199 1.1661e-07
201 0.000144578
202 0.00131174
204 0.000842157
205 0.0006558660000000001
206 0.47814799999999996
212 0.008092799999999999
213 0.00175865
216 1.87261e-06
217 0.00032418
223 0.0309025
226 0.27631300000000003
227 6.66335e-07
230 0.000873894
231 0.169218
234 3.01088e-07
237 0.0698131
238 0.288943
239 0.00036814199999999996
240 0.9902690000000001
243 3.7051e-07
247 0.00479551
248 0.00760885
252 0.872554
253 0.000579429
254 0.588422
255 1.00033e-08
258 0.0139632
260 0.00033515199999999997
261 1.4276799999999999e-08
264 0.013249799999999999
265 0.000557674
267 5.2481899999999996e-05
271 0.192166
272 0.000399515
273 0.15371700000000002
274 9.07205e-06
277 0.000275616
279 0.00655176
280 0.00490031
281 0.00929454
283 7.64628e-09
284 0.991447
286 0.0993186
287 7.41068e-05
290 0.0118765
291 3.37061e-05
292 0.00021590299999999998
293 0.9582639999999999
295 0.0657378
297 0.000395893
299 0.0287028
300 0.935903
301 0.8888809999999999
309 1.00779e-06
310 0.00611856
313 0.968359
314 2.2588099999999998e-05
315 0.0027969
316 0.00117774
319 0.00658385
324 0.00394663
326 0.00260976
327 0.00217707
330 0.1442
333 0.00400148
335 0.226766
339 0.00399327
341 0.9224610000000001
342 6.658779999999999e-05
345 0.00982864
346 9.955290000000001e-05
348 7.76646e-05
350 3.0065899999999997e-07
351 0.495357
353 0.0006212999999999999
356 0.0323568
357 6.04403e-05
358 0.961857
360 0.000544488
361 0.9574860000000001
362 1.96845e-05
364 2.9634e-06
365 6.4148800000000005e-06
366 2.6488e-06
368 0.000205422
369 0.00491431
371 0.187273
375 0.00669875
376 0.28129099999999996
377 0.0155621
378 0.000362019
383 6.07703e-07
384 3.9109399999999995e-06
385 7.283560000000001e-08
386 0.0448477
388 2.7932899999999998e-05
389 0.00834142
390 0.9780639999999999
392 0.00477329
393 0.00392615
397 0.00274608
398 0.053915199999999996
399 8.614879999999999e-07
401 4.58769e-06
402 0.9661850000000001
405 0.00320427
409 5.9925e-05
410 0.025065999999999998
412 0.00293205
413 0.00942171
414 2.3627500000000002e-07
415 0.9974870000000001
418 0.0224118
421 5.3832700000000004e-05
422 5.0076999999999995e-06
423 0.020340200000000003
425 0.6872010000000001
426 0.0210681
429 3.59609e-05
432 0.0841772
434 0.0336491
436 0.000251121
437 0.00127984
440 0.9853700000000001
441 0.00450702
442 9.933350000000001e-08
444 3.11255e-05
445 0.000651395
447 0.0924724
449 0.00386329
451 0.00011856
452 0.000283381
453 0.997693
455 0.021356200000000002
456 0.536553
457 0.016024100000000003
458 0.00151628
465 0.995207
466 0.000385715
467 4.1096099999999994e-05
471 0.9499219999999999
472 2.31905e-09
473 0.0114027
475 1.3506900000000001e-05
478 1.19255e-05
479 0.000333787
481 0.23799
485 0.0350066
487 9.59717e-06
488 0.9980020000000001
490 0.000453008
493 0.0006003580000000001
495 0.00688808
497 0.000151442
502 0.000635232
504 0.051418
505 0.911962
506 8.4586e-06
507 0.00745725
510 0.00019648200000000002
511 0.05531369999999999
512 0.0107755
517 0.0012552
521 0.000818136
527 1.56485e-08
529 0.0627
532 0.00133634
533 0.0884883
534 0.00811892
536 8.730290000000001e-05
538 0.00484418
539 0.184088
542 9.546569999999999e-06
546 1.78238e-05
547 0.0194397
548 0.9934540000000001
551 0.050274
553 0.0208798
556 0.0467783
557 0.00151156
558 0.106153
560 0.128229
561 1.27073e-07
562 1.13759e-06
566 1.32568e-05
567 6.70798e-05
568 8.72743e-05
569 1.5911700000000001e-06
570 0.00258523
571 0.9525959999999999
572 7.86125e-05
573 0.0292143
574 7.25774e-05
575 0.171302
576 0.00418773
578 0.00405971
580 0.992917
584 9.47847e-06
585 0.9948950000000001
586 0.5747140000000001
587 3.7672399999999995e-05
593 0.998983
594 5.77803e-05
595 0.00010872
596 0.0187238
600 0.00386175
602 0.49667
603 9.98229e-05
604 0.0214267
606 2.39087e-05
607 0.274092
611 0.000602231
614 1.89373e-07
615 0.00369835
616 0.0012005000000000002
617 0.00779962
618 0.026741700000000004
621 0.00819725
623 0.00257486
624 0.26817199999999997
627 0.000263917
629 0.3611
630 9.37698e-06
631 0.0282847
634 0.170846
636 0.15792799999999999
638 5.55307e-06
639 0.00488532
640 4.04005e-10
641 0.00292105
642 0.00040176199999999995
643 0.012926400000000001
644 1.42768e-09
646 0.993871
649 0.963709
650 0.0268695
651 0.0014982
652 3.3667899999999997e-05
655 0.0034445
658 0.0019341999999999999
659 4.37494e-05
662 0.000153731
664 0.00046780300000000003
665 3.10488e-07
666 0.00326745
668 0.000272118
669 0.7308899999999999
670 1.57844e-05
673 0.000139996
674 0.027564799999999997
678 0.000600304
679 0.969477
681 0.00011640600000000001
683 0.000147419
687 0.9714360000000001
691 0.0006350969999999999
692 0.000669923
693 0.102199
696 0.00101035
697 0.000130832
698 0.15801300000000001
701 0.00241633
703 0.05697909999999999
704 0.0321533
706 0.000348422
708 0.00707536
715 0.946522
716 0.000275774
718 7.21169e-05
719 0.014900100000000001
721 0.990591
722 6.64144e-07
723 0.0183796
724 0.997508
725 0.0100214
727 0.0360147
732 0.0450814
734 0.00165105
735 0.000303064
736 0.990266
737 0.08215399999999999
741 4.63265e-09
743 0.428187
744 0.00043591400000000003
745 0.00122196
747 0.9994780000000001
749 4.7725e-09
751 0.0651104
757 0.9973569999999999
758 7.15954e-07
759 9.96734e-08
762 0.0161762
765 0.00196247
766 0.000144525
769 0.000284947
773 0.00044673099999999996
775 0.00355922
778 0.895324
779 7.83501e-05
781 0.000137131
783 0.06781910000000001
784 0.0120581
785 0.000145243
788 0.010128100000000001
789 7.228600000000001e-07
790 0.0131559
792 0.00713761
795 0.0330407
798 1.24067e-07
801 0.9987520000000001
803 2.31869e-05
807 0.012495200000000001
809 0.995661
811 1.1112999999999999e-07
813 2.53042e-07
817 0.011028399999999999
819 3.08632e-05
821 2.70604e-05
824 0.00253729
825 2.03673e-08
833 0.0202393
835 0.000361589
836 0.00133402
837 0.0157214
838 1.75954e-08
839 0.00632048
840 0.00299906
841 0.00905919
844 0.9888899999999999
846 0.00118587
852 0.00141164
853 2.64333e-08
856 0.0007208710000000001
858 0.00476561
861 0.0007752639999999999
864 0.000306536
866 0.016612099999999998
869 0.014495
870 0.00133247
873 0.013966999999999999
875 0.808773
877 0.000805562
881 0.998243
883 0.221004
884 8.92931e-05
886 0.000330609
890 0.0057791000000000006
891 0.00485981
893 0.48549
894 0.98255
897 3.11354e-05
901 0.0342369
905 0.134304
907 0.0741346
909 0.00319892
910 2.6064699999999998e-05
913 0.000908677
914 0.05988380000000001
916 7.02063e-05
922 0.22154000000000001
924 0.6918479999999999
925 3.04576e-05
927 7.35181e-05
928 0.000268519
930 1.39714e-07
932 0.992368
933 0.000283459
938 0.0007373519999999999
939 0.00818329
940 0.00177102
941 0.00505815
942 0.000406475
944 0.105875
945 0.9979620000000001
952 0.000373075
953 4.3587e-05
955 0.00540881
956 0.020636599999999998
957 0.00106624
959 0.000203978
960 0.0570625
961 0.162177
963 4.5921000000000005e-07
968 8.840299999999999e-05
969 7.48003e-05
970 0.0219682
974 5.92614e-07
975 4.3720299999999995e-05
976 0.055897800000000004
978 0.0124887
979 0.06716699999999999
981 0.00168088
983 0.00372932
984 0.110722
985 0.9646610000000001
986 0.00212677
988 0.00031759400000000004
990 0.000129521
992 6.16396e-05
994 2.52404e-07
995 0.00112226
998 1.22115e-06
1000 1.27053e-05
1003 0.999179
1005 0.977658
1006 0.00255808
1007 1.89191e-07
1013 0.000499319
1016 0.00356216
1019 2.26685e-06
1020 0.00214314
1021 9.13784e-07
1022 0.9873850000000001
1023 2.4416500000000002e-05
1025 0.0007667689999999999
1026 0.000104232
1029 6.26449e-05
1030 0.002722
1031 0.00068241
1032 7.119830000000001e-07
1033 0.00014717299999999998
1034 0.9458770000000001
1035 3.36262e-05
1037 0.00607178
1038 0.00128441
1039 0.0212617
1040 0.00022742299999999998
1044 0.00866166
1046 0.00424104
1047 0.000138749
1048 0.000276871
1049 0.0200143
1051 1.45339e-08
1054 5.49504e-05
1055 0.00111098
1058 0.9407469999999999
1059 0.00597802
1063 0.00564419
1065 0.00123918
1067 2.69051e-05
1070 1.40991e-05
1075 0.0266631
1076 0.0109336
1080 0.770369
1081 0.00423654
1085 0.9920979999999999
1086 0.0228754
1087 0.00549381
1088 1.2794000000000002e-05
1089 2.20593e-06
1090 0.9589690000000001
1094 0.0422042
1095 0.0007676369999999999
1096 2.54913e-09
1098 1.0168600000000001e-08
1099 0.28076100000000004
1100 0.11365499999999999
1103 0.000269457
1105 0.00177439
1108 0.00203324
1111 0.60196
1114 0.0316668
1115 0.00048679800000000004
1116 0.00017470400000000003
1117 0.00181725
1118 0.00196356
1120 0.0166595
1122 0.000199675
1123 0.000500611
1126 2.24802e-07
1128 0.0007980260000000001
1131 6.95706e-05
1132 0.00031318599999999997
1133 0.000117127
1134 0.000865025
1135 0.9856889999999999
1138 9.783639999999998e-06
1139 8.9417e-11
1141 0.049898000000000005
1146 0.00355564
1150 9.50224e-07
1153 0.027334800000000003
1155 0.000240334
1157 0.017587799999999997
1159 0.00200195
1162 0.49437299999999995
1163 0.00396053
1165 0.052803199999999995
1167 0.000709302
1169 0.000188433
1173 6.44116e-05
1177 0.00022715400000000003
1178 0.000760189
1179 7.60732e-07
1180 0.00684986
1181 5.130930000000001e-10
1183 0.000638596
1188 0.199113
1189 2.1926700000000002e-08
1190 4.20436e-05
1193 0.0008449489999999999
1195 0.00114835
1196 7.593050000000001e-05
1197 0.00571917
1198 0.998915
1202 0.000215012
1208 0.00104339
1210 0.046865
1213 0.011804700000000001
1216 0.0103844
1217 0.00092941
1218 0.00124975
1219 0.06554650000000001
1220 3.241e-05
1222 0.24900999999999998
1223 2.30819e-05
1227 0.126824
1228 6.25289e-05
1232 0.00612608
1235 0.000929723
1238 1.04308e-08
1242 0.00387546
1243 0.00520977
1244 0.000158534
1245 0.000359975
1246 0.791132
1249 0.010157
1251 0.0405074
1252 0.996186
1253 0.0192743
1255 0.503113
1256 0.00687021
1257 3.4371799999999995e-05
1261 0.000418972
1262 8.28151e-11
1264 0.010700200000000002
1267 0.051075300000000004
1271 0.00885316
1275 0.000771758
1276 0.0009206969999999999
1278 0.0033805
1280 0.993009
1282 0.000102942
1283 0.990352
1285 0.037344999999999996
1291 0.650043
1295 0.040693400000000005
1296 0.00010435799999999999
1297 7.403880000000001e-06
1300 0.00176458
1301 0.00165489
1302 9.217330000000001e-06
1303 5.7012399999999996e-05
1305 0.0104515
1306 2.67491e-06
1307 0.00186915
1308 0.775075
1313 0.000501479
1317 0.00227433
1318 0.08156469999999999
1319 0.00166287
1320 0.000335754
1321 0.9892700000000001
1322 9.09367e-05
1328 0.00865215
1329 0.034137
1331 0.997189
1335 0.157156
1336 3.01433e-09
1338 4.67577e-06
1339 0.00116849
1340 0.0008549930000000001
1342 0.00152915
1344 2.96048e-05
1347 6.164569999999999e-05
1349 0.060276300000000005
1351 0.00300885
1353 7.32644e-08
1354 0.000163784
1355 0.0134864
1356 0.9988299999999999
1357 0.0145852
1358 0.09069760000000002
1359 0.0547124
1363 0.000197798
1366 0.0009567169999999999
1367 1.01655e-06
1368 0.00758511
1369 0.999613
1370 1.2026799999999998e-06
1372 0.00209953
1373 0.000364358
1374 8.13025e-05
1376 0.0656005
1377 0.00525076
1379 0.995641
1380 0.00770876
1381 8.77952e-08
1382 0.211995
1389 0.0947814
1391 0.00035816699999999995
1392 5.93716e-07
1394 0.9868959999999999
1396 0.117898
1398 7.191680000000001e-05
1399 0.0100015
1401 2.3396900000000004e-06
1403 0.00043096
1407 0.139452
1410 0.00024228799999999998
1411 4.71391e-05
1412 0.000621234
1415 0.196605
1416 6.55462e-05
1417 0.00378099
1419 0.000507966
1422 0.911552
1423 0.0065845
1424 0.052805200000000004
1425 0.0199423
1428 0.00806546
1429 0.0008695469999999999
1431 0.000832101
1433 0.00545979
1435 0.974809
1437 0.006471300000000001
1438 0.00563893
1440 1.0376799999999999e-07
1446 0.00013759999999999998
1447 0.00023106
1448 0.0222712
1449 0.00479008
1452 0.111884
1454 0.018531
1456 0.00388171
1458 0.07976389999999998
1459 0.0032256
1461 0.0382681
1462 0.240052
1469 0.00853218
1471 0.07526139999999999
1473 0.00735848
1474 3.6542e-06
1476 0.000553984
1477 1.71174e-05
1478 0.00191367
1482 0.00897403
1487 0.0191159
1489 1.5608e-05
1491 0.9946379999999999
1495 0.0474695
1496 3.39319e-11
1500 1.06071e-05
1502 3.16835e-06
1503 9.361430000000001e-05
1505 0.00444929
1506 0.00535281
1507 8.849010000000001e-05
1508 0.015567500000000001
1511 0.9996510000000001
1513 4.29961e-05
1516 6.4095400000000005e-06
1518 4.77375e-05
1519 0.00046681
1520 0.0007650510000000001
1525 0.997302
1527 0.00017489
1530 0.0009612310000000001
1533 0.00253006
1534 0.030319
1535 0.8865040000000001
1538 0.0276522
1540 0.00043851599999999996
1542 0.000282123
1546 1.96351e-05
1547 1.13335e-06
1549 4.13092e-06
1550 0.999179
1551 5.65896e-08
1552 0.966836
1558 0.000388124
1560 0.9944200000000001
1562 1.92358e-05
1564 4.3711700000000004e-05
1566 0.00454413
1567 0.0051879
1568 0.00149749
1569 0.0089113
1570 2.7189099999999997e-05
1572 0.999817
1573 4.21684e-05
1574 0.06867999999999999
1575 0.20152799999999998
1578 0.00423048
1581 0.0008563039999999999
1583 0.00381742
1584 0.017654
1585 0.00010853100000000001
1587 0.00101559
1589 0.012284999999999999
1591 2.42532e-06
1592 0.00216182
1596 0.0102925
1599 0.0198466
1600 0.00259035
1601 2.5305599999999996e-07
1602 0.47463
1605 0.793307
1606 1.5377299999999999e-06
1609 4.36396e-05
1613 0.000650657
1615 0.006789399999999999
1616 0.0303584
1619 0.328338
1620 6.09043e-07
1621 4.08588e-05
1623 0.983409
1624 0.00521699
1625 0.0952409
1626 0.00103382
1629 0.000141621
1631 0.037322900000000006
1634 0.00174668
1635 0.0153205
1637 0.0155067
1639 2.5665699999999997e-06
1641 0.0007637669999999999
1644 0.00739055
1645 0.0008654839999999999
1646 0.0013556
1648 0.021084400000000003
1652 0.036502099999999996
1655 3.06942e-05
1656 0.00085865
1657 5.59043e-06
1658 0.996282
1659 0.521097
1660 4.44916e-06
1663 0.000121062
1664 0.0506019
1665 0.026875200000000002
1666 0.08400410000000001
1667 0.00109776
1668 0.025536
1670 6.19462e-06
1671 0.0545683
1672 0.00114653
1674 0.000277753
1679 0.00533749
1681 7.46804e-05
1687 0.0008361610000000001
1692 0.00041324900000000003
1694 1.20065e-07
1695 0.00753687
1696 0.000246925
1697 0.031070099999999996
1698 0.16116
1700 0.72155
1701 0.644538
1702 7.84148e-07
1703 0.038325599999999994
1704 1.16635e-06
1705 0.0499713
1706 0.000647296
1709 0.000974268
1710 0.00651783
1712 0.00157917
1715 0.441766
1716 0.07244439999999999
1719 3.77225e-05
1720 0.000455964
1722 0.0121509
1728 0.000139451
1731 0.00228772
1735 0.0016745000000000002
1736 0.020829499999999997
1737 5.1273e-05
1740 0.017038499999999998
1742 7.963079999999999e-07
1743 0.000283581
1744 0.595626
1745 0.0234543
1748 1.62589e-06
1751 0.000121605
1753 0.101991
1757 0.00912943
1760 0.0116415
1762 0.000132642
1763 0.0005154140000000001
1764 0.00204656
1767 0.000507278
1769 0.00207913
1770 0.164635
1773 0.0735687
1774 0.0021669000000000002
1776 0.08341169999999999
1779 0.0110599
1781 0.019127
1783 0.05741519999999999
1786 0.071765
1788 0.000888951
1790 1.62629e-05
1791 0.000140404
1792 0.022796599999999997
1794 0.00010915700000000001
1796 0.000806674
1798 0.00127038
1802 0.0128643
1803 0.00492669
1804 0.99815
1805 0.00319895
1808 0.00342883
1811 0.00018471099999999997
1812 0.000341476
1813 0.000636622
1814 0.0168359
1815 0.0570321
1817 0.0110021
1819 0.000481296
1820 0.994188
1822 7.29502e-05
1823 0.0127223
1824 1.8330200000000002e-06
1826 0.00274655
1829 0.00575651
1831 1.5296e-05
1835 8.80707e-06
1838 0.9999110000000001
1839 0.0129933
1844 0.000102585
1846 0.294621
1848 4.05397e-06
1850 0.09193889999999999
1851 0.00386018
1852 0.0017314
1856 0.000830545
1857 0.472358
1859 2.7524599999999998e-08
1863 0.9957459999999999
1865 0.000468418
1866 0.00228082
1867 0.0231932
1868 0.0016524
1869 0.0166993
1871 3.0513e-09
1873 0.997872
1874 1.59891e-06
1876 0.00433183
1879 0.00368616
1880 0.00649139
1883 0.94521
1884 0.32933
1885 0.19325799999999999
1886 0.180506
1889 0.00010359200000000001
1890 0.000608507
1891 0.97595
1893 0.17693499999999998
1895 0.00286747
1897 0.00026098
1900 0.000447782
1905 0.00523753
1908 0.998584
1909 3.04046e-05
1910 0.009192
1912 1.23894e-08
1913 0.335196
1914 1.50664e-05
1916 2.17748e-05
1917 0.0278177
1919 0.9936709999999999
1921 0.0042232
1923 0.989503
1924 0.9788450000000001
1925 0.00365281
1926 0.019227200000000003
1929 9.38124e-08
1935 0.0168856
1939 0.00833491
1942 0.954458
1943 0.00162116
1946 0.00207083
1947 0.00105971
1949 9.6414e-06
1951 0.973367
1953 0.00341807
1955 0.0197667
1956 0.886309
1957 0.0197766
1959 2.3045599999999997e-09
1961 0.000147269
1965 0.875974
1966 0.0202739
1967 3.94171e-08
1968 0.0208612
1969 0.0009627580000000001
1973 0.0013944
1974 0.0586119
1975 0.00048369699999999995
1979 0.30688699999999997
1983 0.000927266
1984 0.00139271
1986 0.0193152
1987 4.596600000000001e-05
1988 1.1183499999999999e-05
1990 5.26686e-05
1991 0.999817
1992 1.52644e-06
1993 0.000160182
1994 0.00012879
1996 0.00015466200000000002
1997 2.80495e-11
1998 0.00139621
2003 7.530740000000001e-07
2005 0.00219592
2007 4.203069999999999e-06
2008 1.35071e-07
2009 0.028876699999999998
2010 4.54721e-06
2013 0.00625844
2014 0.000410786
2016 0.00719862
2017 0.00269061
2018 0.004610899999999999
2026 0.000180763
2028 0.0134065
2029 0.000135455
2031 0.00122871
2032 0.101026
2033 1.13721e-05
2035 4.48081e-05
2038 0.238602
2040 0.9749959999999999
2041 0.9066290000000001
2044 2.76036e-06
2046 0.00940212
2048 3.27859e-05
2050 0.00385591
2052 0.269069
2053 0.0298976
2057 0.955467
2059 4.81854e-07
2060 0.00407342
2062 4.61966e-05
2065 0.00411264
2066 0.142367
2071 0.012781
2072 0.0049512
2073 0.100601
2074 0.018428599999999996
2075 0.00278643
2076 0.00180282
2077 0.000311366
2078 1.64441e-08
2079 0.00434767
2080 0.017013999999999998
2081 1.19205e-07
2084 8.101610000000001e-06
2085 0.029685400000000004
2087 0.0005592
2089 5.42712e-07
2092 0.457783
2093 1.21708e-08
2097 0.00200383
2100 0.707599
2103 1.7653900000000002e-06
2105 0.0001413
2106 4.084430000000001e-06
2107 0.0871113
2110 0.011384100000000001
2111 0.00453107
2113 2.11302e-05
2115 0.0018457999999999999
2118 0.9431290000000001
2119 0.000603398
2121 0.000603958
2122 0.06508330000000001
2123 9.59653e-05
2127 0.00013422
2128 2.5783499999999998e-05
2130 0.00435662
2131 7.12513e-05
2133 0.0004941090000000001
2137 3.19781e-05
2138 3.07127e-05
2141 0.0715547
2143 0.9997280000000001
2144 0.0177088
2147 1.1152100000000001e-05
2148 3.76288e-05
2149 0.97583
2150 0.00786208
2154 0.990251
2157 0.00207103
2159 0.00656174
2160 8.03622e-05
2161 0.00465797
2162 0.000114835
2164 2.85736e-05
2167 0.00283235
2168 1.56021e-05
2173 0.000910801
2175 1.6094200000000001e-06
2177 0.023989700000000003
2185 0.00310588
2188 0.00085027
2189 0.000544998
2195 0.000498884
2198 0.03416690000000001
2200 0.00042212099999999997
2203 0.0005823040000000001
2204 0.00152005
2205 9.812960000000001e-06
2206 0.0326238
2207 1.07858e-07
2210 0.28122600000000003
2211 0.025439
2216 0.054214
2217 8.79295e-06
2222 0.000910973
2223 0.0956185
2225 0.031860400000000004
2227 5.35541e-08
2229 0.000163338
2230 0.030913
2231 0.00581255
2232 0.23547300000000002
2235 0.00579806
2236 0.00860731
2239 0.000216126
2240 0.407066
2242 0.011265700000000002
2243 0.00182719
2245 0.00810919
2246 0.00845301
2250 0.00284493
2252 2.2824e-06
2254 0.000385749
2258 2.53266e-06
2262 0.00058475
2264 0.025172999999999997
2269 0.0528106
2271 0.999495
2274 1.80792e-05
2275 1.4221399999999998e-07
2282 1.0524700000000001e-05
2283 0.0059489
2286 1.25874e-05
2289 0.08886430000000001
2292 7.797860000000001e-06
2294 0.983484
2295 0.000926823
2296 0.05739880000000001
2297 0.0182712
2298 0.00234975
2299 0.00151964
2301 9.14992e-06
2303 9.517719999999999e-05
2304 5.1153899999999995e-06
2309 2.5030399999999998e-08
2312 0.000305707
2313 0.000611694
2314 0.00658836
2316 0.169298
2317 0.0167594
2319 0.991244
2322 0.030077800000000002
2325 0.0157953
2326 1.2299e-05
2327 5.25509e-07
2331 0.225623
2336 5.13561e-07
2338 4.00074e-05
2339 0.00353362
2341 0.00047961300000000004
2344 0.00993947
2346 0.990035
2349 0.448892
2351 0.000347256
2353 0.00170596
2356 1.26961e-06
2357 0.260804
2358 0.48391899999999993
2360 0.00161511
2363 0.00905875
2365 9.83862e-05
2370 0.00278135
2379 0.00016152700000000001
2380 0.0005775730000000001
2381 0.0581592
2383 0.010195399999999999
2386 0.00760478
2388 0.000988788
2389 1.71934e-07
2390 0.527664
2394 0.00778778
2395 0.0113077
2396 3.10928e-05
2397 0.000188559
2398 0.015635
2399 0.000103127
2400 1.35007e-05
2402 0.984935
2406 0.990967
2408 0.000225558
2409 0.000378892
2412 0.000122118
2414 0.054655499999999996
2416 0.945217
2418 0.201824
2421 0.00102334
2422 0.000220133
2424 0.0446809
2426 1.2061499999999999e-06
2428 0.00290042
2429 0.026902600000000002
2430 9.28027e-05
2431 0.00399031
2432 0.0616298
2434 0.155129
2438 0.000317917
2440 9.157010000000001e-08
2446 0.955981
2447 0.00238831
2449 0.038
2451 0.0322823
2453 9.40076e-06
2455 5.15442e-05
2457 0.11555699999999999
2463 2.73922e-05
2464 0.00032883900000000004
2467 1.75878e-05
2469 0.000286347
2473 1.41542e-06
2474 0.000200867
2475 4.93925e-05
2482 0.0874428
2484 0.801578
2485 0.000273374
2486 3.82987e-06
2487 0.041266199999999996
2488 2.9710100000000002e-05
2489 0.154802
2495 0.32202600000000003
2498 0.00550959
2499 0.00194882
2503 0.00038187599999999996
2506 2.3975e-07
2507 0.010665700000000002
2509 0.0107313
2510 6.55143e-05
2511 0.0925612
2515 0.011193700000000001
2516 7.68687e-05
2517 0.999511
2521 0.000465239
2522 0.910099
2526 0.988649
2527 2.1328400000000004e-06
2528 0.010812200000000001
2530 0.000576342
2531 0.9990469999999999
2532 0.0181681
2535 2.0924900000000004e-06
2536 1.91931e-05
2538 0.000535058
2541 4.48413e-06
2543 0.20726999999999998
2548 0.549925
2550 0.00088042
2551 0.00255877
2552 0.0602444
2553 0.00226484
2556 0.781616
2557 3.23396e-05
2560 0.00796988
2562 0.8288549999999999
2568 0.014813
2570 0.00267178
2573 0.00848999
2574 2.5832399999999997e-05
2575 0.000100461
2576 0.00605826
2577 0.999849
2580 0.18523499999999998
2581 0.000486321
2582 0.0462577
2583 0.729984
2587 0.00222989
2588 2.3412e-05
2591 0.000320122
2592 4.02324e-05
2596 0.00229232
2597 3.83015e-05
2601 3.56839e-08
2602 0.0596422
2604 0.000435706
2607 0.8872629999999999
2608 0.00054942
2610 0.353547
2612 0.000468912
2614 0.006693800000000001
2616 0.000202738
2617 1.76005e-05
2619 6.20267e-05
2620 3.45101e-05
2622 0.198426
2623 0.000524095
2624 0.00210787
2626 0.00431028
2628 0.000280487
2629 0.00492806
2630 2.84506e-07
2631 0.026255700000000003
2638 1.78686e-05
2639 0.00276211
2640 2.51734e-07
2642 0.00013411
2644 0.00821282
2650 2.3595599999999998e-05
2651 0.00238822
2652 0.00459792
2654 0.000369249
2655 0.0213112
2656 6.85193e-05
2660 0.00307267
2661 2.00161e-06
2663 0.00012985700000000001
2665 0.503046
2671 0.00020982
2672 0.00169868
2673 2.5229200000000002e-05
2674 2.35312e-06
2676 0.0221761
2679 0.0410793
2681 0.9899680000000001
2685 0.00223365
2686 0.00331278
2687 0.00206683
2688 0.0354042
2692 0.00323777
2694 1.85889e-06
2698 2.8757700000000002e-08
2700 0.0271777
2701 0.11410999999999999
2703 0.351673
2705 0.00183693
2707 0.216048
2708 0.0013747
2711 0.0200702
2712 0.00460057
2716 0.0576026
2719 0.00797246
2720 0.00796108
2724 1.62651e-06
2725 0.00013062
2726 0.00919974
2728 0.052472300000000006
2729 0.990663
2731 0.000187653
2733 0.9995450000000001
2736 0.000368506
2739 0.00141139
2740 0.025657999999999997
2742 0.0398202
2743 0.0749466
2746 0.8047310000000001
2748 0.315607
2750 0.14740599999999998
2752 0.0013870999999999998
2753 7.26417e-05
2754 0.0693523
2756 0.00430357
2758 0.021098699999999998
2761 0.000791948
2764 3.921e-09
2768 0.00432301
2769 0.0338165
2770 0.013485299999999999
2771 0.00152824
2773 0.0332417
2777 7.67622e-06
2780 0.0016239999999999998
2781 0.00563722
2787 6.26499e-05
2788 0.0467855
2789 0.00139757
2790 0.0599589
2792 3.53846e-07
2793 0.0718972
2797 0.00476163
2799 0.000296517
2802 0.00138875
2805 0.00029669900000000004
2806 0.027600599999999996
2808 0.08833839999999998
2809 0.013883100000000002
2811 0.015558
2813 0.0252187
2814 0.989613
2818 0.0162245
2819 0.00551191
2821 0.0170002
2822 0.000667816
2823 0.00220605
2824 0.00742951
2825 1.1029e-06
2828 0.00450343
2829 0.930484
2830 0.000617356
2831 9.96241e-10
2832 0.0461969
2837 0.42360200000000003
2839 0.000169567
2840 0.9407190000000001
2843 0.00673017
2846 0.0335793
2849 0.000935238
2850 4.8013500000000004e-05
2851 0.00501274
2852 0.00156151
2853 0.000332712
2856 8.30137e-06
2857 6.31031e-05
2860 7.69254e-05
2861 0.016725999999999998
2862 0.000108409
2863 0.494173
2865 0.06717619999999999
2871 0.00793837
2872 0.00236686
2874 6.86449e-05
2876 6.32537e-05
2877 0.00745158
2878 2.95351e-05
2882 0.00794633
2883 0.00982857
2885 0.00554162
2887 0.000816844
2888 1.98789e-05
2890 0.000342745
2892 2.3323499999999998e-05
2894 0.157132
2895 0.020194900000000002
2897 0.118898
2898 0.00587876
2900 0.9730409999999999
2902 0.00027607099999999997
2903 0.00103586
2904 2.8748400000000002e-06
2905 0.000140995
2907 0.00390477
2908 8.53283e-06
2909 0.0007659260000000001
2911 0.0082461
2918 0.00164968
2920 0.06851410000000001
2921 0.00565224
2922 0.000159925
2923 1.92652e-05
2925 0.13592100000000001
2926 0.0681128
2927 0.99472
2928 0.0108877
2929 0.14719400000000002
2930 3.4954e-06
2936 1.28455e-06
2945 0.00138285
2948 0.00019931099999999998
2949 0.00239923
2950 0.0362857
2951 0.00010793100000000001
2955 0.00366377
2959 0.00213737
2961 0.972453
2964 0.00858323
2968 8.961489999999998e-06
2970 2.38948e-07
2971 0.027576099999999996
2972 0.00020058900000000001
2973 2.7859699999999997e-06
2974 0.0108399
2979 0.08856810000000001
2980 0.000600366
2981 0.012942500000000001
2982 0.035622900000000006
2983 0.0020401
2985 0.0006051440000000001
2991 0.000704778
2993 0.36264
2996 0.00047448300000000004
2997 8.59012e-05
2998 1.2315200000000002e-07
2999 1.23859e-05
3001 0.49466000000000004
3006 0.0124508
3010 0.00422254
3012 0.0400596
3014 0.27933600000000003
3016 0.0097946
3018 9.76724e-05
3019 0.0017875
3020 0.00373973
3022 0.00881406
3025 7.3437600000000005e-06
3026 0.0168499
3029 0.00213287
3030 0.00962897
3033 0.996208
3035 0.000239922
3036 0.023717500000000002
3037 0.235956
3040 2.57625e-05
3041 0.000960855
3043 0.00492028
3046 0.9995149999999999
3048 0.00190446
3049 0.00172869
3050 1.69313e-06
3052 0.191892
3055 0.7273470000000001
3059 0.733337
3060 1.1639200000000001e-06
3062 0.000123861
3067 0.24970799999999999
3068 0.000146599
3069 0.0006187569999999999
3070 0.750292
3071 0.00207453
3073 0.00329278
3075 0.0145763
3076 0.137284
3079 0.06756770000000001
3080 4.32151e-06
3081 0.00371497
3084 0.0368825
3087 2.23834e-05
3091 0.00148739
3095 0.00720736
3096 0.030412400000000003
3097 0.00349996
3099 0.00911519
3101 0.030464299999999996
3104 0.00379917
3109 0.992318
3111 9.1786e-06
3113 6.82721e-07
3114 0.0695174
3115 2.4075e-05
3119 2.0378599999999997e-06
3123 0.04012569999999999
3125 1.22442e-05
3128 0.040514
3130 7.137780000000001e-10
3131 0.36488000000000004
3132 0.00254886
3136 8.12716e-06
3139 0.00379245
3141 0.0009450439999999999
3143 0.9919950000000001
3144 0.0140269
3148 0.0852187
3151 1.76077e-05
3152 0.4683
3153 0.0017669
3156 0.000141056
3158 0.000894568
3160 0.00290113
3166 5.232899999999999e-05
3167 0.00111488
3168 0.945493
3171 6.27561e-05
3172 0.00289092
3173 0.033605199999999995
3174 1.85889e-05
3179 0.304274
3180 1.1291900000000001e-05
3182 0.0157123
3187 0.035209
3190 1.2620599999999999e-05
3191 0.00028516
3192 0.00331835
3193 0.00184597
3196 8.29694e-06
3197 2.08773e-05
3198 0.000331277
3201 0.012991200000000001
3203 0.000140082
3206 8.393610000000001e-06
3208 2.39335e-05
3209 0.405312
3212 0.059276300000000004
3215 0.0236656
3217 0.982324
3220 0.00582701
3221 0.109162
3222 0.013305
3224 2.11273e-05
3225 0.00263338
3226 0.00876061
3227 1.82517e-06
3230 0.0234834
3232 0.00945693
3234 0.06335930000000001
3235 0.00284704
3237 0.00519781
3238 1.2197499999999998e-06
3241 0.00282177
3245 0.00457336
3246 6.38353e-06
3248 1.84135e-05
3249 0.0333442
3251 7.72456e-11
3252 4.050530000000001e-06
3257 0.984975
3263 0.00998056
3264 9.45687e-05
3265 0.00742518
3266 8.28122e-06
3267 3.12382e-05
3268 0.000166364
3275 0.19106199999999998
3276 0.580172
3277 2.07729e-05
3278 1.2057999999999999e-05
3281 0.00778338
3283 1.06588e-06
3286 0.000532975
3287 9.09396e-06
3288 0.389435
3289 0.692936
3291 3.63176e-06
3295 0.00010769299999999999
3297 2.7545e-05
3298 0.00020762900000000003
3302 0.0127104
3304 0.000193345
3305 0.000358988
3306 0.9997450000000001
3309 9.98837e-07
3310 1.21405e-09
3312 1.01006e-06
3314 3.95341e-05
3315 2.3603e-05
3317 0.0188925
3318 0.000171796
3319 0.000824376
3321 0.0285603
3322 0.000129996
3323 1.49691e-05
3324 6.49308e-05
3326 1.4816700000000001e-09
3328 0.673793
3329 0.0376699
3332 2.38825e-06
3333 0.000414625
3334 0.111802
3340 0.0621472
3341 0.000299232
3342 0.0182825
3345 0.00108328
3346 0.00025029
3347 0.00398655
3348 0.7805979999999999
3352 1.03232e-05
3353 0.9994700000000001
3357 0.999863
3358 0.0521318
3361 0.452475
3364 0.987183
3366 0.0065226
3368 0.000781609
3371 7.32337e-05
3372 6.71641e-05
3375 0.990658
3378 0.00235485
3381 0.000571535
3383 0.021337799999999997
3384 0.0135154
3385 0.0770857
3387 0.9997870000000001
3388 1.06216e-05
3389 0.000109845
3393 0.029737
3394 0.00039443400000000004
3399 0.0189765
3400 5.300729999999999e-09
3402 2.7363200000000003e-05
3405 0.9996700000000001
3409 0.000752562
3411 0.0005558890000000001
3414 0.9099870000000001
3418 0.014036700000000003
3423 0.000221385
3426 0.00955974
3427 4.935739999999999e-07
3428 0.19958399999999998
3431 0.004323
3432 0.0720939
3434 0.065092
3437 0.00355313
3438 5.088e-05
3440 3.26399e-06
3442 0.00665165
3445 0.000548746
3446 0.00285704
3447 0.000785463
3448 6.34465e-08
3454 0.013749700000000002
3456 0.997916
3457 0.00713388
3459 0.00042552199999999996
3460 0.982188
3463 0.07796139999999999
3467 9.45675e-07
3471 0.000874824
3472 0.00451974
3473 0.0528855
3474 3.74892e-05
3475 0.0441087
3476 0.163556
3478 0.0117568
3479 7.31721e-05
3480 0.00041899
3481 0.750475
3482 0.00168022
3483 0.015304900000000001
3485 0.00253231
3486 0.630063
3488 0.021177
3490 0.000252437
3494 0.000831387
3495 0.218036
3498 0.0480809
3501 0.606937
3502 3.85697e-07
3503 0.00962329
3504 0.00044693099999999997
3505 4.03134e-05
3507 3.79641e-07
3512 0.995128
3513 0.715004
3514 5.15101e-06
3515 0.580434
3517 0.0462298
3520 0.000940029
3523 0.399537
3526 0.0300651
3527 0.203787
3531 0.00040797699999999996
3532 0.00107702
3533 0.0341235
3534 7.074430000000001e-09
3535 0.000104609
3538 0.014180000000000002
3540 0.000235392
3541 4.828e-05
3542 8.820690000000001e-05
3543 0.0005112
3544 0.06067919999999999
3545 0.995489
3547 0.00898588
3552 0.9934370000000001
3553 0.926098
3557 0.0137464
3558 0.526226
3559 0.0821867
3560 3.05719e-07
3561 0.09057749999999999
3562 0.00457865
3563 0.139648
3568 0.0009735789999999999
3569 0.0920255
3570 0.9754879999999999
3571 0.22660999999999998
3572 1.80823e-09
3573 0.00128943
3574 1.07317e-06
3578 0.262013
3579 0.013056899999999998
3581 0.0250951
3582 0.00230783
3583 0.00276913
3584 0.000341504
3590 3.34579e-05
3591 0.00041062199999999997
3592 0.0009554930000000001
3595 0.0111327
3598 0.026903399999999997
3600 0.00153093
3601 3.0864599999999998e-06
3602 0.000269917
3607 0.9966
3610 2.37129e-05
3612 0.00411248
3613 0.106241
3615 0.00013289200000000001
3616 1.08261e-05
3617 0.00683488
3619 0.0104042
3624 0.00349377
3626 0.00353093
3630 0.946376
3631 0.20086099999999998
3633 0.111953
3637 0.00333775
3641 7.899529999999999e-05
3643 0.048993699999999994
3647 8.6589e-08
3649 0.00472447
3650 0.00399109
3652 0.586734
3653 0.00230687
3659 0.10841500000000001
3661 0.575002
3665 1.3595e-05
3666 0.9989030000000001
3668 8.1572e-05
3670 2.82723e-05
3672 0.00369034
3676 0.000249125
3677 0.802976
3680 0.008702600000000001
3682 0.00011153799999999999
3683 0.9986959999999999
3686 1.06999e-05
3687 0.400335
3689 0.00307525
3692 0.37698000000000004
3693 0.00642102
3697 0.0201184
3701 0.759886
3702 0.10362400000000001
3707 0.00048740199999999995
3710 0.00381571
3712 0.020338400000000003
3715 0.044609300000000005
3716 0.00308506
3718 0.9712120000000001
3719 0.9897360000000001
3720 0.00160151
3723 0.15376099999999998
3724 2.3257800000000003e-05
3725 0.000466832
3726 4.0442599999999997e-07
3728 0.0006881989999999999
3730 3.12121e-05
3731 0.00338953
3733 0.12125999999999999
3734 0.0191112
3736 0.00240681
3737 6.356930000000001e-05
3738 0.147226
3739 1.0634999999999999e-06
3741 0.009977
3742 0.0318213
3744 0.058790199999999994
3745 0.00283604
3746 1.04283e-07
3747 0.000123679
3755 0.134878
3756 0.0482092
3757 3.7619899999999995e-05
3761 1.28689e-07
3762 0.34294600000000003
3764 0.000142764
3765 0.00252595
3766 8.905930000000001e-09
3768 3.88212e-06
3769 0.9994040000000001
3770 4.2788000000000004e-05
3771 0.00703822
3775 0.244205
3776 5.28699e-07
3777 0.00595524
3778 0.00237595
3782 0.000140192
3785 6.419339999999999e-07
3787 4.6210699999999994e-05
3789 0.014445500000000002
3794 0.0202752
3795 1.9103699999999998e-05
3799 0.0866535
3800 0.000444277
3801 2.78024e-10
3802 8.47184e-07
3804 1.9037299999999998e-07
3805 4.7738199999999996e-05
3810 0.00226173
3812 0.000821363
3813 3.22358e-05
3815 0.9354110000000001
3816 0.00011669200000000001
3819 6.405970000000001e-07
3822 9.105830000000001e-09
3823 0.00112482
3825 3.83241e-05
3829 0.000218343
3831 0.0101185
3832 0.0449849
3833 3.335e-05
3836 0.0063579
3839 0.031679700000000005
3840 0.00010359799999999999
3841 6.8693e-05
3842 0.0110005
3843 0.169121
3850 0.0227743
3851 0.000142366
3852 0.0032869999999999996
3853 0.00108927
3854 0.000449125
3858 0.00242532
3862 0.0111118
3864 0.00271055
3867 0.0104208
3870 0.00022507700000000001
3873 0.00055468
3875 0.00101895
3878 0.55767
3880 4.620209999999999e-06
3881 7.92817e-06
3882 0.08243289999999999
3883 0.00316425
3884 0.0146161
3888 9.38582e-05
3892 1.0073e-05
3893 0.997461
3894 9.45503e-05
3896 0.0589215
3897 0.035311300000000004
3900 0.0295332
3901 0.013760099999999999
3902 0.0008183460000000001
3903 6.18598e-05
3904 0.138076
3906 6.651260000000001e-06
3908 0.369153
3909 8.70091e-07
3910 1.0711800000000001e-05
3914 0.0009277469999999999
3916 0.9857
3917 0.998411
3920 0.000316204
3922 0.0175928
3925 0.00047116800000000005
3927 0.00299599
3928 0.0166402
3929 0.00997682
3930 0.0148224
3931 0.0106728
3933 1.45002e-05
3934 5.62786e-07
3938 0.161262
3940 0.932005
3942 0.00290454
3943 0.0015831
3944 0.00608627
3950 0.174578
3951 0.0164893
3952 7.573139999999999e-07
3955 0.00565337
3958 0.017239400000000002
3959 2.80941e-05
3962 0.7987380000000001
3964 4.990019999999999e-06
3967 0.6706300000000001
3968 0.030206900000000002
3972 0.145866
3975 0.024875900000000003
3976 6.65039e-09
3977 7.97167e-07
3978 0.010237399999999999
3980 0.000242889
3981 7.8023e-06
3982 0.383375
3985 5.20081e-08
3989 7.16036e-05
3995 0.0177533
3999 0.00158954
4000 5.81026e-05
4001 0.000913732
4002 7.22553e-06
4004 0.0615196
4006 0.0480022
4007 0.266575
4018 1.71902e-05
4021 4.84041e-06
4022 0.020878
4024 0.0123725
4026 0.9500770000000001
4027 0.0013157
4029 0.00579126
4030 0.0221221
4032 0.00109262
4036 9.62058e-07
4038 0.013494599999999999
4040 5.201259999999999e-06
4041 0.00229556
4042 8.01126e-07
4043 0.9576459999999999
4044 0.00259419
4045 0.00831646
4048 1.23305e-06
4049 0.000141607
4050 0.999649
4053 0.00011856200000000001
4054 8.22892e-05
4055 0.000255333
4056 0.0913388
4059 4.96347e-07
4061 0.042860699999999995
4062 0.00014245799999999998
4063 3.5008300000000004e-06
4064 2.3111799999999998e-05
4065 0.033329000000000004
4068 0.011560700000000002
4070 0.00012552
4071 0.994554
4072 0.067195
4074 0.000518295
4078 0.18594000000000002
4079 0.0036865
4080 0.9303
4081 0.00154451
4083 4.6723499999999995e-08
4084 0.000186026
4086 0.00467556
4088 0.9854149999999999
4090 0.0409726
4094 0.0014363
4096 0.571692
4097 0.997699
4098 0.0040576
4099 0.02806
4101 0.0339586
4103 0.00136081
4104 0.746211
4107 0.749935
4109 0.00140131
4112 6.44549e-08
4114 9.03218e-07
4115 0.9830690000000001
4116 3.5286799999999996e-05
4118 0.00629228
4119 0.000136936
4123 0.00392109
4124 4.393e-06
4125 0.00100403
4126 0.0008802460000000001
4127 0.000432951
4128 0.000489139
4130 0.000304616
4132 5.93464e-06
4134 0.00815078
4139 5.48979e-05
4144 0.14489200000000002
4147 0.0284548
4151 0.31587600000000005
4153 0.00034406
4154 0.0569461
4155 0.00220971
4156 0.271977
4157 3.26342e-05
4159 0.00206791
4160 3.7930100000000005e-05
4161 9.629910000000001e-06
4162 0.632418
4165 5.11266e-06
4166 0.0044932999999999996
4167 0.0182662
4172 0.669946
4173 0.0248809
4175 0.00261928
4176 1.01768e-08
4177 0.00155591
4179 0.00302486
4180 2.16913e-05
4181 2.70339e-05
4182 0.0179375
4183 0.9713219999999999
4184 0.0118485
4187 0.301813
4188 0.000244787
4197 0.035757800000000006
4198 0.0041313999999999995
4199 0.000188907
4202 0.00032160099999999997
4206 6.92855e-06
4207 0.00216244
4208 0.00204095
4210 0.00152333
4211 0.14558
4213 0.000205107
4214 0.00104809
4216 0.841614
4217 0.998784
4218 0.027501799999999996
4219 0.000331115
4222 0.000146861
4225 2.05538e-08
4226 6.20626e-06
4227 0.0009627110000000001
4233 0.000349874
4234 0.00971401
4235 0.00376002
4236 0.000595528
4238 0.00372497
4240 0.8593620000000001
4243 0.00651452
4245 0.782738
4248 0.055964599999999996
4249 0.8912120000000001
4250 0.022784400000000003
4251 1.4949300000000001e-09
4252 0.000119711
4254 0.9997440000000001
4260 1.07179e-08
4261 0.000848216
4262 0.0207306
4266 0.00761885
4267 1.48707e-05
4268 0.07470249999999999
4276 0.0102007
4277 0.29980100000000004
4278 0.00029399900000000003
4282 0.0411164
4285 0.00101046
4288 5.641320000000001e-07
4289 0.00144233
4290 0.105156
4294 0.000529398
4297 8.119899999999999e-05
4299 1.04014e-06
4301 0.000332306
4302 0.00571243
4305 0.0868222
4306 0.0174053
4308 0.00138411
4309 0.0802843
4311 0.0005540359999999999
4313 0.974715
4314 4.58156e-05
4316 0.00295434
4317 0.00774881
4319 0.00017046400000000003
4320 0.892611
4324 1.3463599999999999e-06
4328 0.00411807
4330 0.000711884
4332 0.05929450000000001
4334 0.00206078
4335 0.999351
4336 0.00103365
4337 0.806387
4340 2.60238e-07
4342 1.76522e-07
4343 0.000679401
4344 1.1528e-06
4348 0.0614735
4350 6.240570000000001e-07
4353 8.06408e-07
4355 0.00123002
4357 0.021579400000000002
4358 4.23981e-05
4362 9.6567e-09
4363 0.041355199999999995
4366 0.010918899999999999
4373 0.00115847
4374 1.72889e-06
4375 0.000202024
4377 0.0444286
4378 0.013256700000000001
4381 0.16358
4382 4.0965100000000005e-05
4383 0.00132238
4385 0.182089
4388 0.00161588
4393 0.6938840000000001
4394 1.99662e-06
4395 3.3916399999999997e-09
4398 0.000499635
4399 0.00677971
4400 5.32119e-07
4401 7.14285e-05
4402 0.00045097
4403 2.82404e-11
4406 8.11733e-07
4407 0.000567575
4408 0.016640900000000004
4410 3.03812e-05
4412 0.0383571
4413 3.7608199999999997e-07
4414 0.0200748
4415 0.000528684
4416 0.00116482
4417 4.84695e-06
4418 8.14721e-07
4419 5.0035e-05
4420 0.000476219
4422 0.022630599999999997
4425 2.24975e-09
4426 0.99334
4427 5.816e-06
4428 0.000112235
4431 0.0084429
4435 0.00169834
4440 0.000830255
4442 0.735038
4443 0.000840655
4444 2.05475e-06
4445 0.000681588
4447 0.00452379
4448 0.00465862
4449 0.00154684
4451 0.00103954
4453 0.990979
4454 0.00333521
4456 0.616825
4458 0.946838
4460 0.0268048
4461 1.28663e-05
4462 0.000124392
4465 1.75819e-06
4467 3.88916e-08
4469 0.00457253
4472 5.55594e-08
4473 0.00153147
4475 0.29254
4476 0.000789957
4477 0.365983
4478 0.772355
4480 0.00416084
4482 0.000615443
4483 0.00327574
4485 0.00503761
4486 4.9321699999999996e-06
4489 0.0004487
4491 0.000415067
4492 0.322198
4497 0.06524479999999999
4501 0.000127688
4503 2.69846e-05
4504 8.98177e-06
4505 0.00962663
4506 1.30915e-06
4511 0.000174835
4513 0.00515682
4515 8.98579e-07
4516 0.0916513
4521 0.142583
4522 0.000575549
4523 0.0197245
4525 0.00121385
4529 8.511219999999999e-06
4531 0.0108548
4533 0.00039606900000000003
4534 0.0358601
4536 0.00093128
4538 0.0370662
4541 0.9046290000000001
4543 0.977563
4545 0.06896060000000001
4546 0.0193125
4547 9.71103e-07
4550 0.00617521
4554 0.9362940000000001
4556 0.000400366
4557 0.000361586
4559 0.0322967
4560 0.965095
4561 0.0309845
4564 0.000302293
4567 0.000634308
4568 0.0007700739999999999
4569 0.00018020099999999998
4572 0.00039945199999999996
4573 0.0391629
4575 0.00184266
4577 2.7292e-07
4578 0.034005900000000006
4580 0.0170231
4582 7.59004e-05
4583 0.00158715
4586 0.8462139999999999
4589 0.0356239
4590 0.00100555
4593 6.71821e-05
4594 0.018464500000000002
4596 0.0222686
4598 0.000641222
4599 0.00134363
4602 0.991542
4603 0.042206400000000005
4608 0.00417804
4610 0.000304911
4613 0.0884038
4614 0.0120559
4615 0.112998
4616 6.77214e-05
4617 0.000280584
4619 0.0110646
4620 0.0197475
4621 0.0157475
4624 0.06425750000000001
4629 0.000607214
4633 0.112772
4635 0.050865499999999994
4637 1.20015e-14
4638 0.00278301
4639 0.011245
4640 0.00156273
4641 0.00270226
4642 0.00348564
4645 1.5215999999999998e-07
4646 0.0796885
4650 0.00050701
4657 0.0206858
4658 0.0008106880000000001
4659 0.000128988
4661 2.15311e-05
4663 0.21194699999999997
4664 0.0065217
4665 4.52262e-05
4666 0.050392900000000004
4667 0.944937
4668 0.0013395999999999998
4669 0.00583485
4670 0.00547101
4677 0.000238669
4678 0.00252646
4680 1.8516299999999998e-08
4681 0.25617199999999996
4684 0.930948
4688 0.9990700000000001
4690 6.539190000000001e-07
4695 0.00069097
4696 0.0141338
4697 0.99977
4698 0.0483545
4700 0.10105800000000001
4703 4.04046e-05
4704 0.00012890000000000002
4709 0.00540122
4711 0.000668898
4712 5.41312e-05
4713 0.0194663
4716 7.21973e-07
4717 8.44338e-07
4720 0.000107621
4721 0.0240963
4724 0.000228668
4725 0.00306529
4726 0.00153885
4728 0.062182799999999996
4729 0.0222051
4730 0.000270606
4731 0.00115763
4733 0.00151279
4734 0.770771
4736 0.000194904
4738 0.229206
4739 0.0224058
4740 0.0159313
4741 0.0030568
4744 0.010816
4745 0.997315
4749 0.00021027
4751 0.00473351
4752 0.00350629
4755 0.80432
4756 0.000433444
4757 2.4071099999999996e-06
4758 3.08276e-06
4759 1.6011e-05
4762 0.00449561
4763 0.000158429
4764 0.852316
4765 0.000187509
4766 0.010809899999999999
4767 0.000105427
4769 0.00011860399999999999
4771 0.000942749
4772 0.00017540400000000002
4774 0.00046186599999999996
4775 0.0125206
4778 0.0111467
4780 0.0376418
4781 0.00469285
4784 0.000149021
4787 2.92041e-06
4791 5.9184799999999996e-05
4795 0.0294936
4798 0.00201731
4800 0.00275404
4802 0.00995407
4803 0.00074976
4804 0.024172299999999997
4806 0.974957
4807 0.0008991989999999999
4809 2.52291e-06
4810 0.0199481
4811 0.00149757
4813 1.33832e-05
4817 0.16906500000000002
4819 0.000698235
4820 0.00501636
4821 0.830717
4822 0.000225388
4824 3.87037e-08
4827 1.38071e-05
4829 2.46918e-06
4833 0.00832871
4835 0.000961395
4838 0.107972
4843 0.00425584
4844 0.189937
4845 2.37663e-07
4847 0.000436778
4851 1.3662200000000001e-05
4853 0.0287765
4854 4.32911e-06
4855 0.00337251
4858 0.0168051
4860 0.9963040000000001
4861 3.2190600000000005e-07
4862 0.20311400000000002
4864 0.030831
4865 0.0125344
4870 0.13734200000000002
4871 0.42348
4874 0.00378313
4875 0.00835789
4877 2.54817e-05
4880 0.00265003
4881 0.00121362
4883 0.00401845
4884 2.6862600000000003e-05
4887 0.00786818
4888 0.00130368
4889 4.40742e-05
4891 0.900666
4892 0.12186400000000001
4893 0.0206762
4894 0.00046753
4899 0.00170541
4900 0.43196
4901 0.00176897
4904 4.6448699999999995e-09
4906 0.000266298
4908 0.00702435
4909 4.45693e-06
4914 0.0015482
4915 3.45269e-05
4917 4.9033999999999995e-06
4918 0.000487754
4919 0.00387584
4920 0.06044310000000001
4921 0.027270299999999997
4922 0.00175221
4923 3.07828e-05
4924 0.000811667
4925 0.000145807
4927 0.9035979999999999
4930 0.0140334
4932 0.000269025
4933 0.9911840000000001
4934 0.000702777
4937 0.09345010000000001
4940 0.989075
4941 0.00185381
4942 0.0007528289999999999
4944 0.0243154
4945 0.000339025
4947 0.00956293
4949 0.0123076
4952 0.00202312
4957 0.00024884799999999997
4959 0.012025
4964 0.00480247
4965 0.144554
4969 4.95078e-05
4970 1.52915e-05
4971 0.000177336
4975 1.17652e-06
4978 0.0317483
4979 4.0706999999999995e-05
4980 0.051836
4981 0.999851
4988 0.0830926
4989 0.012263
4993 9.86426e-05
4996 0.9995879999999999
5000 1.15402e-07
5002 0.00045600699999999997
5005 0.984867
5008 2.27578e-07
5009 4.42489e-05
5010 0.000454631
5011 0.00208257
5012 0.00218768
5013 0.030987400000000002
5015 0.00046653199999999997
5017 0.0151137
5019 0.000299964
5021 0.999814
5022 0.000130859
5025 4.69183e-05
5030 0.999899
5031 2.43021e-05
5034 0.460396
5035 0.999653
5038 7.69321e-05
5040 0.00362921
5041 0.0771877
5043 0.0229894
5044 0.00352519
5046 9.94192e-05
5048 9.09739e-07
5049 0.0023219
5050 1.46334e-05
5051 4.05304e-05
5053 0.00519276
5059 1.3802799999999998e-06
5060 0.000352351
5066 0.9305180000000001
5069 0.100241
5070 0.00736822
5074 0.444222
5075 5.80263e-07
5076 0.145682
5080 0.000379591
5082 0.0007334080000000001
5083 0.9990389999999999
5087 3.35543e-05
5088 0.000403317
5089 3.90266e-06
5091 0.0110844
5092 0.00182564
5095 0.07642769999999999
5096 0.00701921
5098 0.000511841
5099 0.9965139999999999
5100 0.00010962700000000001
5103 0.00246606
5105 0.933631
5106 0.0429552
5109 4.0283799999999997e-07
5112 0.000113488
5113 0.0133624
5115 1.2793e-05
5117 2.81533e-05
5118 1.3068800000000001e-05
5119 0.00337183
5120 8.32401e-05
5123 0.0524404
5125 0.9897540000000001
5126 0.7171609999999999
5127 0.00436465
5132 0.00795867
5133 0.000387551
5137 0.00294483
5139 0.000683899
5140 0.00173801
5141 0.00522789
5142 0.466707
5147 4.58084e-05
5148 0.000380836
5149 0.00016591700000000002
5151 0.000429177
5152 8.677e-05
5154 0.000126036
5155 8.12036e-07
5157 0.9925870000000001
5158 0.963424
5162 4.9671000000000006e-05
5163 0.043048199999999995
5164 5.0672e-06
5165 0.000151905
5166 0.9302729999999999
5167 0.011756
5170 0.0103572
5172 0.07727410000000001
5174 0.0160904
5178 3.57829e-08
5180 0.0269486
5182 0.000147241
5184 0.00857308
5187 7.621139999999999e-07
5188 0.00114488
5192 0.9878040000000001
5193 0.0153205
5194 8.408539999999998e-08
5196 2.20666e-06
5197 3.38738e-05
5198 0.011684
5200 4.40962e-05
5201 0.00028481299999999997
5204 0.9998809999999999
5205 0.00868062
5206 0.038622699999999996
5207 0.00195895
5211 2.11107e-07
5213 0.0005486509999999999
5216 0.00868699
5218 0.000613989
5221 0.00417466
5225 3.2094e-05
5226 0.0165178
5227 0.016419299999999998
5228 0.000644769
5232 7.867619999999999e-06
5233 0.000628742
5234 0.00246799
5235 0.26439
5237 0.00312031
5238 9.546619999999999e-06
5240 0.000451467
5241 0.00797678
5243 0.0748781
5247 0.000266963
5249 0.00444265
5250 0.042282
5251 0.0773501
5252 0.0784564
5255 0.0006615560000000001
5256 0.0259089
5261 6.269399999999999e-05
5265 0.00806527
5266 0.00127063
5271 0.00733553
5272 9.14219e-06
5275 0.991252
5276 0.00145864
5277 0.00160578
5279 0.00702842
5280 0.08966160000000001
5282 1.8635700000000003e-08
5284 0.000411515
5286 0.00042557099999999997
5287 0.81887
5289 9.27534e-05
5291 9.393540000000002e-05
5294 0.00019166299999999998
5295 0.00986492
5296 0.012651700000000002
5299 0.000301006
5300 0.000513397
5301 5.25941e-07
5302 0.148045
5308 0.0116964
5309 1.0562099999999999e-07
5313 0.00330958
5316 0.00149266
5317 1.4085899999999998e-05
5321 2.1635300000000003e-05
5322 7.38976e-05
5323 0.00020659
5324 4.73007e-05
5329 0.096066
5330 0.0106887
5332 0.1071
5333 0.8235120000000001
5334 0.00033010099999999996
5335 0.00757306
5339 0.00100886
5341 0.0311192
5342 0.00042073699999999997
5347 0.00225695
5353 0.00407274
5354 5.9339499999999997e-05
5356 3.1424200000000003e-06
5357 0.10950399999999999
5359 0.00527578
5361 3.5738300000000004e-06
5362 0.0565485
5364 1.7850200000000002e-08
5366 0.00250352
5372 0.685463
5375 0.019659
5376 0.03324269999999999
5377 0.00469654
5381 0.287432
5382 0.00426296
5386 0.00401754
5390 0.286982
5392 0.015253799999999998
5394 0.00104649
5399 0.011176799999999999
5400 8.11158e-07
5401 0.998318
5402 0.108482
5403 0.00206075
5409 0.000588992
5411 1.07889e-07
5412 0.000570684
5415 0.0276865
5422 0.000506934
5425 0.000661597
5426 0.00414941
5427 0.465512
5428 0.71038
5432 0.997811
5435 0.0130575
5437 0.9952290000000001
5442 5.83616e-05
5443 0.788797
5444 1.16705e-06
5446 0.00394592
5447 0.00128312
5449 0.000286437
5452 7.14459e-05
5456 0.000783545
5458 0.00398716
5459 0.167824
5460 0.00106688
5462 0.000333168
5463 7.80916e-05
5464 9.95464e-05
5466 0.0640368
5468 0.000418013
5472 0.05315930000000001
5473 0.00482026
5474 5.31022e-05
5476 2.2e-05
5477 0.000987831
5479 0.00010776700000000001
5480 2.00166e-07
5482 1.2518800000000001e-05
5484 0.929183
5488 0.000101066
5490 0.0008335710000000001
5491 0.0811055
5492 0.0106349
5493 0.9992840000000001
5494 0.016506200000000002
5495 8.21944e-09
5498 0.0523898
5500 0.000885496
5501 0.9985370000000001
5502 0.000529364
5503 3.38502e-08
5504 0.0456551
5505 0.010319499999999999
5506 0.00295716
5512 4.98094e-05
5513 3.1171300000000004e-05
5516 1.69178e-08
5520 0.996914
5523 0.914266
5525 0.026151
5528 0.000171349
5529 0.00835807
5532 0.000273983
5533 0.00968687
5534 5.6496e-06
5537 0.177562
5538 0.0358259
5540 3.40633e-09
5543 5.108180000000001e-06
5545 4.7316000000000006e-06
5546 0.128442
5548 0.046893699999999996
5551 8.13603e-05
5553 0.00021585900000000002
5555 0.00010420799999999999
5556 0.0024855
5557 1.46984e-05
5558 0.9921979999999999
5560 0.00313152
5561 0.00067969
5562 0.000170612
5564 0.00243292
5565 0.018931
5567 0.00060073
5569 0.0222521
5570 0.00064002
5571 0.0008084769999999999
5572 0.010157799999999998
5575 9.05188e-07
5578 0.0650809
5580 0.014094899999999999
5581 0.07562819999999999
5587 1.32228e-05
5589 7.21672e-06
5594 3.1638599999999996e-06
5595 0.000316238
5596 2.17609e-05
5597 6.60598e-05
5598 0.000334799
5602 0.00269075
5604 9.07793e-05
5607 0.00240252
5610 0.00249048
5612 7.750630000000001e-05
5616 0.125129
5617 0.0159398
5619 2.22685e-06
5621 0.00402513
5622 0.00371557
5623 7.893200000000001e-08
5626 0.000137846
5627 0.9793200000000001
5628 0.00566886
5632 0.00529295
5633 0.010765299999999998
5634 0.048601
5635 0.00528687
5638 0.16372899999999999
5642 0.0119759
5643 0.017177
5646 0.000100635
5649 0.9976510000000001
5650 0.00317413
5651 0.00041563900000000004
5656 4.39893e-05
5659 0.00096846
5661 0.000420291
5663 0.102677
5665 1.20832e-07
5666 0.538905
5667 0.000120275
5670 0.0179668
5671 1.40978e-08
5673 0.00444003
5675 5.94687e-05
5677 0.020113299999999997
5678 0.0010359000000000002
5681 0.004296
5683 4.3663100000000006e-05
5684 0.379734
5688 2.76316e-06
5689 0.00288289
5690 0.000733904
5691 0.019202200000000003
5692 0.000205432
5694 0.9996360000000001
5698 0.000276423
5703 0.00292569
5706 0.990267
5707 0.302336
5708 0.0224765
5709 7.84947e-05
5711 0.000671128
5712 0.00023246
5717 0.0148644
5720 0.000234269
5721 0.000137148
5722 0.00812078
5724 0.030257299999999997
5725 0.00294144
5726 0.000116106
5727 0.000356476
5733 0.000104303
5734 0.00706186
5737 0.00864975
5739 0.000931326
5744 2.03061e-05
5745 0.0009821510000000001
5746 0.04265069999999999
5748 0.011101799999999998
5750 0.000159964
5751 0.030375299999999997
5753 0.0306748
5754 0.000354411
5758 0.000459441
5759 0.15067
5763 0.9874780000000001
5766 0.103074
5767 0.000102856
5770 0.99451
5771 0.014488299999999997
5772 0.00045969
5774 0.00124742
5775 0.997402
5776 0.000900752
5777 6.43618e-05
5778 0.000106813
5785 7.57021e-05
5787 0.0370709
5792 5.24112e-05
5793 0.967899
5795 0.000537928
5797 0.0126354
5798 0.000636882
5800 0.00883659
5801 0.00120068
5802 0.000108953
5804 0.0285035
5807 0.00022662599999999998
5808 9.87265e-05
5809 0.00145756
5810 1.49149e-05
5816 7.52666e-05
5820 5.4437300000000005e-06
5822 0.000566551
5823 2.06512e-05
5827 0.00102655
5832 4.71094e-06
5833 0.170043
5834 2.957e-08
5835 0.0831939
5837 0.00028822
5842 0.07448189999999999
5844 8.2971e-11
5846 0.0203612
5847 0.00021800700000000002
5848 3.7463e-06
5849 0.00572643
5855 3.12707e-07
5857 0.000853567
5858 0.0556549
5862 0.99272
5865 0.013746000000000001
5866 0.0136655
5869 0.010666
5870 5.26633e-05
5871 0.036142900000000006
5872 5.25274e-07
5876 0.048341699999999994
5880 0.0935443
5882 0.00862149
5883 0.000674856
5886 0.00760186
5887 0.00102197
5890 0.00635922
5891 0.245155
5892 0.111321
5896 0.0007154069999999999
5898 0.000165687
5900 0.0232045
5902 2.24578e-07
5904 0.9897229999999999
5907 0.00686028
5913 5.34177e-05
5915 9.67131e-06
5916 0.0176399
5921 0.00901473
5922 0.00397005
5924 0.52395
5925 0.00017607200000000002
5926 0.000126683
5927 0.00036035699999999995
5929 0.998353
5931 0.00503635
5932 0.044186
5933 0.004222
5934 0.0141816
5935 0.00039461199999999997
5936 0.000732569
5937 1.2623800000000001e-05
5939 0.00181823
5941 2.6441599999999998e-05
5942 0.00356544
5943 0.00656113
5944 0.00723898
5945 0.000324093
5946 0.00963948
5949 9.861530000000001e-05
5950 0.000147717
5953 0.0938222
5955 1.44504e-05
5957 0.00377073
5958 0.000105639
5959 0.998605
5962 1.7027200000000002e-05
5965 0.000372809
5966 0.000386712
5967 0.0007957919999999999
5969 0.00641725
5972 3.2007399999999994e-05
5973 0.0183768
5974 0.999476
5976 0.00465161
5977 6.46858e-07
5978 0.123346
5982 0.0022284
5986 0.176149
5987 0.808535
5993 0.00305503
5994 0.0174255
5997 0.000327562
5999 0.000257146
6002 0.00226171
6003 0.00321989
6006 0.954832
6007 0.017107400000000002
6008 0.00311097
6010 0.0335918
6013 0.154652
6014 0.00015552600000000001
6015 0.0471701
6016 0.935628
6017 0.9985360000000001
6019 0.9937090000000001
6021 0.00149938
6022 0.131563
6024 0.00173547
6031 0.00662882
6032 0.00127158
6034 0.16151600000000002
6036 0.0107305
6037 0.00019559299999999998
6039 0.00852189
6040 3.63785e-05
6044 4.681280000000001e-06
6047 0.306766
6048 0.000126236
6049 0.057663099999999995
6050 0.00774533
6051 0.00369777
6052 4.43449e-06
6053 9.48336e-06
6054 0.00016057200000000002
6056 0.000339661
6057 2.75962e-08
6059 0.0155094
6060 0.020586700000000003
6063 5.47826e-07
6064 3.3169199999999997e-06
6068 1.61978e-07
6072 0.0257887
6075 3.91091e-06
6076 0.137299
6077 0.203509
6080 7.52911e-08
6081 0.0333783
6082 0.00139333
6083 0.00040422699999999995
6085 0.04183030000000001
6086 0.012107
6087 0.000292188
6090 1.09236e-06
6092 0.000248557
6093 0.00222957
6094 0.360764
6099 2.11581e-06
6101 0.0102742
6102 0.0133714
6106 0.014061099999999998
6109 0.503192
6110 0.020868400000000002
6112 0.0007185439999999999
6113 0.37742
6114 0.159018
6115 0.035198400000000005
6116 2.23972e-12
6118 0.00470373
6119 1.55982e-05
6121 0.999598
6122 0.000780367
6126 0.000308932
6127 0.0135856
6132 2.08934e-09
6137 0.9928889999999999
6138 0.023418900000000003
6142 0.00242517
6143 0.0123638
6144 1.619e-05
6145 0.000315689
6147 0.0230848
6149 0.0006314280000000001
6152 0.000475473
6154 0.00302741
6155 0.8506819999999999
6157 0.0112579
6160 0.00565213
6164 0.605677
6165 0.000225096
6167 0.0137768
6168 0.000336949
6169 0.000247219
6173 0.032264999999999995
6178 0.07997710000000001
6182 2.51251e-05
6186 0.00205912
6191 0.09322219999999999
6192 7.54839e-05
6193 0.0122302
6194 1.8083200000000001e-07
6195 0.000614968
6197 0.223784
6199 5.3319600000000005e-06
6200 0.167069
6204 0.00955146
6205 0.00101497
6207 0.00929091
6211 0.046505300000000006
6213 0.696408
6217 0.0106035
6226 0.0101053
6227 0.00554903
6228 0.9927860000000001
6231 0.06235369999999999
6232 0.36598800000000004
6237 0.013276900000000001
6239 0.000278635
6242 0.997433
6244 0.00152627
6245 4.0876199999999996e-07
6246 0.292568
6248 0.00400566
6253 2.9670599999999997e-06
6255 0.00843257
6256 0.9972770000000001
6257 0.00152024
6263 2.15381e-07
6265 2.68167e-06
6266 0.000429949
6268 7.492180000000001e-10
6271 0.0217091
6273 0.0043395000000000005
6274 3.9758e-05
6278 0.000589374
6280 0.00044801199999999997
6283 0.9707690000000001
6287 0.0049669
6288 0.00227082
6292 1.9571900000000002e-06
6293 0.00342678
6294 0.0374496
6297 9.9601e-05
6298 0.11015499999999999
6302 1.95028e-05
6303 1.53222e-05
6307 0.0005991169999999999
6308 9.413039999999999e-08
6310 0.0830316
6311 0.0317333
6312 0.000432661
6313 0.00043076400000000004
6315 1.4506600000000001e-05
6316 4.361770000000001e-05
6317 0.00171336
6322 0.00163556
6324 0.996669
6326 0.9998040000000001
6327 0.0456597
6328 1.8201099999999998e-05
6331 0.995763
6332 0.021312
6333 0.999137
6334 0.0495862
6336 2.3201599999999998e-05
6340 0.9986200000000001
6342 0.00206694
6343 0.530295
6345 0.00279782
6347 0.00317134
6354 0.00039423699999999997
6356 4.04438e-05
6358 0.15847
6359 0.00466844
6360 0.00230603
6361 0.0016230999999999997
6364 0.000943583
6365 0.155331
6368 0.000625734
6370 0.00574084
6372 0.000161154
6373 0.00041507699999999997
6376 0.35444499999999995
6378 0.00041507400000000003
6379 7.39974e-05
6380 0.00157342
6383 0.952426
6384 0.028888099999999996
6386 0.9064549999999999
6388 0.00653022
6389 0.00016237
6390 7.36262e-05
6393 0.000260896
6394 5.38938e-07
6397 0.9984870000000001
6399 1.3226400000000001e-05
6401 0.000409274
6402 0.0126553
6403 0.00018339400000000003
6405 0.712986
6406 0.00303126
6407 0.0652181
6408 0.000220798
6410 0.293799
6412 8.48062e-06
6413 0.00044489999999999997
6414 0.0015258
6415 0.9944290000000001
6416 0.108838
6420 0.0652206
6422 0.000105188
6423 0.19346300000000002
6426 0.000798643
6431 4.954149999999999e-05
6432 0.000671551
6435 0.173617
6439 9.172000000000001e-06
6441 0.329293
6446 0.0007276810000000001
6451 5.71646e-06
6452 0.000353165
6453 0.0147018
6454 0.9931629999999999
6457 5.00938e-06
6460 0.000695122
6461 4.8378500000000004e-05
6464 0.000183198
6467 3.87026e-07
6469 0.00275501
6471 0.000692679
6477 0.0849742
6478 0.023790000000000002
6479 0.000111524
6481 0.99145
6485 0.009426899999999998
6487 4.14387e-05
6489 0.00724745
6490 0.000275856
6491 1.45952e-07
6493 0.5583020000000001
6494 8.896900000000001e-08
6496 0.04311
6498 3.1481700000000002e-06
6500 0.26206199999999996
6502 0.999391
6504 0.00353248
6505 1.35048e-05
6508 0.00731634
6510 0.996691
6511 0.00054988
6513 0.06425159999999999
6514 0.021972
6516 0.0189516
6517 0.022232
6518 2.0680500000000003e-05
6521 2.1868e-05
6522 0.00530492
6525 0.8311639999999999
6526 0.49412
6527 0.348075
6528 0.00304962
6531 0.026636400000000005
6533 7.21558e-06
6535 1.85442e-08
6537 0.00027573
6539 0.0439417
6540 0.000231892
6541 0.019009799999999997
6544 1.20503e-05
6545 1.33473e-05
6546 0.00449539
6552 0.00670449
6554 0.222392
6555 0.00162773
6557 2.34812e-06
6558 0.0005454030000000001
6559 0.0202643
6561 9.06165e-05
6563 0.028462599999999998
6566 6.252e-05
6567 1.11192e-06
6568 0.000330414
6571 3.6812e-05
6573 0.00202411
6574 0.00117368
6577 0.0029568000000000003
6579 0.0660655
6580 0.0009958089999999998
6581 0.021919
6582 9.58081e-05
6586 0.016927099999999997
6589 0.00701029
6590 0.9888879999999999
6591 0.008049899999999999
6592 0.0451673
6594 0.000107001
6596 1.54501e-05
6598 0.00047992699999999995
6600 0.17768399999999998
6601 0.014557200000000001
6604 1.25784e-05
6607 0.000254137
6608 1.9336800000000001e-07
6613 0.016072
6614 0.0977775
6615 0.000522267
6616 0.550944
6620 7.1297699999999995e-06
6623 0.00255125
6624 0.0205742
6629 0.000839661
6630 8.246889999999999e-05
6633 0.000224876
6634 0.986851
6639 4.35611e-05
6640 1.08753e-07
6641 8.18408e-09
6642 1.58886e-06
6644 0.000119726
6646 0.000418229
6649 0.014891299999999998
6650 1.0875799999999998e-05
6651 0.023291299999999997
6653 0.998925
6655 8.21317e-05
6656 0.000634879
6659 0.00918656
6662 0.017640400000000004
6663 0.00036998099999999997
6665 0.0365466
6669 0.00187471
6672 0.00206845
6675 0.0172982
6676 5.488719999999999e-06
6680 0.00980278
6683 2.4095699999999998e-06
6685 0.9941840000000001
6686 9.1732e-06
6688 1.44264e-06
6691 1.92952e-05
6692 0.00728642
6693 0.9869379999999999
6700 0.0010033
6701 9.72009e-07
6705 0.0039116
6710 0.0011733
6711 0.00347504
6712 1.04568e-06
6713 0.0178249
6715 0.0841168
6716 4.033080000000001e-06
6717 0.974901
6720 4.35851e-06
6721 0.00021286299999999998
6723 0.00016702200000000001
6724 0.9917819999999999
6728 0.0117925
6729 0.00144626
6732 0.000194583
6733 0.9943540000000001
6737 7.30073e-08
6741 0.998015
6742 1.3041800000000001e-05
6743 1.6182099999999998e-07
6744 0.00192721
6745 0.0414106
6746 0.00072076
6749 0.9992610000000001
6750 0.00106513
6752 1.81622e-05
6754 0.9998389999999999
6756 0.00368611
6757 0.995924
6758 0.0172175
6763 0.000240187
6764 0.00030775700000000003
6767 0.00165412
6770 0.00681025
6771 0.000215307
6774 3.43853e-06
6775 0.000190017
6776 0.0205851
6778 0.146537
6779 0.017219400000000003
6780 6.18449e-05
6785 0.913481
6787 0.031911400000000006
6788 0.027844
6790 0.550905
6791 0.000537103
6792 0.00106807
6793 9.76943e-05
6795 0.00893724
6796 0.000698405
6798 2.36975e-05
6801 0.000456662
6804 0.0117412
6807 0.020056099999999997
6809 0.0024103
6811 2.23846e-05
6812 0.000197711
6815 0.00165476
6816 0.26900100000000005
6817 0.00105854
6818 0.00502355
6820 0.0036373000000000004
6823 0.0230953
6826 7.812110000000001e-08
6830 5.8586400000000005e-05
6831 9.79808e-06
6832 0.0008321610000000001
6834 8.616319999999999e-06
6837 0.0156553
6843 0.119869
6846 0.00249476
6851 0.0133715
6853 0.9987799999999999
6854 0.998181
6856 0.000400731
6857 0.0203
6861 0.00032640400000000003
6863 0.00805194
6870 3.56657e-06
6871 7.59182e-05
6872 5.2268e-05
6873 0.00984447
6875 0.00035184400000000003
6877 5.6663499999999995e-06
6879 0.012991999999999998
6881 0.00230377
6882 0.025531
6885 0.00287924
6888 1.32678e-05
6889 0.00065083
6890 0.987632
6891 0.000144975
6894 0.00671765
6895 0.001269
6897 0.00094592
6898 0.030698200000000002
6901 3.50741e-05
6902 0.000273935
6904 0.004744699999999999
6905 0.0126196
6906 0.0192574
6907 0.8774069999999999
6913 0.000105613
6915 0.123151
6920 0.000581131
6921 9.237539999999999e-06
6923 1.99233e-05
6925 0.654449
6926 0.00368711
6927 5.956150000000001e-07
6928 2.12405e-05
6929 1.49596e-08
6936 0.00113387
6937 0.0634508
6938 0.000536956
6941 0.000231025
6942 4.09957e-09
6946 2.1339499999999998e-05
6951 0.00044674199999999997
6954 0.027238599999999998
6955 0.9796100000000001
6957 0.00878127
6960 1.3647e-08
6961 1.7217700000000002e-06
6964 0.000407129
6967 0.00226184
6969 5.08765e-07
6970 0.163306
6973 0.011516799999999999
6974 0.0918557
6975 1.65705e-05
6977 9.25719e-07
6978 0.03711880000000001
6979 2.90399e-07
6980 0.16328499999999999
6982 0.000229085
6984 7.79105e-05
6985 0.00196751
6986 0.249507
6991 0.000206805
6992 0.040479
6993 2.30595e-09
6996 0.981252
6997 8.58661e-05
6998 1.59212e-05
6999 2.4763599999999997e-08
7000 0.05952380000000001
7001 0.16067
7005 1.33241e-05
7010 1.01417e-09
7012 1.1166500000000001e-06
7013 0.0009729560000000001
7014 0.99049
7015 0.9998739999999999
7017 0.00157871
7019 0.000210285
7024 0.00247328
7026 0.015349100000000001
7027 7.05585e-05
7028 0.06461900000000001
7030 0.00105373
7032 0.000598902
7034 0.907425
7037 0.00713962
7041 4.35434e-06
7043 0.00031287400000000004
7044 0.000369955
7047 0.000538049
7051 0.00526062
7053 0.00120894
7055 0.00703567
7057 0.00193813
7060 0.0445811
7061 0.331913
7063 6.42616e-07
7066 0.12111300000000001
7067 0.0705863
7069 0.011481
7076 4.40793e-06
7081 0.000137608
7082 0.0383075
7083 0.00221181
7085 0.34170900000000004
7087 0.00141352
7091 0.00482384
7094 0.072578
7096 0.0269591
7098 2.30607e-06
7099 0.00157196
7102 7.54306e-05
7103 0.0742883
7106 0.000326318
7107 0.028185
7110 0.00021286900000000002
7111 0.307304
7112 0.976784
7115 9.27208e-10
7116 0.032770099999999996
7118 0.00679272
7119 0.00691745
7120 0.0496163
7124 3.20868e-05
7126 0.215648
7127 0.00652351
7131 1.41999e-08
7134 0.021585
7135 0.11174
7136 0.000545162
7137 0.00664319
7142 0.7805840000000001
7143 0.9985350000000001
7145 8.57361e-05
7151 0.00011158299999999999
7155 2.94056e-07
7156 0.0387077
7157 0.00159421
7158 0.0351391
7160 2.0494399999999999e-07
7161 0.000283795
7164 0.00024848299999999997
7169 0.060764599999999995
7170 0.00603473
7171 0.004145899999999999
7173 0.00581627
7175 0.000593012
7176 0.7214020000000001
7178 0.042394699999999994
7179 0.00472731
7181 0.0123909
7183 5.80472e-06
7186 0.00485818
7188 4.0695e-06
7190 6.17382e-06
7192 0.000537093
7195 0.22237800000000002
7196 0.000560886
7198 0.0119456
7199 2.44427e-06
7201 0.010754399999999999
7202 0.218259
7203 0.000204138
7206 0.00317123
7207 0.00207679
7209 1.2498299999999999e-06
7218 0.08254550000000001
7220 0.000435171
7221 3.4516e-05
7225 9.73198e-05
7226 0.00237178
7228 0.00038909
7229 0.00555851
7231 0.00570854
7232 4.78225e-06
7233 7.92214e-07
7235 3.16012e-06
7237 0.00101772
7238 7.7153e-06
7239 0.00424616
7240 4.13319e-06
7242 0.0726035
7246 0.9338870000000001
7248 0.00374935
7251 0.00017330099999999997
7252 0.00597793
7253 0.0146351
7254 1.5037200000000002e-06
7255 0.033008800000000005
7257 3.06933e-05
7262 0.030530599999999998
7264 0.000252972
7265 0.00344923
7267 0.00206653
7268 0.00111011
7269 0.00190185
7272 0.00095641
7273 0.9630559999999999
7277 4.4888e-05
7278 0.208629
7281 0.663209
7282 0.927327
7286 0.000639129
7287 3.51441e-05
7288 0.999497
7290 0.00413828
7291 7.08878e-07
7293 0.00776302
7301 1.24833e-05
7303 0.00282776
7304 0.81831
7306 0.0007905869999999999
7307 0.00178791
7309 8.694419999999999e-08
7310 0.0119075
7312 3.31893e-05
7313 0.00191901
7315 0.10221000000000001
7316 0.00137869
7317 0.00379513
7319 0.0972515
7320 2.1921799999999997e-05
7321 0.00123531
7324 0.00295446
7326 0.00103612
7328 0.00020062700000000002
7331 4.75859e-05
7332 0.00015792
7333 0.00023444700000000001
7335 0.298639
7337 0.00615327
7338 0.00714704
7339 0.9978889999999999
7340 0.000524326
7341 0.00468217
7342 0.019666200000000002
7345 3.79313e-08
7347 0.154013
7348 0.00011014799999999999
7349 0.000938789
7352 0.054337800000000006
7353 0.00262683
7354 2.28072e-08
7355 0.654687
7357 4.24415e-05
7358 0.8828889999999999
7360 0.000140083
7362 0.99864
7364 0.0007521810000000001
7366 0.016041200000000002
7367 0.08197760000000001
7368 0.0110566
7371 1.96674e-05
7377 0.00709626
7378 0.20012
7379 0.000348386
7380 0.350959
7382 0.194967
7384 0.000557943
7386 0.971244
7387 1.58306e-06
7391 0.032532
7392 0.00292232
7393 0.000839676
7395 0.00505569
7397 0.00111595
7399 0.997201
7400 0.0152505
7401 4.93793e-06
7402 0.00010011
7403 8.784839999999999e-06
7404 0.0282985
7405 0.017166499999999998
7406 0.039249599999999996
7407 0.366898
7409 8.079300000000001e-07
7412 0.00499269
7415 0.019590599999999996
7418 3.9175e-08
7420 0.00153658
7423 0.993449
7426 1.34429e-09
7428 0.0078397
7429 0.999001
7430 0.00131867
7434 9.169069999999999e-05
7440 0.00103349
7441 9.55922e-07
7442 0.00231392
7444 0.0629903
7447 1.03689e-06
7450 0.0194149
7452 0.00533689
7453 0.00037686800000000004
7455 2.51171e-05
7456 0.0053347
7459 0.850877
7462 1.2763600000000001e-06
7463 0.011303200000000001
7464 0.0498725
7469 0.00017559599999999998
7471 0.00924913
7472 0.0392176
7473 6.69521e-05
7476 0.00297147
7478 0.575317
7485 0.00023774200000000002
7487 0.00749385
7488 0.0826171
7492 1.0335799999999999e-05
7494 0.0362595
7495 0.0526321
7496 0.066974
7499 4.23845e-05
7500 0.00700289
7501 0.016156999999999998
7502 0.000128188
7504 0.018022299999999998
7505 1.1667999999999999e-05
7507 0.400782
7508 0.000167078
7509 0.00055299
7510 0.580244
7512 0.00187081
7514 0.00203862
7515 0.00162277
7516 0.016103799999999998
7518 0.826398
7520 0.00384218
7522 0.131667
7529 1.85079e-05
7531 0.157631
7532 0.000350522
7534 9.19183e-06
7539 0.00401477
7541 2.34044e-05
7542 4.6035600000000004e-05
7545 0.000372765
7548 0.07888889999999998
7549 0.0006648339999999999
7550 0.00416225
7552 0.11879300000000001
7553 0.00205587
7554 0.00373079
7556 0.999417
7557 2.26937e-05
7560 0.053354
7561 9.53142e-06
7562 0.8190609999999999
7564 0.012838299999999999
7567 0.000296076
7569 0.339179
7573 0.289748
7574 0.000101482
7577 0.00556541
7580 0.0189554
7581 0.13584000000000002
7582 0.0007302680000000001
7583 0.000274208
7584 0.0217245
7587 0.0006367969999999999
7588 0.00118418
7589 0.9740139999999999
7591 0.9842299999999999
7593 7.75094e-05
7595 0.00196332
7596 0.00301189
7597 0.00376763
7598 0.00627453
7599 9.617350000000001e-05
7602 1.9710899999999998e-05
7604 0.034614099999999995
7607 0.0021390999999999997
7608 0.000295654
7609 0.0594279
7610 0.32556799999999997
7613 0.922889
7616 0.000143945
7617 0.9884790000000001
7620 0.000348149
7623 0.00247442
7625 0.000721616
7627 3.32238e-05
7628 0.00232773
7630 5.68549e-10
7632 0.0453219
7634 0.018539700000000003
7635 0.00269093
7636 0.00412188
7638 0.00354177
7641 0.000295081
7643 2.62678e-06
7644 0.000108535
7645 0.112755
7646 1.62621e-06
7648 0.00409628
7651 7.976689999999999e-05
7652 0.0008965939999999999
7658 0.000209543
7659 0.000692737
7660 0.32671300000000003
7661 0.00019386
7665 0.966008
7669 0.000141206
7674 0.000121417
7676 0.0272168
7681 0.000288698
7684 0.00415879
7686 0.512396
7689 0.010776799999999998
7690 0.00053845
7693 0.9918600000000001
7695 0.00116629
7698 2.49932e-06
7700 0.405368
7701 0.9951840000000001
7703 0.000601548
7706 0.00790562
7707 0.011087600000000001
7708 8.378969999999999e-05
7710 0.0298464
7711 0.046523199999999994
7714 0.31704699999999997
7716 0.00746188
7717 0.0442031
7719 0.08634299999999999
7722 0.0087127
7725 5.3681e-08
7726 0.0214511
7728 0.00168419
7730 0.0446561
7733 0.00025953799999999997
7734 0.9910260000000001
7737 0.027971299999999998
7738 0.010942200000000001
7739 0.033476900000000004
7741 0.000476974
7744 0.341026
7747 0.000300154
7750 0.000619026
7752 0.011659200000000002
7755 3.42107e-05
7756 0.0007740510000000001
7757 0.9997219999999999
7759 0.0157133
7761 0.9994299999999999
7764 0.00015259600000000001
7766 0.00485374
7769 0.00882232
7770 0.0067585
7771 1.86192e-05
7774 0.00114279
7778 0.00537618
7780 0.000121557
7782 0.000319401
7783 0.000145496
7784 0.164205
7785 0.00023769999999999998
7787 0.0016414
7788 0.71348
7789 0.0726265
7792 0.00861651
7794 7.93392e-05
7796 0.12196400000000002
7797 0.988431
7800 0.9295469999999999
7801 0.0525004
7802 0.00022427599999999998
7804 0.00181404
7805 0.0006230540000000001
7806 0.400006
7807 0.9637
7808 0.00121204
7811 0.000335946
7816 0.00123355
7817 8.026439999999999e-05
7818 0.827433
7822 0.0064730000000000005
7823 0.00019419200000000001
7825 0.000741021
7827 3.47304e-08
7828 8.907899999999999e-05
7829 0.000493664
7830 0.0137418
7832 3.58347e-05
7835 6.163739999999999e-08
7837 0.000340788
7839 0.323547
7842 2.73859e-05
7844 0.99916
7846 0.000128196
7848 0.0313387
7849 9.47652e-06
7850 0.00957257
7851 0.0065514
7852 0.00101831
7858 0.066102
7860 1.38148e-07
7861 0.9775530000000001
7862 0.000439847
7866 0.929466
7867 0.000241375
7870 0.137259
7871 0.000118715
7874 0.00198308
7875 1.7186800000000001e-07
7879 0.00373046
7880 0.00106732
7881 0.00350195
7882 0.9995860000000001
7887 0.000713561
7888 0.000135545
7891 0.000303835
7892 0.0178957
7893 0.00011702799999999999
7894 8.888540000000001e-07
7895 0.00020331
7896 0.00847647
7903 0.00682065
7904 0.0162494
7906 0.999632
7907 0.00128914
7912 0.000183387
7913 0.00706956
7917 0.00107893
7918 0.0403203
7922 0.064402
7927 0.9940100000000001
7929 0.000194734
7930 0.00658519
7934 2.26834e-06
7936 0.000521669
7937 0.000980177
7938 0.000272082
7941 0.000126481
7942 0.00575288
7944 0.00644273
7945 0.00024051700000000001
7948 0.962843
7949 0.507862
7951 0.00137787
7952 0.00317426
7955 0.000646887
7957 0.000757693
7960 0.998784
7961 0.0368978
7962 0.000181294
7965 0.0204938
7966 0.00803847
7967 0.641111
7969 0.0527447
7972 0.00498055
7973 0.00096939
7975 0.00128709
7977 0.00352001
7978 0.0006338569999999999
7981 0.035945
7982 0.0065881
7983 0.000511996
7985 0.0118903
7986 0.0006778839999999999
7988 0.00559002
7989 0.00265761
7990 0.033835500000000004
7992 0.664075
7993 2.07233e-05
7994 0.00189849
7995 0.000220238
8000 0.0121057
8003 0.00134946
8006 0.325203
8007 2.0833000000000001e-07
8010 0.026008499999999997
8011 2.67139e-05
8013 0.047055400000000004
8014 0.29477800000000004
8015 0.00276438
8016 0.0118459
8018 0.000781107
8020 0.87879
8021 0.287296
8022 0.00160389
8025 0.0304972
8027 0.0013445
8028 0.0488536
8030 0.9992209999999999
8034 0.0005086569999999999
8035 0.17006500000000002
8038 0.00763369
8039 0.22731500000000002
8041 0.0102152
8045 0.097515
8046 2.01387e-07
8047 0.0339276
8050 0.000153109
8052 0.14369300000000002
8054 0.000547045
8055 0.000155649
8056 0.015211500000000001
8058 0.00142785
8059 5.83521e-05
8065 0.123395
8066 0.00123158
8070 0.000932195
8071 0.101811
8073 0.000222613
8074 2.7018500000000002e-06
8077 0.00012437
8078 0.00347681
8080 0.00107596
8081 0.00880543
8088 8.14333e-07
8089 0.012803700000000001
8090 0.00490494
8092 0.00279476
8094 0.064292
8097 2.5938400000000002e-05
8099 1.9072700000000002e-08
8102 0.00565999
8104 0.08668680000000001
8109 0.0396156
8110 4.80283e-05
8111 0.0657537
8113 1.08065e-09
8114 0.000109265
8118 0.00025685
8119 0.00116207
8120 0.0168361
8123 0.0171995
8124 0.0130226
8126 0.454477
8128 1.2272e-07
8129 0.9869829999999999
8131 4.9473e-05
8133 0.958066
8134 0.00596125
8135 0.989081
8136 0.931731
8143 0.224679
8145 0.115101
8146 0.00422633
8147 0.00225414
8148 8.531739999999999e-08
8149 2.70982e-05
8152 0.0163775
8153 0.0202997
8154 0.00126394
8155 0.00701049
8156 0.0160429
8157 0.00436233
8158 0.59777
8161 0.873531
8162 0.00153811
8165 0.132487
8167 0.0965034
8170 0.000981647
8172 9.28116e-05
8176 0.000671869
8178 0.00124153
8179 5.588649999999999e-07
8181 1.7383e-08
8182 0.00666565
8183 0.000787
8184 0.00014837799999999998
8185 2.00634e-05
8187 0.00023142
8192 0.021538400000000003
8193 1.07008e-06
8194 0.00497036
8195 0.0187563
8196 0.00211158
8198 3.77391e-05
8201 0.00177288
8205 0.009617299999999999
8206 0.00132615
8207 0.000191814
8210 5.55341e-05
8212 0.0664433
8214 4.30976e-05
8215 0.00148705
8217 0.228463
8219 4.45905e-05
8221 0.00377576
8227 0.00140794
8228 0.00200059
8230 0.00226994
8231 0.892176
8233 0.00041821800000000004
8234 0.0162395
8237 0.0633927
8238 4.1236300000000004e-05
8239 0.000138761
8240 0.000315027
8242 0.271773
8243 9.55427e-06
8245 0.038642
8246 0.00023171599999999997
8247 0.015508500000000001
8249 0.00226843
8255 5.2445500000000005e-08
8256 0.000722966
8257 0.000682929
8259 0.00503733
8264 0.0164317
8265 0.0040390999999999995
8266 0.00267591
8267 0.00121917
8270 0.992207
8271 0.00455674
8273 0.0197982
8274 1.3457e-08
8276 0.00020852200000000002
8277 8.92338e-06
8278 1.8431500000000002e-08
8283 0.995368
8286 0.119398
8287 7.56505e-05
8288 1.80263e-05
8289 0.12338699999999998
8290 0.9866659999999999
8291 9.51927e-05
8298 0.026872399999999998
8303 0.051818899999999994
8304 0.0131007
8305 0.017285
8308 0.19305799999999998
8309 1.73821e-05
8314 0.000580536
8321 0.00363283
8324 0.00604851
8325 0.0008857219999999999
8328 0.000822053
8330 0.00514245
8331 0.00334496
8333 0.00305234
8334 0.0014918
8337 0.000716795
8339 0.315209
8340 0.00017503200000000001
8343 0.00105707
8344 0.00449453
8347 0.00315373
8348 2.07022e-08
8350 0.00610103
8352 0.032264799999999996
8353 0.9946940000000001
8354 0.00530915
8356 4.85966e-06
8357 0.00030612799999999997
8358 0.0006491569999999999
8361 5.9101499999999996e-05
8362 0.000367497
8363 0.30246799999999996
8366 0.0008674589999999999
8367 0.00562622
8369 2.46672e-08
8371 0.000641211
8373 0.014603799999999998
8375 0.2016
8377 4.6284799999999994e-05
8378 0.992893
8379 0.179452
8380 0.117404
8382 0.00613595
8383 0.402553
8389 0.00639701
8392 0.00151505
8393 3.82773e-05
8394 0.101903
8395 0.0154965
8396 8.01867e-06
8399 0.00185402
8400 0.000447244
8401 0.00127418
8402 0.018875
8404 0.000124045
8405 6.473340000000001e-10
8406 0.150068
8407 0.0157597
8408 0.9925579999999999
8411 0.000653565
8412 0.011318700000000001
8414 0.804946
8417 0.593555
8418 0.00676715
8419 0.0190125
8420 8.05389e-05
8421 0.99935
8428 6.123730000000001e-10
8431 1.69134e-05
8432 0.991182
8435 0.00237057
8436 0.00222305
8439 0.0006045930000000001
8440 0.130171
8441 0.00438932
8446 0.000280765
8447 0.998258
8448 0.314205
8451 2.18542e-06
8455 0.00367582
8457 8.337390000000001e-07
8458 0.000939148
8459 0.0887124
8460 0.0875263
8463 0.033794
8464 0.174628
8469 2.9811500000000002e-06
8471 0.0231549
8473 2.6198400000000003e-05
8474 0.00062104
8476 0.00389482
8479 0.9875430000000001
8480 0.00433239
8481 0.0445318
8486 0.000547726
8487 0.000100285
8488 0.45757700000000007
8489 2.0600000000000003e-05
8490 7.44154e-06
8491 0.000933378
8493 0.000293446
8496 0.00326668
8497 9.84352e-05
8500 0.00387462
8501 0.148077
8504 0.918406
8505 0.0119255
8507 0.000261603
8508 3.2296e-08
8510 0.00173249
8511 2.81951e-07
8515 8.581039999999999e-06
8516 0.000376484
8520 0.00021442099999999999
8525 0.00024813
8527 0.00316107
8528 1.4508699999999999e-05
8531 0.140924
8532 0.0010898
8537 0.000110968
8538 0.00360641
8539 1.25875e-05
8540 1.93457e-08
8543 0.0181345
8544 0.00413547
8545 2.18811e-07
8546 0.000196257
8547 9.42936e-06
8548 0.9268379999999999
8551 1.1839700000000001e-07
8552 0.159778
8554 0.025567
8555 0.029702299999999997
8560 0.0673837
8561 1.35103e-08
8563 0.0407111
8565 0.00159178
8566 0.0146249
8567 0.00414749
8569 4.44435e-05
8570 0.16731600000000002
8571 0.00404255
8574 0.0307269
8575 0.000161365
8577 0.00243412
8578 0.07283289999999999
8579 0.000708352
8580 0.857416
8583 0.00284725
8589 8.464860000000001e-05
8590 0.0790507
8591 1.69844e-05
8593 0.0125458
8594 0.000474655
8597 0.0007194660000000001
8598 0.00195612
8599 0.00129204
8600 0.0704992
8603 0.00464555
8605 0.00134527
8609 0.999358
8611 0.000837055
8613 2.6929899999999998e-05
8614 4.728e-06
8616 5.98055e-05
8619 0.00033957599999999996
8622 0.994549
8623 0.00521799
8625 0.0068163
8626 8.74336e-06
8627 0.00779187
8629 0.00172497
8630 0.48766499999999996
8631 0.00032848800000000004
8632 0.996073
8634 0.09332539999999999
8637 0.0107491
8640 0.000490667
8641 0.00966891
8642 0.00254685
8643 3.9046099999999997e-08
8646 1.4276600000000002e-05
8648 0.118967
8649 7.687959999999999e-07
8650 0.000144862
8651 9.051e-06
8652 0.000655819
8656 2.03903e-05
8657 0.767159
8658 0.528179
8659 0.00010106299999999999
8660 1.5342e-05
8661 0.0551553
8662 6.37112e-10
8664 0.0212547
8666 0.00375313
8668 0.8726219999999999
8669 0.0105322
8671 0.00800655
8672 0.00450617
8673 0.0006587539999999999
8674 2.8519200000000003e-07
8675 0.00017712200000000002
8677 0.00022172200000000002
8678 0.00023473599999999998
8679 0.051039
8681 0.00010932200000000001
8682 0.8593799999999999
8684 0.961686
8685 0.000326537
8686 0.00013675700000000002
8689 5.66675e-05
8693 0.997092
8694 0.00754457
8696 0.00340489
8697 0.04259930000000001
8700 1.37233e-06
8703 1.03785e-06
8704 1.27405e-05
8705 0.00145253
8707 0.0216327
8708 0.0605225
8711 0.077929
8712 0.00369874
8714 1.0135500000000001e-07
8715 0.926435
8719 0.014559899999999999
8721 0.00020737700000000002
8724 0.965831
8726 0.6558
8729 0.00119045
8734 0.0808102
8735 0.154678
8736 0.053010800000000004
8737 6.06335e-06
8740 0.0017910999999999997
8743 0.036006699999999996
8745 0.000502858
8746 0.00474846
8751 0.0931635
8754 0.00221867
8758 0.00263694
8761 0.0818383
8762 0.00971148
8763 3.36613e-05
8765 3.20421e-05
8767 0.000226464
8774 0.00277662
8777 0.9992530000000001
8778 0.000802839
8779 8.810089999999998e-06
8780 0.00129145
8781 0.000265214
8782 5.146979999999999e-05
8785 0.877533
8786 0.00392794
8787 1.40695e-06
8788 0.00037534199999999997
8789 0.000280185
8791 0.000985732
8792 3.9628300000000003e-07
8795 0.00122858
8797 0.217277
8798 0.197148
8800 0.742
8802 0.000223225
8803 0.000318865
8804 0.00133816
8807 0.0007703889999999999
8808 0.00686512
8812 0.12798299999999999
8816 0.000360975
8818 0.000570277
8820 0.10041699999999999
8821 0.015648500000000003
8824 0.00871828
8825 5.0314399999999994e-05
8827 0.00432769
8828 0.312732
8829 0.9983879999999999
8830 6.6092999999999996e-06
8832 0.000338509
8834 0.000951075
8839 9.18383e-06
8842 0.00203275
8844 0.000143946
8845 0.000207235
8846 1.05405e-05
8850 0.000356972
8851 0.000297839
8852 0.000155726
8853 0.000156291
8855 0.00269179
8857 0.00206876
8860 6.94749e-05
8861 0.00881728
8863 0.00844544
8864 3.9584e-05
8866 0.353057
8868 0.00111729
8869 0.00542064
8870 3.50323e-08
8875 3.44549e-05
8877 0.026889
8881 9.04474e-06
8882 0.00042591199999999997
8887 0.00012421
8889 6.79289e-06
8893 0.0114399
8894 0.00195815
8895 0.28945
8896 0.9975219999999999
8897 0.013728200000000001
8898 4.62058e-05
8899 0.0145356
8901 0.025714599999999997
8902 0.00581733
8903 0.89369
8904 0.185128
8906 0.033889499999999996
8907 0.00176305
8908 0.00667163
8910 0.0664885
8912 6.9898e-05
8915 0.027818700000000002
8916 0.0635278
8918 1.69275e-05
8922 0.00448486
8924 0.000167677
8925 0.013955500000000001
8928 0.00797441
8934 1.027e-09
8935 1.34814e-06
8937 0.000303041
8938 0.000138837
8941 6.416689999999999e-05
8945 0.0570809
8946 9.90022e-05
8947 0.00838484
8949 3.06036e-05
8950 1.32652e-07
8952 0.00934064
8954 0.0104901
8956 2.36403e-09
8957 4.14717e-05
8959 0.00320196
8963 0.00218177
8964 0.000435403
8972 7.24186e-05
8974 1.1248900000000002e-05
8977 9.35145e-07
8981 8.36879e-07
8984 0.00624009
8986 0.000145881
8990 0.00142825
8991 0.000234837
8992 0.005312
8993 0.0033445
8994 0.0223383
8996 0.00033203599999999996
8998 0.010924799999999998
9001 0.00203724
9003 0.00559481
9008 0.000177701
9009 0.000650854
9010 1.37492e-05
9011 0.039359500000000006
9012 0.0177666
9013 0.00172161
9014 0.00076885
9017 0.015007900000000001
9021 0.0190553
9023 0.9965280000000001
9025 5.13447e-06
9026 0.023633
9028 7.383549999999999e-07
9030 0.00476062
9031 0.5124449999999999
9033 0.49868
9038 0.566058
9040 0.021287599999999997
9041 8.243620000000001e-05
9043 0.000251673
9044 5.70027e-05
9046 0.000225827
9047 7.19043e-05
9050 0.000239755
9052 0.9892850000000001
9054 0.017210200000000002
9055 0.0029157
9056 8.45132e-05
9057 3.98163e-05
9061 7.1527e-07
9062 0.00763245
9065 0.00374794
9067 0.00128382
9069 8.334439999999999e-06
9070 2.8429899999999997e-05
9071 0.9981549999999999
9074 0.000413192
9075 0.00326608
9076 0.010603
9077 0.06105880000000001
9081 0.974319
9082 0.00310858
9083 0.00117295
9084 0.00301595
9088 0.00295483
9090 1.07114e-05
9092 0.406582
9093 0.00055754
9095 8.31599e-05
9096 0.9884649999999999
9097 0.00123666
9101 0.00029298599999999996
9102 0.00154568
9103 2.7624899999999997e-05
9104 0.0012301999999999999
9107 0.00251792
9109 0.017862299999999998
9110 0.011757
9111 0.0009148689999999999
9115 0.0142398
9118 6.35097e-05
9119 0.979701
9120 0.0674355
9122 0.09123300000000001
9124 0.11724100000000001
9125 0.4585
9127 0.00100622
9130 0.000588255
9132 0.000475215
9134 0.00169526
9135 3.42815e-06
9137 9.848889999999999e-05
9139 0.00198667
9140 0.019143900000000002
9142 3.0825400000000004e-06
9143 5.2000200000000004e-05
9145 1.94503e-06
9146 0.000868536
9149 0.955885
9152 0.00178903
9154 2.69552e-05
9156 0.997359
9158 8.31017e-09
9164 0.0043732
9165 0.00033199300000000005
9167 2.33026e-08
9169 0.00226506
9170 0.00973997
9171 0.00618024
9172 0.0114663
9176 0.000656606
9182 0.9982280000000001
9183 2.04633e-07
9188 0.00028716099999999997
9190 4.325e-05
9198 1.0249e-09
9199 6.59062e-05
9201 0.06395419999999999
9203 0.0334547
9204 0.0135834
9206 0.9803719999999999
9207 0.026934100000000002
9210 0.9402510000000001
9211 2.5210300000000002e-08
9216 0.00016360799999999998
9217 1.56473e-09
9219 0.0403786
9220 0.0322345
9222 7.02828e-05
9223 0.00832039
9225 0.458175
9226 8.097239999999999e-08
9228 0.013978999999999998
9229 0.000489548
9231 0.00168253
9232 0.00327425
9233 0.00259575
9234 2.9295599999999998e-05
9235 0.016825599999999996
9237 9.87329e-06
9240 5.0725300000000005e-06
9241 0.613496
9243 0.9994270000000001
9248 0.000530571
9253 0.00148731
9256 1.59595e-07
9257 0.0757451
9258 9.675960000000002e-07
9260 0.00150661
9261 0.08218049999999999
9262 0.000653092
9263 0.00201044
9264 0.00643281
9265 0.424176
9266 0.00307707
9267 0.040349699999999995
9274 1.4623e-06
9275 0.10863199999999999
9276 0.00244013
9277 0.00019690299999999998
9280 0.00037061699999999995
9284 0.22372899999999998
9292 0.045514599999999995
9293 0.10223099999999999
9294 0.00444374
9297 0.00400843
9298 0.00120865
9300 0.00750836
9301 0.00791344
9302 0.986973
9304 0.149135
9305 2.88489e-08
9310 0.000669054
9311 0.00018508400000000002
9313 4.23111e-06
9314 0.175019
9317 3.92386e-05
9319 2.75275e-07
9320 0.0109512
9321 0.996346
9322 0.366705
9328 0.00108597
9329 0.000592321
9332 0.0337008
9335 0.98144
9338 1.00614e-05
9340 0.199652
9341 0.989344
9344 0.005640999999999999
9345 0.000349321
9346 1.7008299999999998e-05
9352 0.00143101
9353 0.00863853
9355 4.80611e-07
9356 0.0100382
9357 2.9918600000000002e-05
9360 0.997785
9361 0.0102064
9363 1.05085e-05
9364 0.00106779
9366 0.00655999
9367 0.006311
9369 0.00715551
9370 7.006999999999999e-07
9372 0.0138713
9376 0.930899
9379 0.06371
9380 0.0150102
9381 0.999625
9383 2.84655e-06
9384 0.584024
9385 6.17915e-05
9387 0.00604681
9390 1.8424e-08
9391 0.0172239
9395 1.1705500000000002e-06
9396 0.127887
9397 2.36436e-06
9399 0.012996899999999999
9400 0.0371796
9402 0.09103860000000001
9403 0.012842099999999999
9404 0.00499177
9415 0.0234114
9416 4.88069e-07
9423 0.000200952
9425 0.0143255
9426 0.9747969999999999
9427 0.713421
9428 0.00576318
9430 0.9969030000000001
9431 0.000442356
9435 0.00565928
9436 0.0456063
9441 0.0539182
9442 1.56938e-11
9444 0.00418726
9447 8.88135e-09
9449 1.0033e-05
9450 0.013937999999999999
9451 3.4217e-07
9452 1.5536400000000003e-05
9453 4.99504e-05
9462 2.7000000000000004e-06
9467 0.00314882
9471 0.0707485
9473 0.0007737880000000001
9474 6.26212e-05
9475 0.9912110000000001
9478 0.00591742
9482 0.000161976
9483 4.50408e-08
9485 0.00176611
9486 0.000138632
9487 0.00154285
9489 0.0193225
9492 0.9665389999999999
9493 0.000189835
9495 0.356527
9498 0.0360219
9501 0.00316114
9503 0.00430953
9505 0.00896859
9506 0.046566199999999995
9509 0.00383051
9510 0.0017887
9511 8.16188e-05
9513 0.000289374
9514 0.00260976
9521 0.000208325
9522 4.9396899999999995e-05
9525 1.35053e-05
9529 0.00172132
9530 0.296245
9534 9.885939999999999e-06
9535 0.000521461
9536 0.9989629999999999
9538 0.29397199999999996
9539 0.0388741
9544 2.0471099999999998e-05
9547 0.00121147
9548 0.00340046
9552 8.034390000000001e-05
9553 0.000444305
9554 0.000222785
9555 0.115448
9556 0.0018135999999999998
9559 0.000802996
9561 3.32684e-05
9563 0.000166991
9564 0.029068
9569 0.0551678
9570 0.326191
9572 0.00298866
9574 0.000688977
9575 2.4568699999999997e-05
9578 0.0649163
9581 2.25569e-05
9582 0.039670699999999996
9583 0.0541394
9589 9.066690000000001e-05
9590 0.927918
9592 9.995409999999999e-05
9593 0.9670139999999999
9594 0.09638939999999999
9595 0.00176276
9599 0.0403293
9601 0.18579600000000002
9602 6.06597e-07
9604 0.00517312
9606 0.269057
9607 0.133712
9608 0.000440365
9610 0.00137491
9612 0.000138132
9616 0.000138866
9622 4.57247e-08
9624 0.000131279
9625 0.277089
9626 7.27989e-05
9628 4.9732200000000005e-05
9630 0.000910196
9631 0.002433
9632 1.91228e-05
9633 0.009874899999999999
9635 0.0750264
9639 0.104104
9640 6.697560000000001e-06
9642 0.0010022
9643 0.349628
9645 0.000113652
9646 1.93294e-06
9648 0.000408958
9651 0.00016978799999999998
9652 0.999959
9653 2.01231e-05
9657 0.0021906
9660 0.0008381969999999999
9661 0.00695044
9662 3.86024e-06
9663 3.52306e-05
9665 0.00165743
9669 2.3904099999999997e-05
9672 3.59884e-05
9673 0.00153966
9674 0.000123418
9675 0.955442
9677 0.00933011
9680 0.993293
9682 0.000452872
9683 0.0009786760000000002
9688 0.9890450000000001
9689 0.00041320800000000003
9690 0.000124111
9694 0.27174
9696 0.060078999999999994
9697 0.000127431
9701 0.8692120000000001
9704 0.0502597
9705 0.00749153
9708 0.000283151
9714 0.0978308
9715 0.00022898
9716 1.02865e-08
9720 1.22748e-06
9722 0.0419555
9723 0.995976
9725 0.00304313
9727 0.254102
9728 0.00019428700000000002
9730 0.0157344
9731 2.22133e-07
9736 0.00039623699999999997
9739 0.0008113980000000001
9740 0.999534
9741 0.030343099999999998
9742 0.00885445
9744 0.00150862
9750 0.059139300000000006
9751 0.00370772
9752 0.00165044
9753 0.000628785
9757 0.994617
9759 1.5333900000000002e-05
9760 0.00364055
9765 1.8607e-05
9766 2.76298e-05
9768 0.00486827
9769 0.0213958
9770 0.6166470000000001
9771 0.0299935
9775 1.0983499999999999e-07
9777 0.692067
9779 0.8779549999999999
9782 0.0141423
9783 0.0297048
9784 0.059174300000000006
9786 0.00273883
9787 0.000142703
9788 1.46894e-07
9791 0.0827413
9793 0.000865019
9795 2.43236e-07
9798 0.006235899999999999
9799 4.04742e-05
9802 9.90185e-05
9803 0.030702099999999996
9804 0.00619571
9806 0.058678999999999995
9811 0.000914295
9812 0.00463863
9814 4.37442e-05
9815 1.77989e-05
9817 0.00160796
9818 0.0133393
9820 3.7104299999999996e-05
9821 0.999577
9824 0.0171175
9826 1.59591e-05
9827 0.00020960599999999999
9829 0.261075
9835 0.000337559
9837 0.00010688100000000001
9838 0.018216200000000002
9840 7.354980000000001e-08
9843 0.0778706
9844 0.00118928
9846 0.000510903
9847 0.603546
9849 0.913209
9850 0.00518025
9853 0.00037287800000000004
9854 0.00010725100000000001
9856 0.12219000000000001
9857 0.012793899999999999
9861 0.00293536
9864 0.11130799999999999
9866 4.45141e-07
9871 0.000110516
9873 0.997792
9875 0.00218306
9876 6.03827e-09
9883 0.814753
9885 0.0120843
9888 0.000143947
9889 0.0590847
9890 1.3591900000000001e-05
9891 0.309685
9892 0.0005218859999999999
9893 6.0929e-07
9895 0.932475
9899 3.83744e-06
9901 0.0952215
9903 0.07239839999999999
9906 0.000103516
9907 0.0208208
9909 6.688020000000001e-05
9910 0.000354485
9912 0.00043747199999999995
9914 0.00113748
9915 0.00016999
9916 0.0005544780000000001
9919 0.0249146
9921 0.859617
9922 6.35429e-07
9924 0.051766099999999995
9925 3.30086e-07
9927 0.991859
9928 0.0008649710000000001
9929 0.145049
9930 0.00249875
9931 0.000211431
9933 0.000270727
9934 0.0435245
9936 0.239968
9937 0.029630700000000003
9941 0.00197055
9943 0.889919
9948 0.000380381
9951 0.245376
9952 2.52736e-06
9953 1.1868700000000001e-07
9956 0.000135501
9957 0.000247824
9960 0.00274945
9962 0.0249588
9963 0.0113514
