1 0.000564142
2 8.35918e-06
3 0.00013071100000000002
4 0.000126344
6 0.000152264
8 0.000310225
10 5.3262799999999994e-05
11 0.997149
13 0.00329425
14 5.53179e-05
15 7.16588e-09
18 4.26933e-05
22 1.8909199999999998e-07
25 0.000570346
27 7.100190000000001e-07
28 0.999974
29 3.14961e-05
31 4.0812800000000005e-08
37 2.6417800000000003e-05
38 6.244779999999999e-13
40 1.0835499999999998e-09
43 0.0017036999999999998
45 0.000470362
49 0.281794
53 0.9933540000000001
54 2.1531700000000004e-08
55 1.12683e-06
56 0.000254175
57 2.67035e-11
58 1.8421900000000003e-06
59 8.344190000000001e-05
62 7.83772e-05
67 4.58422e-12
68 3.93249e-08
69 6.67453e-07
70 0.0006621789999999999
71 7.03109e-11
74 9.946349999999999e-07
75 0.0784783
76 2.4969099999999996e-06
79 6.883939999999999e-06
80 0.000109645
82 2.46432e-09
84 6.741350000000001e-05
85 0.000121975
86 0.000143657
87 0.000305852
88 0.000263121
90 0.00024410599999999998
92 0.9995959999999999
94 2.5296e-07
96 0.0011972999999999999
97 2.76722e-05
98 0.0122838
100 3.3335700000000004e-07
103 2.50535e-05
105 5.23946e-06
106 1.60876e-07
108 5.45088e-05
111 3.19201e-05
114 0.7432979999999999
115 8.69046e-06
116 2.12831e-05
119 0.999933
124 7.0432100000000005e-06
126 0.000583725
127 0.000735804
128 1.52811e-05
135 9.13429e-05
136 0.029321899999999998
137 0.017609
139 1.2171299999999999e-12
144 0.0022056999999999997
145 4.3092299999999994e-05
148 1.23674e-11
149 5.25101e-06
151 0.000292142
152 2.8741500000000004e-10
155 4.56889e-06
157 0.00174781
160 0.000109851
166 6.09173e-06
167 1.25127e-09
168 3.65183e-05
172 1.6561000000000004e-10
175 0.00020736599999999998
176 0.00381163
178 1.07101e-07
179 1.16558e-05
181 4.93785e-05
182 0.00212201
183 1.45126e-05
185 0.000194429
186 0.00163608
188 1.31429e-10
191 1.1870999999999999e-05
195 1.8846199999999998e-07
196 1.172e-05
197 1.42498e-06
199 2.06032e-08
201 6.74687e-10
202 5.2778199999999996e-05
204 0.000387795
205 0.000285943
206 0.00039155
212 7.80084e-06
213 0.0148112
216 2.9486900000000005e-14
217 0.000563289
223 3.97321e-05
226 0.000278354
227 0.0163068
230 3.5498600000000004e-09
231 5.2162300000000005e-06
234 5.81018e-06
237 0.000728479
238 0.00023186299999999999
239 2.7356000000000004e-10
240 9.361719999999998e-09
243 4.2556400000000008e-16
247 6.084169999999999e-06
248 0.00023076599999999998
252 5.84977e-07
253 9.66814e-09
254 7.21855e-05
255 2.13761e-05
258 0.00669638
260 8.46294e-11
261 1.01869e-12
264 1.55545e-05
265 3.33076e-05
267 1.3523900000000001e-05
271 0.000875445
272 0.00281147
273 0.00141949
274 1.17556e-06
277 0.000346556
279 0.00017996400000000001
280 7.20335e-06
281 6.91778e-06
283 2.59265e-14
284 2.0737400000000001e-07
286 0.00117372
287 5.2971600000000005e-06
290 0.0007506
291 0.00011083600000000001
292 0.998859
293 4.33216e-08
295 0.00180746
297 0.00967018
299 5.1918999999999995e-05
300 0.00024671
301 1.6240499999999998e-05
309 1.04401e-07
310 4.23229e-05
313 4.80209e-07
314 0.000405969
315 0.000982396
316 1.43891e-07
319 1.51676e-05
324 0.00028279900000000003
326 0.00335466
327 0.000178937
330 0.00113774
333 4.8891699999999996e-09
335 0.000103362
339 5.097e-05
341 1.36623e-07
342 0.000475102
345 7.744730000000001e-06
346 0.00018601900000000002
348 4.77751e-12
350 3.6794199999999996e-08
351 1.1135500000000001e-07
353 6.876350000000001e-10
356 3.2015e-05
357 0.00303906
358 8.857099999999999e-10
360 1.1487899999999998e-06
361 5.1324e-07
362 1.58673e-05
364 1.92018e-15
365 0.0253765
366 0.000194453
368 0.000210023
369 0.00053681
371 0.000692346
375 5.0344300000000005e-05
376 0.000770198
377 0.000320185
378 4.54439e-08
383 3.8055e-05
384 5.7961800000000005e-05
385 0.000105407
386 5.94564e-05
388 0.00107314
389 0.000933555
390 2.43865e-07
392 5.283619999999999e-06
393 3.14845e-05
397 4.63005e-05
398 1.51051e-05
399 1.3726099999999999e-09
401 0.991038
402 2.33641e-06
405 0.00414999
409 0.0648777
410 2.4070400000000003e-06
412 0.00017682
413 8.83118e-06
414 2.1661100000000002e-05
415 1.93569e-07
418 2.9138e-05
421 8.766040000000001e-05
422 4.32491e-05
423 4.05861e-05
425 3.36695e-06
426 0.024508099999999998
429 0.0011174000000000002
432 0.000266202
434 3.9854e-06
436 2.92278e-05
437 7.680150000000001e-07
440 3.90323e-07
441 2.8946400000000002e-08
442 0.9999979999999999
444 6.9447199999999995e-06
445 2.24193e-07
447 5.09134e-05
449 1.5571700000000002e-05
451 8.50659e-06
452 0.000385253
453 4.87657e-08
455 8.1799e-06
456 1.4608e-05
457 0.000452001
458 0.000149828
465 1.78412e-07
466 8.43007e-05
467 7.26955e-11
471 2.6361700000000002e-05
472 9.46802e-10
473 0.000576821
475 6.751779999999999e-07
478 2.40922e-05
479 0.0108744
481 0.000815235
485 2.7038099999999998e-05
487 0.00021820599999999998
488 6.379739999999999e-09
490 8.408709999999999e-05
493 4.53849e-05
495 0.13901
497 9.93038e-12
502 0.00479043
504 0.000189829
505 2.2050999999999998e-07
506 1.63385e-05
507 5.33287e-07
510 0.00023298900000000002
511 4.88275e-06
512 6.60848e-08
517 0.00029120299999999997
521 7.786730000000001e-08
527 3.83059e-14
529 0.00018627299999999998
532 6.0381000000000005e-09
533 0.0029548
534 0.0124825
536 9.71295e-11
538 3.00104e-07
539 5.34042e-05
542 0.999942
546 0.0005605909999999999
547 0.000467943
548 1.6504999999999999e-07
551 0.0359506
553 2.6505000000000003e-10
556 2.58857e-07
557 4.43333e-05
558 0.00149058
560 0.000787485
561 2.47483e-07
562 2.08508e-10
566 8.92489e-06
567 7.510850000000001e-10
568 1.6309299999999998e-10
569 3.28666e-06
570 5.27032e-09
571 7.85955e-06
572 1.2840099999999998e-09
573 0.000117997
574 9.33712e-06
575 0.000488675
576 4.10135e-06
578 7.7758e-05
580 3.02638e-07
584 2.6798900000000002e-08
585 2.5647900000000007e-10
586 6.423050000000001e-05
587 0.000101528
593 5.0719e-10
594 7.5507e-08
595 0.000404894
596 2.87387e-05
600 0.00526323
602 1.75083e-05
603 0.00011151100000000001
604 6.4921900000000004e-06
606 6.75383e-06
607 2.40676e-07
611 0.00120242
614 7.48502e-13
615 4.13879e-05
616 0.00159551
617 1.14892e-05
618 3.17387e-05
621 0.00019180000000000003
623 1.82428e-06
624 4.056280000000001e-09
627 3.01785e-05
629 2.5753000000000002e-05
630 3.69439e-11
631 0.0081402
634 5.982949999999999e-06
636 2.54644e-07
638 0.9975209999999999
639 0.00241693
640 1.29475e-13
641 0.000468116
642 0.00136657
643 7.29853e-05
644 2.48655e-05
646 1.71675e-08
649 3.14935e-06
650 9.5195e-05
651 0.708163
652 0.000260396
655 1.8218699999999998e-09
658 7.53768e-05
659 0.00159661
662 3.4265900000000003e-10
664 0.0048545
665 3.47107e-17
666 1.43808e-05
668 9.16484e-11
669 5.91916e-05
670 4.92697e-05
673 0.9874639999999999
674 0.0009036410000000001
678 4.75261e-08
679 4.90422e-07
681 8.96809e-05
683 5.39642e-05
687 3.01234e-08
691 1.22728e-06
692 0.000116111
693 7.77924e-07
696 9.20189e-09
697 4.475490000000001e-06
698 0.000162423
701 0.976504
703 5.001219999999999e-06
704 0.000173552
706 3.9461199999999996e-08
708 0.11782999999999999
715 2.2183599999999997e-08
716 0.0224769
718 0.10626300000000001
719 7.12242e-08
721 8.77295e-07
722 4.8387600000000004e-05
723 2.36866e-07
724 3.16758e-08
725 0.00212217
727 6.7785e-07
732 4.20605e-06
734 5.97241e-06
735 2.10994e-07
736 4.56505e-09
737 0.00672506
741 0.999999
743 0.00070351
744 4.96621e-05
745 2.4038299999999997e-06
747 9.33691e-12
749 8.349680000000001e-06
751 0.00509701
757 4.9058599999999994e-09
758 3.9262e-05
759 1.9225299999999998e-06
762 7.50678e-06
765 0.00927056
766 0.000236834
769 0.000960201
773 0.000448169
775 3.89399e-08
778 2.7850999999999998e-05
779 0.000327373
781 0.00400242
783 2.72278e-05
784 2.4038000000000003e-05
785 0.984661
788 6.770869999999999e-07
789 3.25732e-08
790 0.00039195
792 0.000207978
795 3.22789e-05
798 3.0598099999999997e-12
801 2.4474599999999997e-10
803 0.9961180000000001
807 0.0007540380000000001
809 1.7937900000000003e-08
811 3.6116900000000005e-10
813 0.000259407
817 4.245229999999999e-05
819 1.50765e-07
821 3.18538e-05
824 9.59181e-07
825 3.2982599999999997e-12
833 3.78176e-05
835 7.533939999999998e-10
836 2.99063e-07
837 0.00029669099999999997
838 2.49602e-09
839 2.91964e-06
840 1.74974e-05
841 5.6425500000000004e-05
844 2.5033e-08
846 4.0873899999999997e-07
852 4.8033e-07
853 3.04116e-06
856 0.00250327
858 2.06243e-08
861 1.17723e-05
864 7.75549e-11
866 2.83279e-06
869 0.000715853
870 0.0005620590000000001
873 4.98202e-05
875 2.3962700000000003e-06
877 0.45665200000000006
881 7.8108e-09
883 3.46618e-05
884 0.000617013
886 0.000154883
890 0.0009429919999999999
891 4.78637e-07
893 6.08589e-05
894 5.5287600000000003e-08
897 0.00039715
901 0.000865323
905 0.027144400000000003
907 0.000726447
909 0.00019218
910 1.44002e-06
913 0.0957711
914 0.000289085
916 5.40394e-11
922 3.25275e-05
924 8.46618e-09
925 0.000255192
927 0.00112495
928 0.060227800000000005
930 2.62119e-12
932 1.44712e-07
933 0.00376368
938 4.9755e-05
939 0.025716200000000005
940 1.4709799999999998e-07
941 7.01277e-06
942 8.889700000000001e-09
944 0.000429509
945 3.6483799999999998e-09
952 0.00291847
953 0.000334835
955 0.00011520600000000001
956 0.000590982
957 0.151921
959 9.55313e-06
960 0.00696843
961 0.00036093
963 0.011619299999999999
968 8.06846e-12
969 0.00040055300000000005
970 1.30456e-05
974 5.04832e-05
975 0.00778627
976 0.000138944
978 2.3668e-05
979 0.0001198
981 0.000344895
983 0.0341825
984 3.6980900000000004e-05
985 1.12697e-07
986 0.000388492
988 0.181946
990 0.000984039
992 4.66966e-06
994 1.62473e-05
995 2.6359499999999997e-05
998 0.999993
1000 0.00115542
1003 1.4718799999999998e-08
1005 1.89478e-07
1006 0.018596400000000003
1007 0.000560484
1013 0.000150882
1016 1.1816099999999999e-05
1019 0.999984
1020 0.00157705
1021 3.04164e-09
1022 8.843200000000001e-07
1023 0.0005545
1025 6.11189e-08
1026 2.5358499999999998e-05
1029 0.00035100800000000004
1030 2.9274999999999997e-07
1031 2.63564e-08
1032 0.999501
1033 1.33269e-07
1034 2.4963099999999998e-05
1035 2.61397e-06
1037 0.00255636
1038 0.0056597
1039 4.58891e-05
1040 0.00038695
1044 0.00366458
1046 1.7331600000000001e-07
1047 7.60923e-06
1048 0.9493729999999999
1049 0.000308625
1051 2.5900700000000003e-09
1054 0.000477205
1055 0.000306072
1058 0.00016732900000000002
1059 6.39929e-05
1063 2.1665900000000002e-05
1065 0.00126246
1067 1.79555e-07
1070 5.3056900000000004e-08
1075 0.0006970110000000001
1076 0.00045143300000000005
1080 1.43608e-05
1081 1.27071e-05
1085 6.766180000000001e-13
1086 0.00967892
1087 0.0011942
1088 0.139701
1089 9.0695e-09
1090 7.03823e-06
1094 1.12342e-05
1095 0.0105291
1096 3.83894e-15
1098 1.0
1099 2.03485e-05
1100 0.0216501
1103 0.562707
1105 1.36784e-05
1108 0.00411372
1111 0.00058717
1114 0.029535900000000004
1115 5.8446599999999995e-09
1116 0.00353393
1117 0.00012406399999999998
1118 4.5613500000000006e-05
1120 0.000297899
1122 7.61441e-05
1123 0.00410433
1126 4.70182e-17
1128 0.00899135
1131 0.000180758
1132 0.028977499999999996
1133 6.384930000000001e-06
1134 1.36824e-09
1135 3.38055e-07
1138 1.637e-05
1139 3.07374e-07
1141 7.685850000000001e-05
1146 0.00013071100000000002
1150 8.011310000000001e-09
1153 2.04041e-07
1155 2.5258700000000003e-06
1157 3.67344e-09
1159 0.00384583
1162 0.000885017
1163 2.11063e-05
1165 0.00205108
1167 0.00013620600000000002
1169 1.76643e-05
1173 0.013794999999999998
1177 7.15887e-05
1178 1.83175e-07
1179 0.000465884
1180 0.00202452
1181 6.37836e-11
1183 4.46946e-07
1188 2.5421e-06
1189 1.38431e-05
1190 0.000449853
1193 2.2118099999999997e-07
1195 0.0572811
1196 2.46246e-05
1197 0.0058728
1198 3.4515199999999996e-10
1202 0.00030327
1208 0.00198645
1210 0.000110839
1213 0.00229554
1216 0.166161
1217 0.00537007
1218 2.23111e-09
1219 0.00075229
1220 5.91453e-05
1222 1.99514e-05
1223 3.5454899999999997e-13
1227 0.000107625
1228 0.000323781
1232 0.000496732
1235 0.000156171
1238 1.50519e-14
1242 0.00458829
1243 7.280970000000001e-05
1244 2.5733899999999998e-05
1245 8.15506e-07
1246 0.00337711
1249 0.00249083
1251 0.000463531
1252 8.407220000000001e-08
1253 0.000689351
1255 0.000160636
1256 4.23392e-05
1257 0.00350829
1261 0.000298278
1262 3.08802e-11
1264 1.46573e-09
1267 2.0878e-07
1271 0.00238648
1275 0.000148352
1276 0.000255754
1278 4.23168e-07
1280 8.821819999999999e-08
1282 0.000223877
1283 7.2208e-07
1285 1.671e-07
1291 0.000223193
1295 3.87251e-06
1296 1.8594e-12
1297 4.26961e-05
1300 0.46193500000000004
1301 9.70683e-09
1302 0.00011921700000000001
1303 0.0006027000000000001
1305 1.06604e-05
1306 3.63264e-07
1307 1.14859e-06
1308 4.82784e-06
1313 0.00024327299999999999
1317 8.17503e-05
1318 1.5212700000000002e-06
1319 0.00021671
1320 1.3314600000000003e-06
1321 4.5407499999999997e-07
1322 0.00026089799999999997
1328 0.00200039
1329 0.00011279200000000001
1331 6.543540000000001e-10
1335 9.741160000000001e-07
1336 1.47055e-14
1338 3.12325e-05
1339 0.0399992
1340 0.00247471
1342 0.000341646
1344 0.00365982
1347 0.000297099
1349 0.00526544
1351 6.1844e-05
1353 6.24728e-07
1354 0.00011017600000000001
1355 9.09765e-06
1356 6.819119999999999e-10
1357 2.475e-08
1358 1.32711e-06
1359 8.0869e-07
1363 0.0026814
1366 1.7881599999999998e-06
1367 0.00040157800000000004
1368 2.6650500000000002e-05
1369 3.72894e-12
1370 1.14405e-11
1372 1.31805e-05
1373 5.23823e-11
1374 0.000133643
1376 7.02727e-06
1377 2.86242e-05
1379 2.49047e-08
1380 0.00121756
1381 0.999992
1382 0.000321862
1389 0.564366
1391 2.90307e-07
1392 0.9986729999999999
1394 5.3047e-07
1396 0.00010158299999999999
1398 1.37229e-05
1399 7.54827e-05
1401 0.999077
1403 2.70892e-09
1407 0.000190544
1410 3.94697e-05
1411 1.8522400000000002e-07
1412 1.04136e-06
1415 0.00319407
1416 2.19414e-05
1417 3.6700299999999997e-07
1419 0.000411529
1422 1.72237e-06
1423 0.000320951
1424 2.41677e-05
1425 0.00013077
1428 0.22228
1429 0.000231773
1431 9.31926e-06
1433 3.34979e-08
1435 8.740110000000001e-08
1437 8.93721e-06
1438 0.00017864
1440 1.25102e-07
1446 6.2959e-09
1447 4.02949e-11
1448 7.580569999999999e-05
1449 1.48892e-06
1452 0.00011258600000000001
1454 1.88976e-05
1456 0.029012200000000002
1458 3.08703e-05
1459 0.00042607400000000003
1461 0.000188387
1462 0.00204086
1469 0.00017145900000000003
1471 4.70125e-05
1473 6.0486300000000004e-05
1474 7.34539e-06
1476 2.47222e-11
1477 7.02409e-07
1478 0.000410429
1482 3.3560400000000004e-06
1487 0.000365686
1489 1.4276400000000001e-05
1491 2.0323900000000005e-08
1495 0.00616303
1496 1.68757e-17
1500 0.0003363
1502 1.1155e-09
1503 9.71517e-07
1505 1.67337e-05
1506 2.9292699999999998e-05
1507 0.00902668
1508 0.00121066
1511 2.93605e-12
1513 0.000642211
1516 5.0176099999999996e-14
1518 3.02391e-05
1519 0.00046192900000000003
1520 0.990983
1525 7.42258e-09
1527 5.988540000000001e-06
1530 0.00294345
1533 4.31676e-05
1534 0.0025698
1535 0.00133585
1538 8.4971e-08
1540 0.0008542039999999999
1542 0.7521220000000001
1546 6.69232e-05
1547 1.0183200000000002e-16
1549 1.21624e-05
1550 8.85846e-10
1551 1.7384700000000002e-06
1552 5.3305400000000005e-09
1558 0.00013230700000000002
1560 2.88338e-11
1562 0.000104429
1564 7.040089999999999e-06
1566 0.000192573
1567 2.11707e-07
1568 9.376480000000001e-06
1569 7.32525e-06
1570 6.79107e-06
1572 6.026220000000001e-13
1573 0.281034
1574 0.0198949
1575 0.00012182799999999999
1578 4.06575e-07
1581 2.95767e-05
1583 6.37859e-05
1584 0.12103
1585 2.21466e-05
1587 5.81712e-07
1589 0.00040601699999999994
1591 1.68946e-07
1592 0.633059
1596 0.00138262
1599 0.000144395
1600 0.000266455
1601 9.66088e-07
1602 1.74925e-06
1605 0.0010238
1606 1.7914300000000001e-10
1609 5.28758e-06
1613 7.704389999999999e-08
1615 7.51736e-05
1616 1.05475e-05
1619 1.39372e-09
1620 7.0858e-12
1621 6.35775e-12
1623 1.61725e-08
1624 1.48322e-06
1625 6.23761e-05
1626 1.08059e-10
1629 0.0156913
1631 0.00100865
1634 2.5662400000000004e-06
1635 4.76837e-05
1637 2.3495300000000002e-05
1639 6.25456e-06
1641 0.00170289
1644 2.59007e-06
1645 0.000699792
1646 8.98085e-05
1648 9.01691e-05
1652 9.95633e-05
1655 0.014223
1656 3.4138199999999995e-06
1657 0.0006981369999999999
1658 6.7026799999999994e-09
1659 3.18398e-05
1660 6.655629999999999e-14
1663 0.996942
1664 8.879399999999999e-05
1665 2.4558900000000002e-06
1666 5.2579e-05
1667 1.01377e-05
1668 7.55337e-06
1670 8.63832e-07
1671 0.00899776
1672 5.8624900000000005e-09
1674 4.7681999999999995e-05
1679 1.14258e-07
1681 0.000143005
1687 0.00220154
1692 7.566800000000001e-07
1694 0.9999950000000001
1695 0.000144888
1696 2.3376500000000002e-05
1697 0.00037323099999999996
1698 2.1112399999999998e-05
1700 6.68206e-07
1701 0.00010160200000000001
1702 0.999936
1703 7.32546e-05
1704 0.00134397
1705 9.999149999999999e-06
1706 1.29155e-05
1709 4.4929600000000006e-09
1710 6.22287e-07
1712 9.575069999999999e-05
1715 0.00286723
1716 0.00401858
1719 0.000249518
1720 0.00019470900000000002
1722 0.00200342
1728 0.00019125
1731 0.000899011
1735 0.000166128
1736 3.76041e-06
1737 6.12786e-12
1740 3.10526e-05
1742 8.397709999999999e-05
1743 7.721460000000001e-06
1744 5.251479999999999e-09
1745 0.00023559200000000002
1748 9.980080000000001e-10
1751 0.9530420000000001
1753 0.00020007
1757 8.92625e-05
1760 1.52619e-05
1762 0.977377
1763 0.923572
1764 5.04081e-06
1767 0.025344099999999998
1769 2.78483e-05
1770 5.0666499999999993e-05
1773 0.000428745
1774 0.8440620000000001
1776 2.3174699999999997e-05
1779 1.3407899999999999e-05
1781 0.000789007
1783 1.32109e-05
1786 0.00158287
1788 1.47464e-08
1790 0.999957
1791 0.00035444199999999995
1792 0.000553945
1794 4.0547500000000006e-08
1796 9.510110000000001e-07
1798 1.02111e-11
1802 3.0481499999999998e-06
1803 1.90338e-06
1804 3.63289e-08
1805 1.7016199999999998e-05
1808 2.11044e-08
1811 9.49468e-05
1812 0.000641642
1813 0.027697700000000002
1814 0.000122586
1815 8.86719e-06
1817 2.0002e-05
1819 1.70703e-07
1820 3.02832e-07
1822 2.06522e-05
1823 2.1921400000000004e-06
1824 0.015557399999999999
1826 0.00232467
1829 5.3909499999999996e-05
1831 4.92046e-08
1835 0.9891030000000001
1838 3.714280000000001e-12
1839 4.96931e-06
1844 8.93946e-12
1846 0.00202729
1848 9.36065e-16
1850 3.84706e-05
1851 0.513933
1852 3.3653200000000005e-05
1856 0.000594982
1857 2.9028100000000002e-06
1859 1.05133e-11
1863 3.77351e-08
1865 0.634317
1866 0.03572430000000001
1867 6.755019999999999e-06
1868 8.34098e-07
1869 1.3753799999999999e-06
1871 3.6024899999999995e-05
1873 2.20703e-08
1874 0.999699
1876 6.63659e-08
1879 0.00144853
1880 0.00044720400000000004
1883 2.0648e-08
1884 0.000187265
1885 0.000164222
1886 3.75082e-05
1889 4.93386e-11
1890 0.99655
1891 4.87567e-09
1893 4.02582e-06
1895 0.000347419
1897 2.85705e-10
1900 0.000175385
1905 6.74298e-05
1908 6.847169999999999e-08
1909 0.999906
1910 0.0575303
1912 2.42695e-22
1913 4.2632199999999997e-07
1914 1.9222799999999997e-06
1916 8.2756e-12
1917 5.3782899999999996e-05
1919 1.56118e-08
1921 0.00029149
1923 2.12544e-09
1924 4.14448e-07
1925 2.4501e-08
1926 0.00758729
1929 3.8412300000000003e-19
1935 9.09114e-08
1939 3.99301e-05
1942 2.53337e-06
1943 0.00392882
1946 0.00314084
1947 0.00222524
1949 3.99445e-05
1951 1.3635599999999999e-05
1953 5.6845e-07
1955 9.32327e-05
1956 1.41173e-05
1957 0.000552116
1959 5.241990000000001e-10
1961 0.00134979
1965 1.9422e-05
1966 0.0646281
1967 3.7091099999999997e-08
1968 4.2405600000000006e-05
1969 0.000115164
1973 0.00562813
1974 0.000183618
1975 6.507719999999999e-06
1979 0.00038015099999999996
1983 4.63474e-09
1984 0.00592796
1986 0.00459058
1987 2.5813500000000003e-07
1988 7.05459e-10
1990 0.000155335
1991 3.96008e-12
1992 1.58782e-05
1993 0.00263094
1994 1.79228e-11
1996 8.83154e-11
1997 1.28571e-11
1998 1.7413e-09
2003 0.997491
2005 0.000101956
2007 1.16596e-14
2008 1.01414e-12
2009 8.3603e-06
2010 4.42027e-07
2013 0.00028006200000000003
2014 7.95958e-08
2016 0.00013957
2017 7.02808e-06
2018 8.545130000000001e-07
2026 4.42722e-05
2028 0.00016921400000000002
2029 4.45984e-06
2031 1.27009e-06
2032 0.00020550900000000001
2033 0.000250736
2035 7.897800000000001e-07
2038 0.0050257
2040 4.209130000000001e-09
2041 2.06736e-05
2044 2.3300400000000004e-06
2046 0.00048769
2048 0.9960200000000001
2050 1.3128099999999999e-05
2052 5.8840599999999996e-08
2053 2.2162700000000003e-06
2057 5.92833e-05
2059 0.999252
2060 3.21358e-05
2062 0.00131218
2065 0.00107953
2066 4.8198199999999995e-05
2071 2.69013e-05
2072 4.80867e-05
2073 0.0028203000000000004
2074 0.000312231
2075 0.014981200000000002
2076 0.00124254
2077 0.000139519
2078 1.7424299999999999e-12
2079 0.000119069
2080 1.39292e-06
2081 0.000219912
2084 0.9992979999999999
2085 0.00175592
2087 3.0028400000000002e-05
2089 2.70316e-16
2092 0.0020175
2093 5.0822600000000004e-05
2097 0.00369009
2100 2.5251799999999998e-05
2103 8.25569e-07
2105 3.06962e-11
2106 0.999985
2107 0.00526356
2110 1.70497e-05
2111 1.8771900000000001e-06
2113 0.999856
2115 0.000104564
2118 1.49067e-06
2119 4.9021800000000006e-05
2121 0.000197669
2122 0.00201132
2123 0.0005230219999999999
2127 7.65084e-07
2128 5.632909999999999e-07
2130 4.28119e-07
2131 3.11231e-05
2133 0.981949
2137 3.66516e-06
2138 0.00023877799999999998
2141 1.60484e-05
2143 1.24042e-11
2144 0.00043306400000000004
2147 0.9996860000000001
2148 8.08308e-11
2149 1.54997e-05
2150 0.00011684299999999999
2154 1.1944999999999999e-08
2157 6.6747e-10
2159 0.000258494
2160 8.792090000000001e-05
2161 0.000505529
2162 0.944543
2164 0.000116941
2167 0.605909
2168 5.15821e-11
2173 0.0010906
2175 2.58187e-07
2177 2.5259299999999998e-08
2185 1.93589e-09
2188 2.31144e-06
2189 9.14366e-05
2195 0.000202623
2198 0.00011633100000000001
2200 0.044585400000000004
2203 0.050462900000000005
2204 1.42958e-05
2205 0.9980610000000001
2206 1.9401e-09
2207 1.33042e-05
2210 5.2357000000000005e-06
2211 0.000130848
2216 2.35101e-06
2217 8.60547e-14
2222 0.989451
2223 3.994169999999999e-06
2225 3.8597100000000004e-05
2227 6.41225e-11
2229 2.1513400000000002e-10
2230 0.00220586
2231 0.0113206
2232 0.000114935
2235 0.00033647
2236 2.41331e-07
2239 1.96467e-08
2240 1.61391e-05
2242 1.51831e-09
2243 0.00867822
2245 3.33612e-07
2246 1.8243099999999997e-07
2250 0.00355557
2252 6.86909e-05
2254 0.00849675
2258 0.000683402
2262 0.00104066
2264 0.00384304
2269 0.00024818
2271 5.33492e-10
2274 1.60857e-06
2275 0.999986
2282 0.0039164000000000004
2283 1.01356e-05
2286 0.000287248
2289 4.16171e-05
2292 7.11526e-09
2294 3.3063599999999997e-09
2295 0.00790114
2296 0.00091175
2297 0.0018463000000000002
2298 4.7913199999999994e-05
2299 0.6884319999999999
2301 2.83678e-06
2303 0.985351
2304 0.999395
2309 1.04087e-08
2312 0.990237
2313 0.00022850599999999998
2314 0.00535377
2316 7.14593e-05
2317 9.901309999999999e-07
2319 2.7738099999999995e-08
2322 0.000919903
2325 2.4718899999999998e-05
2326 6.65047e-08
2327 1.85673e-05
2331 3.0789599999999994e-06
2336 5.295000000000001e-07
2338 5.4146e-07
2339 6.53057e-06
2341 0.00011692799999999999
2344 0.00164846
2346 1.8937e-08
2349 9.34495e-08
2351 2.46448e-08
2353 3.48755e-05
2356 0.00020550900000000001
2357 0.00018245599999999998
2358 0.00024811799999999997
2360 3.8849000000000006e-07
2363 0.00116715
2365 0.00100329
2370 6.19707e-08
2379 4.90533e-10
2380 4.19541e-05
2381 0.00022455
2383 7.47065e-09
2386 1.58445e-05
2388 0.6323810000000001
2389 1.47689e-05
2390 0.00019025299999999998
2394 0.0007548230000000001
2395 3.8395e-06
2396 0.000112446
2397 1.1670499999999999e-08
2398 5.54124e-06
2399 6.24087e-07
2400 3.53226e-05
2402 2.9144200000000004e-09
2406 1.0140799999999998e-06
2408 0.00062722
2409 1.2981299999999999e-06
2412 3.80242e-05
2414 0.000172946
2416 7.53059e-07
2418 9.3129e-05
2421 9.78477e-06
2422 7.822790000000001e-07
2424 6.782429999999999e-07
2426 1.5395899999999999e-13
2428 0.0005432169999999999
2429 2.8118299999999998e-05
2430 0.995353
2431 1.10555e-05
2432 0.0172419
2434 0.00019412799999999998
2438 0.00639158
2440 0.9999959999999999
2446 2.0529e-09
2447 0.0589438
2449 0.00515866
2451 0.0005474669999999999
2453 0.973981
2455 7.98488e-06
2457 0.000365294
2463 9.219889999999999e-06
2464 4.7498100000000005e-05
2467 8.15277e-15
2469 0.0016259
2473 1.97752e-09
2474 7.54273e-10
2475 5.177759999999999e-10
2482 0.00022942400000000002
2484 7.47172e-05
2485 0.00314998
2486 2.6162800000000003e-05
2487 1.4683900000000002e-05
2488 1.35427e-11
2489 0.000220484
2495 1.03846e-05
2498 8.450479999999999e-05
2499 0.001446
2503 0.000130724
2506 1.02306e-06
2507 2.89011e-07
2509 0.00243345
2510 1.9767099999999998e-10
2511 7.90492e-05
2515 8.90923e-06
2516 1.74423e-05
2517 1.5444000000000002e-09
2521 2.78173e-08
2522 2.14414e-06
2526 1.8989199999999999e-06
2527 3.91196e-09
2528 1.97215e-05
2530 8.90534e-11
2531 1.38631e-12
2532 2.36326e-08
2535 8.816380000000001e-06
2536 8.78e-06
2538 5.5594200000000004e-05
2541 0.028233499999999998
2543 7.146939999999999e-05
2548 2.78764e-06
2550 0.000454916
2551 2.41816e-05
2552 0.00200414
2553 0.000493407
2556 6.77205e-05
2557 1.34258e-07
2560 3.69697e-05
2562 4.2613e-06
2568 1.00494e-09
2570 0.154256
2573 2.23357e-05
2574 0.00101943
2575 0.000281042
2576 0.000371309
2577 5.27855e-12
2580 9.66232e-05
2581 0.00048612
2582 3.97032e-05
2583 2.52306e-05
2587 0.000361667
2588 6.55976e-05
2591 0.00012286
2592 3.4711300000000004e-12
2596 1.69183e-06
2597 0.21454600000000001
2601 4.1913400000000004e-05
2602 2.0271000000000002e-07
2604 0.00013994700000000002
2607 2.18188e-07
2608 0.00624343
2610 0.00031022900000000003
2612 2.6657500000000002e-09
2614 0.000285098
2616 0.9736950000000001
2617 8.24792e-05
2619 1.17556e-10
2620 0.294473
2622 0.00153701
2623 2.6606799999999997e-05
2624 0.00036919800000000005
2626 4.1507199999999997e-07
2628 2.57688e-05
2629 3.81207e-06
2630 7.166160000000001e-07
2631 2.174e-05
2638 3.15535e-06
2639 3.63919e-05
2640 3.99775e-10
2642 0.986294
2644 0.0005251009999999999
2650 3.02727e-05
2651 0.00184347
2652 0.0024984
2654 0.000651414
2655 2.68088e-05
2656 1.25665e-06
2660 0.00403601
2661 1.3289400000000001e-17
2663 0.044688900000000004
2665 0.000117855
2671 0.000915865
2672 0.00376623
2673 9.9681e-07
2674 6.228e-05
2676 0.00333268
2679 0.00478561
2681 1.96154e-07
2685 9.29966e-06
2686 1.44452e-06
2687 0.00228626
2688 2.458e-06
2692 1.88978e-05
2694 0.993416
2698 5.07446e-12
2700 6.13503e-05
2701 7.74485e-05
2703 0.0027273
2705 0.000474203
2707 5.146330000000001e-06
2708 0.0021487
2711 2.1862600000000003e-05
2712 5.28529e-06
2716 2.0250200000000002e-06
2719 3.76076e-05
2720 6.1376e-05
2724 6.10696e-05
2725 0.08981080000000001
2726 0.00019145
2728 0.000319394
2729 5.3676099999999994e-09
2731 2.3643499999999996e-09
2733 1.1434100000000001e-10
2736 0.997915
2739 1.99321e-07
2740 0.00762502
2742 9.695350000000001e-07
2743 0.000355379
2746 4.9444099999999996e-05
2748 7.354789999999999e-07
2750 0.000212948
2752 0.00019764400000000002
2753 0.005398699999999999
2754 7.74772e-09
2756 1.5653199999999998e-05
2758 9.87666e-07
2761 0.00372661
2764 1.0142899999999998e-09
2768 9.01685e-05
2769 0.000171549
2770 0.000516062
2771 1.00015e-06
2773 0.0015071
2777 3.2187199999999996e-05
2780 2.0358800000000002e-05
2781 5.9927200000000005e-05
2787 0.348962
2788 0.000242312
2789 2.94245e-05
2790 2.16003e-05
2792 5.33177e-06
2793 4.49835e-05
2797 1.0595200000000001e-06
2799 6.14106e-06
2802 0.000338608
2805 0.000273865
2806 8.500049999999999e-10
2808 1.1172599999999999e-07
2809 5.7899700000000004e-05
2811 2.21813e-05
2813 5.01139e-06
2814 7.25861e-08
2818 0.000152958
2819 3.07591e-05
2821 0.00019959
2822 1.79837e-07
2823 3.6182e-08
2824 0.00114947
2825 5.8431499999999996e-08
2828 0.000130552
2829 1.0928e-05
2830 1.7057e-12
2831 1.8890499999999998e-07
2832 1.1680999999999999e-05
2837 0.025247
2839 5.52828e-11
2840 1.14416e-06
2843 3.04787e-08
2846 1.71085e-05
2849 0.0377577
2850 0.00109585
2851 4.15475e-06
2852 0.00184304
2853 0.396692
2856 1.21683e-07
2857 2.5188500000000004e-07
2860 2.38357e-07
2861 0.000141349
2862 0.000687412
2863 0.000174734
2865 8.29479e-06
2871 4.4932e-06
2872 0.0352097
2874 5.3568499999999994e-08
2876 0.000195368
2877 0.000421986
2878 0.000398262
2882 5.66747e-06
2883 0.05289919999999999
2885 2.7595299999999996e-06
2887 0.00156522
2888 6.06274e-07
2890 1.15512e-07
2892 8.939010000000001e-09
2894 0.000235725
2895 0.00021192400000000003
2897 1.37539e-05
2898 4.04366e-06
2900 1.57209e-06
2902 0.00187733
2903 0.021707499999999998
2904 8.698870000000001e-05
2905 0.000315727
2907 0.000177915
2908 3.5905699999999997e-12
2909 2.5031199999999997e-07
2911 0.000602486
2918 4.05661e-06
2920 3.83356e-05
2921 5.2598800000000005e-06
2922 7.73114e-05
2923 0.000380489
2925 0.00023374
2926 0.0172142
2927 2.23643e-07
2928 0.219892
2929 0.000319579
2930 0.00010241200000000001
2936 0.999973
2945 0.0007459119999999999
2948 2.95267e-05
2949 7.812120000000001e-10
2950 0.0006783189999999999
2951 0.00225486
2955 1.23555e-07
2959 0.0167255
2961 8.90592e-08
2964 7.07944e-05
2968 4.91051e-06
2970 0.999958
2971 0.000144248
2972 0.0079814
2973 3.11346e-05
2974 0.000211847
2979 0.000289547
2980 0.761483
2981 5.78103e-05
2982 0.00139339
2983 3.17572e-06
2985 0.00810275
2991 5.79566e-06
2993 1.75633e-05
2996 3.6165e-07
2997 0.000780333
2998 2.21298e-13
2999 2.52392e-13
3001 3.82076e-06
3006 5.29144e-10
3010 0.000271925
3012 0.000225557
3014 1.6334e-05
3016 1.60703e-06
3018 0.000136129
3019 0.9863219999999999
3020 0.000102703
3022 1.39177e-05
3025 1.52081e-05
3026 0.00214949
3029 6.414119999999999e-06
3030 0.00292362
3033 3.67139e-09
3035 2.27683e-05
3036 0.00116205
3037 0.00022946099999999998
3040 0.0013157
3041 2.4536500000000002e-06
3043 2.01667e-06
3046 6.62725e-11
3048 6.27271e-06
3049 0.000232715
3050 3.71459e-07
3052 1.6000299999999998e-07
3055 1.35191e-05
3059 2.5478700000000002e-06
3060 5.11169e-08
3062 1.92437e-06
3067 1.91918e-05
3068 2.49786e-07
3069 7.18933e-06
3070 4.24037e-06
3071 6.83358e-05
3073 1.74843e-05
3075 2.3203200000000002e-05
3076 8.3028e-06
3079 0.00151373
3080 0.99985
3081 5.4203400000000004e-05
3084 7.624119999999999e-06
3087 2.21614e-06
3091 0.00288227
3095 0.050254900000000005
3096 0.0138566
3097 6.652410000000001e-07
3099 1.34759e-06
3101 2.58623e-07
3104 2.99875e-05
3109 1.23158e-07
3111 6.99747e-07
3113 2.1052300000000002e-05
3114 0.00707959
3115 4.488159999999999e-06
3119 0.9999889999999999
3123 0.00040776
3125 0.00102429
3128 0.00566024
3130 4.59729e-15
3131 0.0068081
3132 0.00038918199999999996
3136 7.50701e-06
3139 0.000110032
3141 0.00016602
3143 7.808849999999999e-08
3144 5.371799999999999e-06
3148 8.212780000000001e-05
3151 1.57097e-08
3152 0.00207317
3153 2.68427e-05
3156 7.07115e-06
3158 0.00045307199999999995
3160 1.59532e-07
3166 0.976142
3167 2.9202399999999997e-05
3168 0.000153492
3171 0.000451466
3172 0.00163595
3173 0.00059004
3174 0.00317609
3179 3.79073e-05
3180 0.000136234
3182 0.000105299
3187 0.000228234
3190 4.74334e-06
3191 2.88458e-05
3192 2.29031e-05
3193 2.0681e-05
3196 1.38844e-07
3197 1.8504499999999998e-06
3198 0.0032881
3201 5.056729999999999e-05
3203 8.443229999999999e-09
3206 7.512520000000001e-05
3208 0.000514764
3209 3.0711500000000003e-07
3212 0.018866900000000002
3215 0.00038347
3217 8.13621e-08
3220 9.19077e-10
3221 0.00465055
3222 6.09908e-07
3224 0.00149168
3225 0.000156314
3226 0.000369709
3227 0.9998520000000001
3230 1.80712e-07
3232 3.4171399999999996e-05
3234 0.000262556
3235 9.89136e-06
3237 4.92954e-05
3238 0.999936
3241 0.26060300000000003
3245 0.0113635
3246 0.000525575
3248 0.000115555
3249 3.6089599999999993e-10
3251 3.17628e-08
3252 1.8434800000000002e-05
3257 6.23078e-09
3263 0.00016526
3264 0.00207213
3265 3.33399e-07
3266 9.24861e-05
3267 2.2735600000000001e-07
3268 2.84026e-11
3275 0.00521849
3276 1.0176999999999999e-07
3277 2.31399e-06
3278 6.705939999999999e-06
3281 7.18273e-06
3283 4.767189999999999e-05
3286 8.16874e-09
3287 0.9994540000000001
3288 0.00109434
3289 0.000195988
3291 0.00047223800000000004
3295 3.6554099999999996e-08
3297 0.000139498
3298 0.00108158
3302 5.1196600000000005e-09
3304 1.10673e-06
3305 7.38049e-07
3306 6.25004e-11
3309 5.8297e-10
3310 8.188020000000001e-07
3312 9.144710000000001e-10
3314 0.000271876
3315 1.17036e-05
3317 0.00043261300000000004
3318 3.5652800000000005e-05
3319 0.08562489999999999
3321 5.1834e-08
3322 0.00343012
3323 6.16322e-06
3324 2.22215e-05
3326 9.176260000000001e-06
3328 2.17516e-07
3329 2.5461900000000004e-06
3332 3.05018e-06
3333 3.36984e-08
3334 3.32643e-05
3340 7.2414e-06
3341 8.53579e-07
3342 6.929310000000001e-05
3345 0.00070197
3346 5.4142599999999995e-08
3347 4.4067600000000005e-05
3348 9.279850000000001e-07
3352 0.0221418
3353 7.28561e-11
3357 8.4801e-12
3358 9.766089999999999e-06
3361 0.00453562
3364 7.12429e-09
3366 7.37704e-05
3368 0.00257299
3371 0.843599
3372 4.0585699999999996e-10
3375 4.5991e-08
3378 6.95538e-05
3381 9.20795e-12
3383 0.000923597
3384 0.0112151
3385 4.7285000000000006e-06
3387 1.5760699999999999e-10
3388 2.77977e-09
3389 0.00017714
3393 2.37362e-07
3394 2.38105e-07
3399 1.6239999999999997e-07
3400 9.05987e-12
3402 1.7174100000000002e-05
3405 3.9724300000000004e-10
3409 2.95911e-06
3411 0.00542976
3414 2.19427e-07
3418 0.000984316
3423 0.018790599999999998
3426 0.00841802
3427 0.433453
3428 5.9191199999999995e-06
3431 0.00354865
3432 0.00141715
3434 5.17644e-06
3437 6.02732e-05
3438 0.000172113
3440 1.4915799999999999e-05
3442 2.26664e-05
3445 1.0863699999999998e-09
3446 0.00391407
3447 6.06191e-06
3448 7.355580000000001e-09
3454 4.28272e-06
3456 2.11769e-07
3457 3.5679599999999997e-06
3459 2.14916e-05
3460 1.91267e-07
3463 0.00011617200000000001
3467 7.59113e-08
3471 1.8283800000000003e-05
3472 0.00213258
3473 0.00173516
3474 8.995599999999999e-10
3475 1.93191e-05
3476 0.016978
3478 0.00027722099999999997
3479 0.0001696
3480 0.9899290000000001
3481 2.8209699999999998e-06
3482 1.09392e-05
3483 0.00102079
3485 0.00145269
3486 2.7559899999999997e-05
3488 0.00204984
3490 0.563758
3494 4.07992e-11
3495 0.00173579
3498 7.175439999999999e-05
3501 4.504659999999999e-08
3502 3.61159e-06
3503 1.14821e-08
3504 0.973195
3505 3.7665199999999996e-12
3507 2.25022e-05
3512 4.9744e-09
3513 1.09826e-05
3514 0.000352961
3515 3.0575900000000003e-06
3517 3.47411e-06
3520 2.24425e-05
3523 3.283e-07
3526 0.00223884
3527 2.192e-06
3531 1.42717e-06
3532 0.000487841
3533 0.00183583
3534 2.0581499999999997e-15
3535 0.00702508
3538 3.03111e-07
3540 0.0114152
3541 1.87815e-05
3542 1.28095e-08
3543 5.07751e-06
3544 0.00261363
3545 1.78461e-08
3547 6.49258e-07
3552 2.22373e-07
3553 1.78968e-07
3557 0.00011016799999999999
3558 0.000198543
3559 4.7741e-05
3560 0.999975
3561 7.879850000000001e-05
3562 0.00330544
3563 0.000970096
3568 3.40249e-07
3569 4.7083e-05
3570 1.26902e-06
3571 0.00727208
3572 2.20122e-12
3573 0.000146362
3574 6.675449999999999e-17
3578 3.72286e-09
3579 3.3175e-05
3581 4.486269999999999e-06
3582 0.000352771
3583 7.743689999999999e-05
3584 8.687869999999999e-07
3590 3.72947e-05
3591 0.00158
3592 3.90269e-05
3595 0.000115243
3598 0.000164698
3600 7.07733e-06
3601 1.2164e-10
3602 0.000346018
3607 1.22599e-07
3610 0.0006052340000000001
3612 0.0008012560000000001
3613 0.0009312360000000001
3615 0.999532
3616 0.00017988099999999998
3617 7.038589999999999e-06
3619 0.000110008
3624 0.00030376599999999996
3626 3.7380900000000004e-06
3630 1.0749e-08
3631 4.10846e-05
3633 6.16946e-05
3637 1.3005299999999999e-05
3641 3.57455e-05
3643 0.000106913
3647 0.999985
3649 1.3443299999999999e-05
3650 4.306180000000001e-06
3652 0.002373
3653 9.51102e-05
3659 0.000136611
3661 3.40192e-05
3665 4.12381e-06
3666 1.13869e-08
3668 7.086060000000001e-06
3670 7.50883e-13
3672 0.0239194
3676 0.000909528
3677 2.7180799999999998e-09
3680 8.56558e-06
3682 2.19731e-06
3683 1.0881700000000001e-08
3686 0.000255535
3687 9.35858e-05
3689 3.35176e-08
3692 0.000270985
3693 2.42347e-06
3697 8.50569e-05
3701 6.196729999999999e-05
3702 3.19161e-06
3707 0.00308305
3710 1.25749e-05
3712 0.00287082
3715 1.4365799999999998e-06
3716 0.0202805
3718 3.2578000000000005e-07
3719 2.0706999999999996e-07
3720 2.60904e-05
3723 8.30664e-05
3724 0.9986729999999999
3725 5.72266e-07
3726 9.364180000000001e-09
3728 9.99908e-05
3730 5.54562e-13
3731 0.00542483
3733 6.161780000000001e-07
3734 7.48798e-05
3736 0.000322626
3737 0.000205115
3738 0.00386954
3739 1.6328800000000002e-05
3741 0.00240618
3742 6.4334e-05
3744 5.70978e-06
3745 0.0009886
3746 2.1764499999999998e-13
3747 0.00539772
3755 9.56059e-05
3756 0.012358200000000001
3757 0.000154823
3761 8.610909999999999e-05
3762 0.00104248
3764 1.0722999999999999e-07
3765 7.43796e-07
3766 4.1936300000000006e-12
3768 3.95915e-09
3769 1.06413e-10
3770 2.41716e-07
3771 0.000167207
3775 0.00301827
3776 8.35167e-05
3777 1.31816e-07
3778 0.411567
3782 0.996999
3785 1.70213e-06
3787 2.33321e-08
3789 0.00147693
3794 0.00767815
3795 2.70331e-10
3799 0.00039136199999999997
3800 2.04053e-05
3801 3.52911e-05
3802 5.51637e-05
3804 0.9998020000000001
3805 7.05339e-05
3810 1.50696e-08
3812 0.995309
3813 0.9999239999999999
3815 1.70095e-07
3816 0.997635
3819 5.7117399999999996e-05
3822 2.9550900000000004e-09
3823 1.7016099999999997e-08
3825 1.09891e-07
3829 2.2619700000000004e-08
3831 5.62769e-06
3832 0.000843911
3833 6.18919e-13
3836 0.000353426
3839 7.173229999999999e-05
3840 2.16027e-05
3841 0.9965700000000001
3842 6.34178e-09
3843 2.37827e-06
3850 0.000390959
3851 2.04347e-07
3852 0.000792297
3853 1.20549e-05
3854 0.041281
3858 2.65383e-05
3862 0.00751878
3864 1.94743e-09
3867 9.680149999999999e-05
3870 0.0969574
3873 8.66377e-09
3875 0.0009092000000000001
3878 7.298289999999999e-06
3880 0.996183
3881 0.000215132
3882 0.00198889
3883 5.1961199999999995e-08
3884 2.75966e-07
3888 1.78868e-05
3892 6.89349e-08
3893 3.95806e-09
3894 2.8847800000000002e-05
3896 9.81082e-05
3897 0.0020601
3900 5.08062e-06
3901 0.647946
3902 0.000128324
3903 0.000293792
3904 0.000498615
3906 0.9999129999999999
3908 1.9510299999999996e-06
3909 5.42999e-05
3910 6.24273e-07
3914 1.07528e-06
3916 1.07148e-05
3917 2.1322900000000003e-08
3920 0.17405299999999999
3922 4.84265e-06
3925 0.998732
3927 0.00383176
3928 1.9860299999999997e-06
3929 7.803530000000001e-06
3930 9.311479999999999e-05
3931 0.0255887
3933 0.00116009
3934 8.21418e-05
3938 4.1397500000000005e-06
3940 2.3266e-06
3942 0.010871200000000001
3943 3.7724899999999995e-05
3944 0.0005828830000000001
3950 0.000190688
3951 6.12872e-05
3952 1.564e-06
3955 0.0100059
3958 0.252893
3959 9.58068e-05
3962 1.62036e-05
3964 0.000697151
3967 9.6801e-06
3968 5.78595e-05
3972 2.86154e-05
3975 0.00205049
3976 1.71198e-14
3977 2.2328599999999996e-06
3978 1.73338e-05
3980 0.00296486
3981 4.07226e-05
3982 0.00353922
3985 6.816460000000001e-08
3989 3.03882e-10
3995 0.0347727
3999 1.92428e-06
4000 2.68083e-07
4001 3.65866e-05
4002 0.00228257
4004 0.00252287
4006 2.72677e-05
4007 0.00037885800000000004
4018 8.43939e-06
4021 1.74057e-05
4022 0.000103019
4024 2.7081199999999997e-05
4026 1.7519100000000002e-07
4027 3.8864699999999996e-06
4029 0.0005388880000000001
4030 3.9722699999999995e-08
4032 2.99189e-05
4036 1.6628699999999999e-07
4038 9.23498e-05
4040 0.000209234
4041 0.00313288
4042 0.000946935
4043 1.61305e-05
4044 0.739258
4045 3.41926e-07
4048 0.999598
4049 7.540230000000001e-06
4050 2.98091e-11
4053 0.000817201
4054 8.04677e-06
4055 2.07239e-05
4056 0.000141689
4059 4.45798e-06
4061 0.155796
4062 0.000987408
4063 1.71011e-06
4064 0.000712398
4065 2.83017e-05
4068 1.69617e-05
4070 3.15965e-14
4071 5.10449e-08
4072 0.000265495
4074 0.00116635
4078 5.99836e-07
4079 0.00255866
4080 8.04337e-07
4081 4.93824e-05
4083 1.2517000000000001e-09
4084 3.4193300000000004e-06
4086 0.184504
4088 1.6678400000000002e-06
4090 0.000218277
4094 1.67921e-07
4096 0.00143503
4097 6.5269e-08
4098 0.0007428310000000001
4099 7.83918e-07
4101 1.12904e-06
4103 4.30313e-07
4104 2.60685e-05
4107 0.000565689
4109 8.510350000000001e-05
4112 1.67807e-05
4114 0.9996860000000001
4115 1.9867400000000002e-06
4116 0.8534879999999999
4118 2.36157e-05
4119 0.001639
4123 9.4863e-06
4124 5.49146e-08
4125 1.55436e-06
4126 1.0309700000000002e-06
4127 0.00922812
4128 9.01695e-07
4130 0.000475279
4132 5.1153800000000005e-06
4134 9.28002e-05
4139 0.0005514469999999999
4144 7.467590000000001e-05
4147 9.47455e-06
4151 2.9923e-05
4153 6.60265e-10
4154 9.85442e-07
4155 7.0905e-05
4156 0.000679091
4157 0.00010632299999999999
4159 0.000102518
4160 1.5543999999999999e-06
4161 0.999976
4162 0.000267338
4165 0.995886
4166 7.719210000000001e-06
4167 1.6892e-07
4172 4.93656e-06
4173 0.00588415
4175 0.00984713
4176 1.0253900000000001e-09
4177 4.84899e-06
4179 5.0351499999999994e-05
4180 6.77144e-05
4181 2.47384e-07
4182 2.20275e-07
4183 3.0100100000000004e-07
4184 0.00481022
4187 0.00207076
4188 0.999102
4197 0.00296801
4198 5.46817e-09
4199 9.56876e-13
4202 0.0452519
4206 6.9271e-06
4207 2.34416e-05
4208 1.04624e-05
4210 0.000159836
4211 0.0188816
4213 3.60033e-07
4214 2.06162e-10
4216 2.93892e-06
4217 1.65225e-10
4218 0.00364112
4219 0.00121419
4222 4.02452e-05
4225 7.446619999999999e-09
4226 0.9730200000000001
4227 5.13388e-06
4233 6.992239999999999e-07
4234 0.0004738
4235 7.836549999999999e-07
4236 5.674259999999999e-06
4238 1.5417e-05
4240 0.00024634799999999997
4243 1.7826400000000002e-08
4245 1.4837e-05
4248 0.00041132800000000003
4249 6.25136e-07
4250 1.26956e-06
4251 5.1639e-10
4252 0.0100981
4254 6.55486e-12
4260 1.52369e-05
4261 2.8364e-07
4262 0.00040014
4266 0.000126675
4267 8.83912e-05
4268 4.15978e-05
4276 0.000165317
4277 0.00405753
4278 1.2109799999999999e-09
4282 0.00023370900000000002
4285 0.00442635
4288 2.57108e-07
4289 3.43254e-05
4290 4.24452e-07
4294 5.05293e-07
4297 0.000634121
4299 2.88754e-06
4301 2.3662e-08
4302 2.45384e-07
4305 1.11654e-05
4306 0.0624028
4308 0.175773
4309 0.00496307
4311 0.00019628900000000002
4313 2.59918e-07
4314 2.71378e-13
4316 0.00173706
4317 0.000103575
4319 9.368270000000001e-05
4320 5.80613e-07
4324 1.20971e-11
4328 7.97956e-07
4330 5.915199999999999e-08
4332 0.0025629999999999997
4334 0.000210953
4335 2.4160700000000003e-09
4336 0.00446442
4337 1.31934e-08
4340 1.36184e-07
4342 4.76494e-05
4343 0.000632478
4344 1.63084e-10
4348 0.00120234
4350 5.5766e-07
4353 0.999984
4355 4.7846e-05
4357 0.00016237
4358 6.447719999999999e-07
4362 3.48945e-08
4363 0.00010219399999999999
4366 2.04104e-05
4373 0.000126914
4374 1.12115e-07
4375 3.47152e-05
4377 0.00101805
4378 4.316969999999999e-06
4381 9.9569e-05
4382 1.01533e-07
4383 0.000440455
4385 0.0116414
4388 2.47906e-08
4393 7.269359999999999e-05
4394 5.35536e-07
4395 5.1147599999999995e-15
4398 3.9486599999999997e-10
4399 9.02948e-05
4400 5.74532e-07
4401 0.690117
4402 1.9000900000000002e-10
4403 3.25248e-12
4406 1.48696e-07
4407 0.00582274
4408 3.46403e-05
4410 4.135540000000001e-06
4412 8.86545e-05
4413 3.50811e-07
4414 9.78472e-08
4415 0.000356394
4416 2.07967e-05
4417 6.36866e-11
4418 6.09017e-05
4419 0.00230364
4420 0.000287632
4422 0.000171439
4425 4.24027e-11
4426 4.4611100000000003e-10
4427 0.999231
4428 0.464013
4431 0.000327313
4435 6.52517e-05
4440 0.0017399000000000002
4442 2.26271e-05
4443 0.00028770099999999996
4444 0.9998530000000001
4445 2.15998e-05
4447 1.9762799999999997e-07
4448 2.55987e-11
4449 6.63496e-05
4451 6.5226e-06
4453 2.22898e-08
4454 4.1866199999999996e-05
4456 8.44709e-06
4458 4.7301199999999995e-06
4460 0.8355610000000001
4461 5.92255e-06
4462 0.000481965
4465 5.87182e-06
4467 0.9999809999999999
4469 2.17664e-05
4472 0.000346281
4473 1.42171e-10
4475 7.562619999999999e-06
4476 5.4757700000000006e-05
4477 1.71497e-05
4478 3.33464e-09
4480 0.00010954899999999999
4482 0.00017387299999999998
4483 1.9195400000000003e-06
4485 0.000950872
4486 3.36036e-07
4489 0.734165
4491 3.695e-05
4492 0.813738
4497 0.00339295
4501 0.00215445
4503 1.05328e-05
4504 0.999624
4505 9.0061e-08
4506 0.00170624
4511 0.961075
4513 2.56704e-05
4515 0.963059
4516 3.0590800000000004e-06
4521 3.13795e-06
4522 3.35842e-05
4523 1.3692900000000001e-06
4525 9.516739999999999e-05
4529 3.54529e-05
4531 0.0179791
4533 1.4860200000000002e-09
4534 1.1913499999999999e-05
4536 2.51289e-05
4538 1.13164e-05
4541 1.4008700000000002e-06
4543 2.63848e-06
4545 3.32819e-08
4546 6.44021e-07
4547 1.90808e-10
4550 0.000279125
4554 3.62549e-05
4556 3.63648e-11
4557 0.00345115
4559 1.39694e-05
4560 2.2108899999999998e-07
4561 0.000632574
4564 1.49723e-07
4567 0.00013225700000000002
4568 8.913630000000001e-07
4569 0.0623523
4572 3.97054e-08
4573 1.1458499999999999e-05
4575 0.00104173
4577 0.999229
4578 1.2709e-07
4580 9.96823e-06
4582 0.000345252
4583 9.86127e-05
4586 5.876e-05
4589 0.000172892
4590 3.8075100000000004e-05
4593 0.043984699999999995
4594 7.13795e-05
4596 1.92775e-05
4598 7.73229e-05
4599 6.02586e-07
4602 7.93139e-07
4603 6.2351e-06
4608 0.00020421
4610 0.000131895
4613 0.0197266
4614 0.000743002
4615 6.61881e-05
4616 7.15881e-07
4617 1.0269200000000002e-05
4619 0.00198326
4620 0.11545799999999999
4621 0.00578198
4624 9.72447e-06
4629 2.92228e-05
4633 0.00142944
4635 0.00274569
4637 3.55582e-23
4638 4.13924e-08
4639 0.00686798
4640 1.3432299999999999e-06
4641 6.77862e-08
4642 0.008365299999999999
4645 2.2760099999999998e-18
4646 0.00297932
4650 3.6051899999999996e-09
4657 0.00387712
4658 0.00936712
4659 1.36979e-05
4661 3.76795e-08
4663 1.89324e-07
4664 0.0013405
4665 1.5722499999999999e-06
4666 6.737390000000001e-09
4667 1.47818e-07
4668 3.30324e-05
4669 2.89964e-05
4670 0.000347545
4677 0.000489725
4678 0.975865
4680 1.61091e-20
4681 8.000720000000001e-05
4684 7.21097e-06
4688 1.28328e-10
4690 5.944919999999999e-06
4695 0.00410865
4696 5.63209e-05
4697 3.4953199999999997e-12
4698 7.74072e-06
4700 0.00612819
4703 5.65382e-10
4704 0.00166439
4709 0.00370192
4711 8.953620000000002e-09
4712 0.000772518
4713 0.00157771
4716 8.93197e-05
4717 0.00019465700000000002
4720 0.000165177
4721 0.000971318
4724 1.4785499999999998e-09
4725 1.18878e-09
4726 0.00077293
4728 0.00167455
4729 2.66609e-07
4730 0.00038063400000000003
4731 3.9793200000000004e-05
4733 0.00128165
4734 0.000243186
4736 0.9927950000000001
4738 0.000172435
4739 0.000609348
4740 0.000115785
4741 9.19708e-05
4744 9.46924e-05
4745 4.41596e-10
4749 2.7927400000000002e-06
4751 9.98004e-07
4752 6.87212e-07
4755 0.0001008
4756 4.866539999999999e-07
4757 4.03777e-06
4758 7.503560000000001e-06
4759 0.9992770000000001
4762 1.3467400000000001e-08
4763 2.5563800000000003e-07
4764 0.00045002800000000005
4765 1.35061e-08
4766 1.84355e-05
4767 0.00010499799999999999
4769 2.86345e-07
4771 1.4385199999999999e-05
4772 4.07428e-06
4774 0.00130654
4775 0.00728951
4778 0.00222867
4780 1.43932e-07
4781 5.39406e-05
4784 2.42892e-09
4787 0.00095038
4791 1.97725e-06
4795 5.57728e-06
4798 0.00885607
4800 1.4325200000000001e-10
4802 1.70087e-07
4803 1.37631e-06
4804 0.00205809
4806 4.39221e-06
4807 0.00120813
4809 0.999972
4810 5.4156000000000005e-08
4811 8.77179e-08
4813 2.16102e-05
4817 0.00238486
4819 3.0213499999999998e-05
4820 0.000203197
4821 0.000382196
4822 3.09475e-10
4824 6.1211900000000006e-21
4827 0.000305506
4829 2.80901e-05
4833 3.47279e-08
4835 2.29438e-07
4838 0.00476745
4843 6.17986e-06
4844 0.000172682
4845 0.9999899999999999
4847 7.15232e-07
4851 0.9682799999999999
4853 0.00064636
4854 1.3605600000000001e-06
4855 4.1812e-05
4858 0.00520277
4860 1.0727100000000001e-08
4861 1.5860699999999999e-07
4862 0.000176345
4864 8.36308e-06
4865 0.000140895
4870 3.7965e-08
4871 8.515549999999999e-05
4874 1.5166099999999999e-05
4875 0.00207168
4877 0.00224668
4880 0.000211385
4881 0.00123426
4883 2.7334199999999997e-06
4884 4.8854300000000004e-05
4887 4.45616e-05
4888 0.21671999999999997
4889 1.29681e-07
4891 1.09842e-07
4892 0.000163067
4893 0.00163999
4894 0.000627242
4899 1.51176e-05
4900 0.0007009589999999999
4901 0.0007064630000000001
4904 2.06035e-14
4906 1.34406e-09
4908 0.000274325
4909 2.83678e-06
4914 8.69825e-05
4915 8.162749999999999e-06
4917 8.84938e-12
4918 2.1827500000000001e-07
4919 0.00047604099999999996
4920 0.000606825
4921 1.91616e-07
4922 2.39788e-05
4923 1.41358e-06
4924 2.11652e-09
4925 0.00629007
4927 1.6758000000000001e-06
4930 6.60747e-05
4932 3.82259e-06
4933 2.9921999999999995e-07
4934 0.024564700000000002
4937 6.74603e-05
4940 5.8006000000000003e-08
4941 7.39218e-05
4942 6.42996e-10
4944 0.000273967
4945 0.00381213
4947 0.00024139299999999998
4949 0.0005172369999999999
4952 1.1530500000000001e-06
4957 0.000659145
4959 5.737619999999999e-07
4964 0.000354555
4965 4.65885e-05
4969 1.87259e-05
4970 2.4004e-07
4971 4.49416e-07
4975 0.999818
4978 2.80082e-05
4979 0.0170383
4980 0.000169782
4981 1.31235e-11
4988 3.08952e-05
4989 2.17857e-06
4993 0.00202651
4996 2.41403e-10
5000 7.63097e-11
5002 9.0615e-07
5005 1.35998e-06
5008 3.81598e-18
5009 7.50033e-06
5010 0.062665
5011 3.69823e-08
5012 0.00445944
5013 5.65387e-06
5015 9.63808e-06
5017 3.1034499999999996e-05
5019 8.457549999999999e-05
5021 6.93861e-10
5022 9.31278e-05
5025 5.40352e-07
5030 8.897270000000001e-13
5031 2.83271e-07
5034 0.00034204699999999995
5035 4.35297e-13
5038 0.708082
5040 0.00160029
5041 4.06973e-07
5043 0.000655593
5044 0.00028974
5046 3.8279900000000006e-10
5048 1.31768e-09
5049 7.391810000000001e-06
5050 0.000163344
5051 0.11295
5053 0.00149861
5059 0.000242988
5060 1.90258e-05
5066 9.03575e-06
5069 4.97515e-07
5070 1.24301e-05
5074 0.000796798
5075 8.12791e-07
5076 4.155e-05
5080 1.44455e-05
5082 0.001531
5083 1.44456e-08
5087 5.93834e-14
5088 5.0656400000000005e-05
5089 0.99965
5091 1.8707599999999996e-08
5092 0.00164377
5095 0.000455785
5096 1.87614e-08
5098 5.0023099999999996e-08
5099 2.48137e-07
5100 2.1643400000000004e-06
5103 0.00011132
5105 5.82782e-08
5106 0.000133747
5109 0.9995569999999999
5112 1.46746e-05
5113 0.00885217
5115 3.43707e-05
5117 0.000422516
5118 6.70464e-07
5119 3.3783099999999998e-06
5120 2.7557e-08
5123 5.93132e-07
5125 7.97051e-08
5126 6.49956e-05
5127 0.00167244
5132 5.19464e-05
5133 3.61797e-11
5137 8.73268e-07
5139 5.18893e-06
5140 8.62374e-05
5141 0.0222516
5142 1.74173e-06
5147 9.62988e-07
5148 0.000550798
5149 0.047162
5151 0.00016733
5152 0.000926737
5154 2.50302e-10
5155 0.999109
5157 2.89763e-09
5158 1.38376e-06
5162 3.05202e-05
5163 1.23025e-05
5164 1.1413799999999998e-08
5165 0.10293599999999999
5166 6.09373e-09
5167 0.00036998300000000005
5170 3.05427e-05
5172 0.00020804
5174 2.6365300000000003e-05
5178 1.39451e-05
5180 2.9471799999999998e-05
5182 6.37886e-08
5184 0.000114201
5187 0.000376166
5188 9.151199999999999e-10
5192 6.430119999999998e-10
5193 0.271673
5194 7.70289e-06
5196 3.3603300000000002e-06
5197 1.03557e-12
5198 0.000174158
5200 0.976231
5201 0.951715
5204 4.37241e-11
5205 5.78462e-06
5206 0.00170386
5207 4.35517e-05
5211 5.257050000000001e-10
5213 2.38985e-06
5216 0.00675932
5218 1.26921e-05
5221 0.00019535
5225 1.7849599999999998e-06
5226 3.70022e-06
5227 5.04264e-06
5228 0.996518
5232 6.762769999999999e-10
5233 2.9075999999999997e-05
5234 1.16803e-06
5235 0.008343099999999999
5237 1.34837e-07
5238 2.0605e-15
5240 1.0834000000000002e-07
5241 0.00447159
5243 3.39273e-05
5247 3.19654e-05
5249 3.68444e-07
5250 0.000182791
5251 0.00019109
5252 5.85312e-05
5255 0.00046792199999999996
5256 5.48299e-06
5261 1.57396e-05
5265 1.1826299999999999e-07
5266 2.20724e-05
5271 2.4019200000000004e-07
5272 2.29542e-06
5275 3.0496300000000003e-07
5276 2.3043899999999998e-05
5277 8.12537e-05
5279 0.00117302
5280 8.37852e-05
5282 3.824599999999999e-09
5284 1.80057e-07
5286 1.2172800000000002e-07
5287 2.08123e-06
5289 0.0492866
5291 0.000148867
5294 1.4468299999999998e-06
5295 1.79584e-05
5296 1.23268e-06
5299 9.772760000000001e-06
5300 0.936594
5301 2.12235e-12
5302 0.000351599
5308 8.66726e-05
5309 0.999993
5313 3.41147e-05
5316 5.0992e-07
5317 0.9992620000000001
5321 1.66954e-07
5322 0.000163317
5323 9.57059e-09
5324 4.20604e-05
5329 0.00616145
5330 6.934889999999999e-08
5332 3.20585e-05
5333 0.000181365
5334 0.000103409
5335 7.16734e-05
5339 4.8309100000000005e-06
5341 0.00014122899999999999
5342 1.55319e-07
5347 5.22865e-07
5353 1.3195999999999999e-05
5354 5.74364e-12
5356 0.0007589560000000001
5357 8.925369999999999e-06
5359 7.40729e-05
5361 1.32903e-05
5362 0.00729418
5364 9.486170000000001e-09
5366 2.6654800000000002e-08
5372 0.00024053
5375 0.00251266
5376 0.027842000000000002
5377 7.70071e-05
5381 0.000959062
5382 0.00051369
5386 0.000312847
5390 2.25931e-05
5392 9.713380000000001e-06
5394 0.15887300000000001
5399 0.00312514
5400 1.68105e-05
5401 9.15105e-12
5402 0.00013485
5403 0.0007107389999999999
5409 8.01917e-05
5411 2.13118e-06
5412 1.10585e-08
5415 3.45013e-05
5422 5.11868e-09
5425 1.71066e-05
5426 0.00850141
5427 3.4675900000000005e-05
5428 3.9300699999999997e-07
5432 2.7934499999999997e-09
5435 9.23477e-07
5437 2.72465e-09
5442 3.03165e-06
5443 0.00022554
5444 0.9974629999999999
5446 0.00847864
5447 8.29592e-09
5449 0.000638855
5452 9.80825e-05
5456 4.32457e-06
5458 9.84585e-07
5459 0.000924261
5460 0.0716978
5462 0.8896059999999999
5463 3.9827800000000003e-10
5464 5.64552e-05
5466 0.000104135
5468 1.38132e-10
5472 0.012939500000000001
5473 0.000210595
5474 0.159843
5476 0.000314495
5477 1.7863e-06
5479 2.51996e-11
5480 2.8075e-10
5482 0.00852654
5484 7.405689999999999e-09
5488 0.000117842
5490 0.0194511
5491 3.67506e-06
5492 9.81714e-07
5493 4.35177e-10
5494 0.000185146
5495 3.40306e-09
5498 3.79566e-05
5500 0.000897476
5501 5.50995e-10
5502 0.00172827
5503 2.48212e-12
5504 3.5712699999999994e-08
5505 0.00074392
5506 3.97514e-10
5512 0.000531138
5513 4.0404400000000004e-08
5516 1.04118e-11
5520 2.1466e-08
5523 2.21961e-10
5525 6.901030000000001e-06
5528 0.0200982
5529 2.06809e-05
5532 0.00229796
5533 3.3355300000000005e-06
5534 1.4228e-14
5537 5.17855e-05
5538 0.7543979999999999
5540 1.46081e-13
5543 0.000249449
5545 0.000136151
5546 1.54945e-05
5548 0.000291839
5551 4.10249e-05
5553 3.17028e-10
5555 0.000386108
5556 3.7755e-05
5557 1.80998e-05
5558 2.01918e-09
5560 6.28093e-07
5561 4.76701e-07
5562 0.9980760000000001
5564 0.022227200000000003
5565 0.0017882999999999998
5567 3.55606e-07
5569 0.000124843
5570 6.235019999999999e-06
5571 1.59432e-09
5572 0.020574400000000003
5575 5.0089e-18
5578 0.0015771
5580 0.911739
5581 0.0007020889999999999
5587 5.78257e-05
5589 6.38634e-05
5594 0.000514919
5595 1.5088599999999999e-09
5596 2.4068900000000003e-08
5597 4.37987e-05
5598 1.047e-09
5602 0.00011698200000000001
5604 1.9278700000000002e-06
5607 0.109501
5610 2.16731e-06
5612 5.86822e-07
5616 9.38489e-05
5617 3.08167e-06
5619 2.1574700000000003e-10
5621 0.0331616
5622 2.6210500000000003e-05
5623 3.84544e-05
5626 9.956659999999999e-09
5627 4.4208999999999996e-07
5628 5.69655e-05
5632 2.01337e-05
5633 3.4535400000000003e-06
5634 0.00266864
5635 2.4909e-07
5638 0.000239399
5642 0.000107279
5643 1.2047400000000001e-05
5646 0.0269347
5649 7.4148199999999994e-09
5650 0.00116625
5651 0.48685
5656 3.03122e-06
5659 1.07412e-07
5661 0.00119538
5663 8.193560000000001e-06
5665 9.958419999999999e-06
5666 0.00112781
5667 0.00127387
5670 2.51034e-06
5671 1.2803999999999998e-06
5673 0.00479203
5675 6.66117e-05
5677 0.000535168
5678 2.06454e-10
5681 2.88236e-05
5683 2.1561299999999999e-07
5684 0.00348881
5688 0.999976
5689 4.05858e-08
5690 4.83609e-09
5691 9.13342e-05
5692 0.000165521
5694 4.44666e-11
5698 2.3883e-09
5703 3.4884899999999995e-05
5706 3.6411099999999997e-07
5707 0.000171998
5708 1.3441e-06
5709 6.909089999999999e-08
5711 1.20093e-06
5712 0.00192243
5717 3.08506e-05
5720 5.98273e-06
5721 6.35896e-05
5722 5.61363e-05
5724 2.4993799999999998e-08
5725 7.64047e-05
5726 1.6440200000000002e-07
5727 0.00295407
5733 1.6803099999999997e-08
5734 0.00226204
5737 1.31028e-07
5739 8.6531e-09
5744 4.11268e-05
5745 4.16363e-05
5746 1.61619e-08
5748 1.77098e-05
5750 5.21404e-09
5751 6.6115e-06
5753 2.64888e-05
5754 2.87948e-05
5758 4.30881e-07
5759 6.49146e-08
5763 2.9524e-07
5766 4.19464e-05
5767 0.000146199
5770 5.5046300000000005e-08
5771 0.000225665
5772 0.000144211
5774 7.530329999999999e-07
5775 4.5733300000000006e-08
5776 0.00436879
5777 7.42315e-10
5778 3.89788e-05
5785 0.000281707
5787 1.0396400000000001e-05
5792 0.000255298
5793 5.74828e-07
5795 7.93337e-05
5797 1.0779600000000001e-05
5798 8.063889999999999e-08
5800 3.1365700000000004e-05
5801 9.69315e-06
5802 0.000520354
5804 9.549600000000001e-05
5807 0.00906299
5808 5.7296499999999996e-05
5809 3.5095699999999996e-08
5810 1.3984e-05
5816 1.3444e-12
5820 0.998077
5822 0.0648336
5823 8.46601e-05
5827 4.1744799999999994e-05
5832 0.997776
5833 5.85737e-05
5834 0.000163806
5835 5.91942e-05
5837 7.1621e-09
5842 1.98841e-10
5844 7.46534e-06
5846 0.0193322
5847 1.2668700000000001e-08
5848 1.7918499999999998e-09
5849 0.00161668
5855 2.397e-13
5857 8.16246e-05
5858 0.00162878
5862 2.3407e-08
5865 1.2233e-05
5866 6.894580000000001e-06
5869 1.6990400000000002e-06
5870 1.50213e-11
5871 0.000230814
5872 0.9999120000000001
5876 0.00511259
5880 3.7565100000000002e-06
5882 2.26718e-06
5883 0.170991
5886 0.000178405
5887 0.00709846
5890 0.000148873
5891 0.00831331
5892 0.00114715
5896 0.000288955
5898 0.00011680200000000001
5900 2.3934000000000002e-06
5902 4.0452e-05
5904 1.2634299999999998e-06
5907 3.89684e-06
5913 0.00789977
5915 2.4243e-05
5916 0.00162445
5921 0.000195373
5922 0.00042168
5924 4.13209e-05
5925 4.2023000000000005e-07
5926 0.000449707
5927 6.68709e-10
5929 1.8277000000000002e-09
5931 0.00035758400000000004
5932 9.228939999999998e-06
5933 1.00301e-06
5934 2.04347e-07
5935 0.00113766
5936 0.596885
5937 2.3030100000000002e-07
5939 0.00019859
5941 8.529780000000001e-05
5942 3.1899899999999996e-05
5943 2.2964499999999997e-05
5944 8.25917e-05
5945 0.00152394
5946 0.000424175
5949 0.9958469999999999
5950 1.4363899999999998e-07
5953 0.00447962
5955 4.03944e-05
5957 0.9857530000000001
5958 0.00341293
5959 3.00542e-09
5962 0.999877
5965 4.85227e-08
5966 0.000618037
5967 3.6476300000000004e-06
5969 0.000138289
5972 4.6999699999999995e-06
5973 0.000170284
5974 7.96992e-10
5976 6.57044e-05
5977 0.999927
5978 9.525620000000001e-05
5982 0.000428461
5986 5.448e-07
5987 0.000159491
5993 0.00444513
5994 0.00106118
5997 0.6947479999999999
5999 4.77163e-08
6002 2.32196e-05
6003 3.2328000000000003e-08
6006 1.02545e-07
6007 0.00452254
6008 3.51905e-05
6010 0.000517139
6013 0.00287266
6014 5.19462e-05
6015 3.0123699999999998e-05
6016 8.23587e-08
6017 1.97528e-11
6019 2.68517e-08
6021 5.478340000000001e-06
6022 0.00036329300000000005
6024 1.0735e-10
6031 0.00143916
6032 8.45573e-07
6034 3.3808e-07
6036 0.00585716
6037 0.983593
6039 0.000387541
6040 7.47459e-05
6044 0.00011642799999999999
6047 9.230729999999999e-05
6048 5.7249300000000004e-06
6049 0.000301982
6050 1.25407e-05
6051 4.4348400000000006e-06
6052 0.977191
6053 1.0516900000000001e-05
6054 9.5196e-07
6056 2.94111e-06
6057 4.9051e-06
6059 1.0156299999999998e-06
6060 0.0119184
6063 0.9999610000000001
6064 0.9950479999999999
6068 4.59678e-05
6072 4.9688e-05
6075 2.3749699999999997e-05
6076 9.568229999999999e-05
6077 1.9978199999999998e-05
6080 0.9999959999999999
6081 0.000410751
6082 3.3764299999999997e-09
6083 1.05288e-11
6085 0.00144369
6086 0.000816065
6087 0.029822300000000003
6090 0.998605
6092 0.00022148
6093 0.0005217619999999999
6094 0.000409976
6099 0.000187456
6101 0.00015618200000000002
6102 0.012401100000000002
6106 0.0114094
6109 0.000320811
6110 0.00348952
6112 0.00030692400000000003
6113 1.6005799999999998e-06
6114 0.354555
6115 5.09249e-05
6116 1.14332e-06
6118 1.1286400000000001e-05
6119 1.59838e-11
6121 1.03613e-10
6122 8.23477e-07
6126 0.00036775199999999994
6127 3.97621e-06
6132 9.807339999999998e-10
6137 2.8473199999999997e-08
6138 1.4883600000000002e-06
6142 1.8552200000000002e-05
6143 3.0867199999999995e-05
6144 0.8937790000000001
6145 2.39804e-07
6147 0.000251696
6149 0.00353994
6152 7.67121e-05
6154 4.37049e-06
6155 1.0411300000000001e-05
6157 0.0511077
6160 5.77464e-05
6164 0.000312833
6165 1.3335999999999998e-09
6167 0.00593707
6168 0.00109259
6169 1.3626700000000001e-05
6173 0.00399942
6178 3.17337e-05
6182 5.27957e-06
6186 8.41176e-05
6191 1.04054e-06
6192 1.28013e-07
6193 6.438189999999999e-09
6194 6.2032e-06
6195 0.00016842099999999998
6197 0.000321173
6199 1.61255e-10
6200 4.1740200000000004e-05
6204 0.000110625
6205 0.00013146799999999998
6207 2.0246e-06
6211 0.00388484
6213 1.95566e-06
6217 0.00605162
6226 8.67029e-06
6227 8.36475e-05
6228 1.13816e-07
6231 6.662689999999999e-05
6232 3.28068e-05
6237 2.40013e-05
6239 3.33038e-06
6242 1.2730800000000001e-09
6244 0.000942098
6245 0.000305679
6246 0.00420287
6248 9.362769999999999e-06
6253 0.45625299999999996
6255 0.000796673
6256 2.2922199999999998e-09
6257 2.90785e-07
6263 9.57231e-20
6265 0.877734
6266 0.00167502
6268 3.95226e-11
6271 0.000135494
6273 5.790549999999999e-06
6274 3.64279e-05
6278 1.62025e-07
6280 0.962348
6283 8.35563e-08
6287 4.84187e-07
6288 0.00020898599999999998
6292 5.0755e-12
6293 0.000278725
6294 2.33674e-07
6297 7.52715e-05
6298 2.01406e-07
6302 7.2560000000000005e-06
6303 0.9970950000000001
6307 2.8898e-05
6308 0.00010494
6310 0.00341523
6311 1.43365e-06
6312 5.951429999999999e-07
6313 1.1402e-06
6315 9.33808e-05
6316 1.3734e-06
6317 4.1127400000000003e-08
6322 0.00459428
6324 2.0620599999999998e-08
6326 6.29655e-12
6327 2.0066500000000002e-05
6328 0.000901605
6331 9.22194e-09
6332 1.4686600000000001e-05
6333 7.519819999999999e-14
6334 3.07248e-09
6336 0.999231
6340 3.69776e-10
6342 0.000224402
6343 0.00206123
6345 0.0019638
6347 3.75024e-09
6354 0.000763612
6356 5.03186e-10
6358 5.798819999999999e-06
6359 0.00034998099999999997
6360 0.000123525
6361 3.73332e-06
6364 1.39122e-05
6365 0.000566537
6368 3.80751e-06
6370 8.42114e-05
6372 2.97738e-08
6373 0.00152459
6376 2.8172300000000003e-06
6378 4.71826e-06
6379 9.460930000000001e-05
6380 0.000836991
6383 7.841260000000001e-06
6384 0.00012429799999999998
6386 1.3676700000000001e-08
6388 1.46765e-07
6389 0.00119216
6390 0.00145357
6393 0.00033247
6394 0.999898
6397 2.51967e-08
6399 3.61916e-06
6401 2.3773e-08
6402 0.000791754
6403 0.000183998
6405 5.02504e-05
6406 3.54534e-06
6407 2.20971e-07
6408 8.406030000000001e-05
6410 0.000111655
6412 6.45318e-09
6413 8.391650000000001e-08
6414 0.00655482
6415 1.16646e-07
6416 0.00014151299999999998
6420 0.0006932539999999999
6422 0.000272945
6423 3.51172e-06
6426 4.93592e-05
6431 3.07399e-10
6432 0.00013513299999999998
6435 0.00148167
6439 0.999453
6441 0.000341712
6446 2.0549699999999997e-05
6451 0.9997719999999999
6452 1.71269e-05
6453 3.60709e-05
6454 4.00321e-07
6457 0.000689808
6460 0.00354638
6461 0.000816672
6464 0.00102034
6467 3.20271e-10
6469 3.5986e-09
6471 0.00955614
6477 0.000340515
6478 0.000146575
6479 0.000514818
6481 3.6437699999999996e-10
6485 3.8565199999999996e-07
6487 5.28052e-08
6489 0.00286975
6490 1.22724e-06
6491 2.0599400000000002e-06
6493 5.3576300000000006e-06
6494 0.999883
6496 0.000234952
6498 0.99992
6500 0.00151643
6502 4.28914e-11
6504 3.26175e-06
6505 2.69174e-07
6508 2.7569699999999998e-05
6510 5.63581e-08
6511 0.00625128
6513 7.48703e-07
6514 0.00010012299999999999
6516 0.0006527680000000001
6517 0.000132785
6518 3.64423e-10
6521 1.20401e-07
6522 0.179481
6525 0.00034689599999999997
6526 0.000294234
6527 8.97823e-05
6528 0.00016753099999999998
6531 0.000111078
6533 3.29477e-14
6535 6.84167e-09
6537 0.000302355
6539 0.000330489
6540 6.38452e-07
6541 0.00282302
6544 2.8196900000000002e-09
6545 0.822556
6546 4.033569999999999e-06
6552 7.49401e-07
6554 0.00022040700000000002
6555 0.00994534
6557 1.83903e-05
6558 0.982442
6559 0.00392027
6561 8.21407e-12
6563 0.000868677
6566 6.822080000000001e-06
6567 1.62056e-15
6568 0.00128413
6571 0.00276466
6573 0.00017831
6574 1.97819e-05
6577 6.97483e-08
6579 0.000251126
6580 1.8450099999999998e-06
6581 5.87665e-06
6582 6.60057e-06
6586 0.0007969569999999999
6589 0.000841117
6590 9.304310000000001e-08
6591 0.00131063
6592 6.3651400000000005e-06
6594 9.293540000000001e-09
6596 0.990081
6598 0.015992700000000002
6600 1.05657e-05
6601 1.15881e-06
6604 3.3462300000000007e-06
6607 0.28687399999999996
6608 3.2233299999999998e-12
6613 3.28979e-05
6614 0.00025502099999999997
6615 0.00221691
6616 0.000375944
6620 4.9261999999999995e-08
6623 0.00134019
6624 0.00044867
6629 1.8805099999999997e-08
6630 0.00013030000000000002
6633 9.476350000000001e-05
6634 8.711109999999999e-07
6639 1.26951e-05
6640 6.9445e-09
6641 1.0
6642 6.17815e-06
6644 0.000176012
6646 0.00010315
6649 0.00017743099999999998
6650 1.15046e-05
6651 1.2633e-06
6653 4.731290000000001e-10
6655 6.996199999999999e-05
6656 0.00883474
6659 0.00375328
6662 1.55785e-05
6663 5.46898e-06
6665 0.00175259
6669 2.82043e-07
6672 7.67654e-06
6675 0.556489
6676 0.0008366189999999999
6680 4.7888199999999996e-08
6683 1.0242200000000002e-06
6685 3.73219e-07
6686 3.9308100000000005e-07
6688 0.999243
6691 3.88472e-07
6692 0.00347757
6693 1.9632400000000002e-08
6700 5.27992e-06
6701 2.638e-10
6705 0.000280142
6710 0.000205867
6711 1.0052899999999999e-06
6712 2.3790600000000003e-09
6713 5.66271e-05
6715 1.91853e-05
6716 0.00042208800000000004
6717 2.21458e-06
6720 1.53749e-09
6721 2.8325700000000002e-06
6723 5.19277e-10
6724 1.64916e-08
6728 0.00304994
6729 0.00518266
6732 0.000256001
6733 1.23397e-06
6737 1.0306200000000001e-12
6741 2.96187e-09
6742 0.00152398
6743 6.124550000000001e-05
6744 0.00017610599999999998
6745 0.000414831
6746 0.000282444
6749 7.69537e-11
6750 0.000362002
6752 2.34332e-11
6754 1.02389e-10
6756 0.00326972
6757 2.33024e-10
6758 2.18854e-05
6763 1.07412e-08
6764 5.87171e-08
6767 0.00316981
6770 0.00017974200000000001
6771 1.7364500000000001e-06
6774 0.9898459999999999
6775 1.04749e-07
6776 0.000124313
6778 0.010779
6779 4.4132700000000005e-05
6780 4.81476e-08
6785 2.8285500000000002e-05
6787 0.000183367
6788 0.00019208299999999998
6790 5.941e-06
6791 0.183881
6792 2.55381e-05
6793 6.72149e-07
6795 0.0017988
6796 7.15609e-11
6798 0.000529447
6801 0.9445319999999999
6804 8.50735e-06
6807 9.13462e-05
6809 0.00164486
6811 1.32138e-08
6812 3.11759e-05
6815 3.76935e-05
6816 2.68898e-05
6817 0.00037292699999999995
6818 0.0264661
6820 0.943142
6823 3.53691e-05
6826 3.6116500000000004e-06
6830 0.00035519800000000004
6831 6.03003e-10
6832 1.06397e-05
6834 1.15571e-05
6837 0.000944643
6843 3.6715300000000004e-05
6846 0.00807095
6851 0.00268559
6853 3.35009e-09
6854 4.18962e-08
6856 0.000221287
6857 4.97002e-07
6861 1.23123e-05
6863 2.9374e-06
6870 0.000650745
6871 0.999189
6872 2.88181e-05
6873 0.000129658
6875 2.37073e-06
6877 0.00012005200000000001
6879 7.53819e-05
6881 0.0643556
6882 1.19025e-06
6885 4.4413000000000005e-07
6888 2.5466900000000003e-12
6889 9.5449e-05
6890 2.48967e-06
6891 0.000130055
6894 0.0790531
6895 1.44929e-05
6897 2.98743e-07
6898 0.00020660400000000002
6901 1.62469e-08
6902 0.00652555
6904 0.012295100000000002
6905 0.000475958
6906 1.94131e-05
6907 0.00115368
6913 2.08814e-10
6915 0.021228900000000002
6920 2.07516e-10
6921 6.7145300000000005e-12
6923 0.00035365900000000004
6925 4.60189e-06
6926 9.18405e-05
6927 3.5602800000000004e-07
6928 5.36848e-05
6929 3.1806e-09
6936 3.17537e-06
6937 2.00311e-05
6938 5.61225e-07
6941 3.42788e-05
6942 3.79446e-11
6946 1.01282e-11
6951 9.25682e-11
6954 0.000225813
6955 3.09451e-07
6957 0.00236039
6960 0.9999950000000001
6961 2.96907e-05
6964 3.75285e-05
6967 0.00220343
6969 2.58704e-05
6970 3.5312800000000005e-05
6973 0.000614175
6974 0.00111106
6975 4.9081000000000005e-09
6977 1.62883e-08
6978 5.15398e-05
6979 0.9999950000000001
6980 0.000134891
6982 2.43596e-06
6984 0.000278614
6985 0.000100004
6986 1.46954e-05
6991 0.00589522
6992 1.84358e-05
6993 1.85564e-12
6996 4.0235699999999995e-06
6997 2.6178e-07
6998 0.00017255799999999998
6999 0.999999
7000 4.48219e-05
7001 1.30974e-05
7005 6.40102e-09
7010 7.21316e-12
7012 9.09725e-05
7013 1.38328e-06
7014 5.461529999999999e-07
7015 5.73979e-11
7017 0.000112766
7019 4.678e-05
7024 0.000658058
7026 2.86136e-05
7027 0.991698
7028 0.0007941560000000001
7030 2.05269e-05
7032 9.182619999999999e-06
7034 2.15314e-06
7037 5.77216e-07
7041 0.9993690000000001
7043 0.000138205
7044 9.54325e-07
7047 0.00033976300000000003
7051 1.3212799999999998e-06
7053 2.7199900000000004e-06
7055 0.000610841
7057 0.000794953
7060 0.000160415
7061 4.925530000000001e-06
7063 0.9998459999999999
7066 0.00035085199999999997
7067 9.57034e-05
7069 2.3434299999999997e-05
7076 6.59242e-07
7081 0.00179854
7082 3.9545900000000004e-05
7083 8.43318e-05
7085 0.000189963
7087 8.52962e-05
7091 4.59686e-06
7094 0.000166876
7096 3.81396e-09
7098 0.98269
7099 0.013185200000000001
7102 6.49353e-05
7103 5.09678e-05
7106 0.0260428
7107 3.6792400000000003e-07
7110 0.000268213
7111 4.97902e-07
7112 3.88237e-07
7115 3.66484e-12
7116 6.19859e-06
7118 2.45912e-05
7119 0.00207405
7120 0.00172728
7124 6.41246e-09
7126 1.5615999999999998e-05
7127 1.3404100000000001e-05
7131 1.26173e-11
7134 2.63469e-05
7135 3.74563e-05
7136 6.19099e-07
7137 6.53703e-06
7142 0.00039641
7143 4.48032e-09
7145 0.9996440000000001
7151 7.619919999999999e-06
7155 4.92277e-18
7156 5.90604e-06
7157 6.863639999999998e-10
7158 0.00041611199999999995
7160 2.28989e-09
7161 0.0296108
7164 9.9011e-12
7169 1.80411e-05
7170 1.04555e-06
7171 1.20528e-05
7173 1.37782e-06
7175 0.000335426
7176 1.25419e-06
7178 0.0120152
7179 0.00422731
7181 5.04436e-07
7183 0.00040545699999999996
7186 4.6472899999999997e-08
7188 4.80027e-06
7190 1.2504000000000001e-05
7192 3.61907e-06
7195 0.00142671
7196 0.00218184
7198 0.0218861
7199 0.9999809999999999
7201 2.3500500000000003e-05
7202 0.00154446
7203 2.04688e-05
7206 7.12545e-08
7207 1.2928499999999998e-05
7209 4.15662e-05
7218 0.000648312
7220 0.00021244299999999999
7221 0.060182900000000004
7225 0.00123929
7226 6.39729e-08
7228 2.6042700000000002e-06
7229 0.000105716
7231 0.055064300000000004
7232 7.9167e-10
7233 1.39957e-08
7235 3.69284e-11
7237 3.09921e-05
7238 0.9999319999999999
7239 0.158297
7240 8.282379999999999e-05
7242 1.3990999999999999e-06
7246 1.3605000000000001e-06
7248 0.00117967
7251 0.00432073
7252 0.0025789000000000003
7253 2.93108e-05
7254 0.000122218
7255 0.000259628
7257 1.4601099999999998e-10
7262 7.49952e-06
7264 0.00117751
7265 0.00044517199999999997
7267 1.3854e-06
7268 0.000325717
7269 0.000159173
7272 7.80088e-06
7273 3.7466000000000003e-06
7277 0.000219316
7278 0.00042723699999999996
7281 3.26543e-06
7282 2.74366e-06
7286 1.3668e-08
7287 5.38089e-10
7288 2.44909e-11
7290 2.48631e-08
7291 0.999869
7293 1.97997e-05
7301 2.2112599999999996e-06
7303 6.0751e-05
7304 0.00023594900000000003
7306 0.000106895
7307 8.75657e-11
7309 1.1672e-12
7310 5.6110100000000003e-05
7312 0.00343795
7313 3.3282099999999996e-06
7315 0.000612818
7316 0.00270333
7317 0.044812199999999996
7319 8.98084e-07
7320 1.85309e-09
7321 0.0322933
7324 4.327009999999999e-06
7326 0.00019689099999999998
7328 7.72226e-05
7331 0.990985
7332 3.27704e-06
7333 0.00104196
7335 3.25256e-05
7337 1.90207e-06
7338 4.1754e-06
7339 3.9021600000000004e-10
7340 5.50895e-06
7341 3.27803e-07
7342 0.000261929
7345 2.33032e-13
7347 0.00033390199999999996
7348 0.000220337
7349 4.0749699999999995e-08
7352 8.54151e-06
7353 0.00368165
7354 5.05035e-05
7355 3.86479e-07
7357 2.97028e-06
7358 1.38309e-07
7360 0.00872055
7362 5.68091e-09
7364 1.36757e-06
7366 0.00491916
7367 8.30956e-07
7368 1.07467e-07
7371 2.42923e-07
7377 7.39716e-06
7378 0.00122589
7379 0.00894595
7380 0.00043916800000000003
7382 3.5055300000000006e-06
7384 2.5218e-05
7386 5.18807e-07
7387 3.16163e-10
7391 0.00343214
7392 5.81934e-06
7393 0.00303074
7395 0.00185553
7397 3.43131e-05
7399 2.21345e-09
7400 9.06491e-05
7401 0.00035271300000000005
7402 1.1718099999999999e-05
7403 7.60823e-13
7404 2.82909e-05
7405 6.7379e-08
7406 1.90243e-05
7407 0.00103669
7409 0.9746819999999999
7412 0.000187837
7415 1.4013800000000001e-06
7418 2.1356099999999998e-06
7420 0.000856263
7423 6.10169e-11
7426 1.42678e-10
7428 2.13764e-06
7429 3.8624400000000006e-09
7430 7.972299999999999e-08
7434 0.000254407
7440 0.0248412
7441 0.999992
7442 6.69405e-05
7444 0.000693945
7447 8.78072e-13
7450 9.15202e-07
7452 3.3330999999999996e-05
7453 0.00364949
7455 2.23281e-06
7456 7.433489999999999e-05
7459 0.000313743
7462 6.48084e-08
7463 0.9630549999999999
7464 8.48469e-05
7469 0.00090792
7471 9.47368e-05
7472 0.000427872
7473 2.41183e-06
7476 0.000426015
7478 8.23966e-06
7485 0.00797553
7487 0.997467
7488 0.000244932
7492 1.01678e-06
7494 4.55761e-05
7495 0.000410276
7496 0.00051917
7499 7.379179999999999e-07
7500 0.00109851
7501 7.21778e-08
7502 2.07656e-09
7504 2.03154e-05
7505 1.37897e-05
7507 1.3419299999999998e-06
7508 2.22384e-06
7509 2.84707e-08
7510 0.000113985
7512 0.000184637
7514 0.00545269
7515 0.38353899999999996
7516 0.00535743
7518 7.3263e-08
7520 0.000141521
7522 8.4563e-05
7529 3.90839e-08
7531 4.38661e-05
7532 8.33087e-05
7534 0.000334169
7539 0.017753599999999998
7541 5.19252e-08
7542 0.997381
7545 0.00021388
7548 0.00016748200000000002
7549 3.33254e-05
7550 3.0488e-06
7552 2.16425e-05
7553 2.0965099999999998e-08
7554 7.38558e-05
7556 8.3073e-11
7557 0.00021187700000000002
7560 0.07203939999999999
7561 1.31753e-09
7562 7.928730000000001e-06
7564 0.000174088
7567 3.52453e-07
7569 0.00198883
7573 1.74639e-05
7574 0.896539
7577 0.000183148
7580 3.39198e-07
7581 6.708669999999999e-06
7582 0.000201175
7583 0.311604
7584 0.00129835
7587 0.00443145
7588 0.07659099999999999
7589 6.142840000000001e-07
7591 4.76174e-09
7593 8.52747e-13
7595 0.00708192
7596 0.000544562
7597 1.11458e-06
7598 1.27769e-06
7599 8.00462e-07
7602 3.55276e-08
7604 0.00543034
7607 1.83456e-06
7608 1.85255e-05
7609 0.000119506
7610 0.000121935
7613 1.26213e-06
7616 9.300570000000001e-07
7617 9.401389999999999e-08
7620 6.402719999999999e-07
7623 1.13074e-05
7625 4.64005e-07
7627 1.8092400000000002e-10
7628 0.0172317
7630 3.3917e-11
7632 4.299559999999999e-06
7634 2.02015e-05
7635 0.00021129900000000002
7636 3.5056199999999996e-06
7638 0.00213455
7641 6.16299e-09
7643 4.51582e-08
7644 4.2915300000000003e-07
7645 4.0184e-08
7646 3.7278499999999997e-10
7648 4.4953699999999996e-05
7651 1.75441e-05
7652 0.000434856
7658 3.16698e-08
7659 0.000329011
7660 0.000271301
7661 0.9976959999999999
7665 2.59228e-09
7669 0.0010218999999999998
7674 3.4993199999999997e-10
7676 4.06041e-05
7681 0.000279193
7684 6.62361e-07
7686 0.00021395599999999998
7689 0.116569
7690 2.88896e-09
7693 6.38476e-07
7695 0.000688499
7698 3.55861e-14
7700 0.000346987
7701 6.902410000000001e-10
7703 0.00027713
7706 5.4232200000000006e-05
7707 0.13061
7708 0.000870199
7710 9.01756e-06
7711 5.59943e-05
7714 1.6731400000000002e-06
7716 0.148295
7717 0.0006979489999999999
7719 0.00157888
7722 0.000439331
7725 8.01072e-13
7726 6.590030000000001e-06
7728 0.0009969269999999999
7730 0.00464933
7733 0.561602
7734 1.98867e-10
7737 3.8318599999999994e-06
7738 0.000128924
7739 0.000309016
7741 0.000284174
7744 5.82518e-06
7747 5.34466e-05
7750 1.1287100000000002e-06
7752 0.0009223160000000001
7755 0.0009495310000000001
7756 0.000731604
7757 8.38498e-11
7759 2.6403099999999998e-05
7761 1.28691e-10
7764 2.21472e-07
7766 9.830339999999999e-06
7769 5.3476400000000005e-06
7770 0.0006754389999999999
7771 4.15943e-11
7774 1.08677e-05
7778 0.0033832000000000003
7780 5.9420500000000005e-05
7782 0.00779188
7783 3.2841300000000003e-10
7784 0.00012025
7785 0.000179648
7787 0.668917
7788 1.7596900000000002e-06
7789 9.37911e-05
7792 1.17848e-06
7794 0.00041035199999999995
7796 0.00041083900000000003
7797 4.53635e-09
7800 8.36349e-06
7801 0.000679072
7802 0.00909199
7804 3.76074e-07
7805 0.21741
7806 0.00120434
7807 2.60359e-07
7808 1.33994e-05
7811 0.0327428
7816 0.00011651200000000001
7817 0.000624116
7818 0.00019869
7822 6.487220000000001e-07
7823 0.994767
7825 2.07761e-10
7827 1.2e-05
7828 0.000961151
7829 0.0423933
7830 0.00013716
7832 2.58756e-05
7835 7.94485e-06
7837 4.25348e-11
7839 4.1126499999999995e-06
7842 0.000455336
7844 9.27657e-11
7846 0.0005249359999999999
7848 3.25792e-05
7849 4.0729099999999996e-05
7850 6.95748e-06
7851 3.4586400000000005e-06
7852 1.89644e-07
7858 0.000608665
7860 5.294e-12
7861 3.73142e-07
7862 5.48849e-07
7866 1.84228e-05
7867 0.998125
7870 3.3294199999999996e-07
7871 0.00024941
7874 6.86951e-07
7875 1.35381e-05
7879 0.011626000000000001
7880 0.983089
7881 1.2346e-07
7882 1.7065500000000002e-10
7887 2.0188399999999998e-05
7888 2.05284e-05
7891 0.000177203
7892 9.19835e-05
7893 1.69147e-05
7894 9.66612e-07
7895 0.00468731
7896 1.3955499999999999e-05
7903 4.55829e-07
7904 6.75955e-05
7906 1.4209999999999998e-10
7907 4.3795500000000004e-05
7912 1.09618e-11
7913 4.2344099999999995e-06
7917 0.000345849
7918 0.00011048
7922 0.000482923
7927 2.53242e-08
7929 0.000134203
7930 0.00114047
7934 7.18291e-06
7936 9.3884e-05
7937 0.000190747
7938 0.645962
7941 0.0772197
7942 2.4988000000000002e-05
7944 5.940840000000001e-08
7945 4.92697e-09
7948 5.46322e-05
7949 2.8000099999999997e-06
7951 1.7306400000000001e-09
7952 0.000248661
7955 0.000232597
7957 0.00688479
7960 1.5748900000000001e-09
7961 9.85767e-06
7962 1.93383e-05
7965 9.33021e-06
7966 0.000665098
7967 2.02729e-07
7969 3.7230799999999996e-05
7972 1.57155e-05
7973 1.90168e-10
7975 0.00165695
7977 0.00291647
7978 2.2390400000000002e-08
7981 0.0195705
7982 0.000112545
7983 1.0753900000000001e-08
7985 3.7369500000000004e-07
7986 0.00042343400000000004
7988 0.00381609
7989 0.00168575
7990 5.08257e-06
7992 2.58936e-06
7993 1.1995e-13
7994 3.5204500000000005e-07
7995 7.49873e-12
8000 0.00118198
8003 9.2192e-09
8006 0.000636497
8007 4.80848e-10
8010 1.66042e-05
8011 0.983648
8013 0.000198554
8014 0.00016800700000000002
8015 0.009572399999999998
8016 1.79e-08
8018 1.11685e-05
8020 2.7328500000000004e-06
8021 1.9374400000000002e-05
8022 0.00149589
8025 0.0609141
8027 4.13408e-06
8028 0.010358899999999999
8030 2.6789400000000003e-09
8034 2.15313e-10
8035 1.81152e-05
8038 3.08988e-05
8039 7.15526e-05
8041 0.000220334
8045 4.2588e-05
8046 1.17319e-12
8047 0.000112556
8050 0.000301897
8052 0.0006959819999999999
8054 0.00235314
8055 7.72108e-09
8056 0.00737009
8058 8.463809999999999e-05
8059 7.004510000000001e-08
8065 0.000294351
8066 2.8169400000000002e-05
8070 0.000235679
8071 0.012295299999999999
8073 1.8272e-05
8074 1.37974e-10
8077 5.62642e-07
8078 0.000269132
8080 0.000313977
8081 0.00045034
8088 3.5071599999999996e-15
8089 0.149253
8090 0.000271873
8092 2.9556399999999997e-05
8094 0.00195237
8097 6.85243e-06
8099 5.79104e-09
8102 0.0048724
8104 2.03405e-07
8109 0.00217257
8110 0.00010222299999999999
8111 0.0006584910000000001
8113 1.6199200000000003e-06
8114 2.40753e-07
8118 6.73124e-05
8119 0.00796611
8120 6.20708e-05
8123 0.0511278
8124 0.00017146900000000002
8126 4.36074e-06
8128 7.61762e-12
8129 2.1920599999999996e-08
8131 1.3548299999999999e-05
8133 3.5434800000000003e-06
8134 9.07575e-08
8135 1.3977799999999999e-06
8136 3.6899e-06
8143 4.60377e-05
8145 0.00017769999999999998
8146 0.0005642630000000001
8147 9.89576e-06
8148 5.7118699999999994e-08
8149 0.961383
8152 1.08666e-07
8153 0.000153246
8154 1.53079e-07
8155 6.28412e-05
8156 3.90352e-06
8157 7.97584e-06
8158 1.1671500000000002e-05
8161 3.2015e-07
8162 4.34972e-05
8165 2.3071e-06
8167 0.012884
8170 4.563080000000001e-06
8172 0.0009136439999999999
8176 0.027893099999999997
8178 0.000141774
8179 0.000174012
8181 0.000102845
8182 0.672437
8183 3.1202099999999996e-06
8184 0.0007754960000000001
8185 1.3491799999999998e-08
8187 0.011684100000000001
8192 0.000836692
8193 6.85535e-07
8194 2.0195699999999999e-07
8195 1.01683e-06
8196 0.000268564
8198 4.0708e-08
8201 0.0214957
8205 4.2698900000000006e-06
8206 4.06441e-05
8207 0.000234551
8210 0.00198488
8212 3.4121300000000003e-06
8214 1.35549e-05
8215 0.0038354
8217 9.909209999999999e-05
8219 2.1168600000000003e-05
8221 3.76479e-05
8227 8.67061e-06
8228 0.00036491
8230 1.6759299999999999e-10
8231 2.53719e-06
8233 7.74911e-05
8234 1.1305000000000001e-08
8237 9.74918e-06
8238 0.00200155
8239 0.000271559
8240 0.815991
8242 0.000288753
8243 0.00037981099999999997
8245 3.63098e-05
8246 1.70799e-11
8247 1.8360299999999999e-06
8249 0.000459075
8255 2.02112e-12
8256 5.40935e-07
8257 6.04416e-05
8259 1.48434e-08
8264 7.10014e-08
8265 0.000775538
8266 3.01213e-07
8267 0.85601
8270 1.0280799999999999e-07
8271 7.65566e-05
8273 0.000339985
8274 9.070979999999999e-05
8276 0.00016831900000000003
8277 3.15424e-05
8278 4.93298e-09
8283 1.08113e-08
8286 0.000166931
8287 4.17991e-05
8288 5.0361499999999995e-05
8289 0.00044425800000000006
8290 1.14608e-07
8291 0.000257034
8298 0.00167021
8303 4.82678e-05
8304 0.00121634
8305 0.0144477
8308 8.72719e-06
8309 0.00360228
8314 6.700759999999999e-07
8321 0.00213705
8324 5.1869e-08
8325 0.00128724
8328 0.659587
8330 5.3607600000000005e-05
8331 1.11804e-07
8333 0.086689
8334 1.12954e-05
8337 2.30956e-08
8339 0.00124863
8340 0.0357146
8343 0.09363980000000001
8344 4.2224399999999995e-05
8347 9.09177e-06
8348 3.10593e-08
8350 3.2763099999999997e-06
8352 2.35821e-07
8353 3.61354e-09
8354 1.41251e-05
8356 1.71935e-05
8357 1.0935299999999998e-09
8358 4.57037e-05
8361 0.9999170000000001
8362 3.6110100000000005e-07
8363 3.2463200000000005e-05
8366 3.28594e-10
8367 4.47832e-08
8369 9.76015e-10
8371 0.000138985
8373 0.00012285899999999998
8375 0.000838513
8377 5.95195e-05
8378 1.4927299999999998e-08
8379 0.00210529
8380 0.000561588
8382 1.99386e-05
8383 7.58301e-07
8389 0.000126076
8392 4.2041999999999995e-05
8393 2.02551e-05
8394 0.0214884
8395 0.00020899900000000002
8396 3.23816e-09
8399 1.11287e-06
8400 0.00464763
8401 5.05857e-05
8402 0.00010538799999999999
8404 2.7330500000000002e-05
8405 8.340639999999999e-06
8406 0.000503294
8407 3.73701e-05
8408 3.77683e-08
8411 0.00543121
8412 2.25288e-06
8414 5.4785000000000004e-08
8417 3.53951e-05
8418 0.00266501
8419 0.0628323
8420 0.000518066
8421 1.78792e-09
8428 1.3931899999999998e-06
8431 0.000544758
8432 2.5235e-07
8435 1.01847e-07
8436 0.000106791
8439 0.000120424
8440 1.1862699999999999e-05
8441 8.5227e-05
8446 0.000146553
8447 1.1539399999999998e-10
8448 0.00011842600000000001
8451 0.00016445
8455 4.391380000000001e-08
8457 9.75908e-08
8458 0.00065333
8459 7.28692e-05
8460 6.46053e-05
8463 6.11626e-05
8464 0.000704668
8469 4.1300699999999996e-05
8471 0.00256748
8473 1.9775099999999997e-10
8474 3.95185e-05
8476 0.00024291700000000002
8479 5.56385e-09
8480 2.31798e-06
8481 1.76705e-05
8486 2.47579e-05
8487 0.0022887
8488 1.5587199999999998e-07
8489 0.000179825
8490 0.000159784
8491 1.59577e-06
8493 0.020263200000000002
8496 0.000139001
8497 0.9493729999999999
8500 1.4142e-06
8501 2.47632e-05
8504 4.27894e-09
8505 0.00026591900000000004
8507 1.37946e-06
8508 9.55244e-10
8510 1.875e-07
8511 4.4883399999999997e-10
8515 7.13472e-09
8516 0.436838
8520 3.58744e-07
8525 0.0702164
8527 4.77336e-05
8528 1.1789200000000002e-06
8531 2.6788299999999996e-06
8532 0.000116272
8537 1.01032e-09
8538 0.00917177
8539 0.9990629999999999
8540 4.06675e-13
8543 0.000430555
8544 0.188616
8545 4.94507e-09
8546 1.11533e-09
8547 5.4813e-07
8548 3.23297e-07
8551 1.31782e-11
8552 0.0007071139999999999
8554 5.29775e-05
8555 3.63219e-05
8560 1.3145799999999999e-07
8561 0.000116634
8563 4.9533199999999995e-05
8565 0.0031315
8566 0.000101037
8567 0.00043154099999999997
8569 2.4624000000000003e-08
8570 2.5136299999999997e-07
8571 2.30433e-05
8574 9.58323e-05
8575 0.999167
8577 0.0692416
8578 2.93167e-05
8579 8.758610000000001e-10
8580 8.50509e-05
8583 0.000698745
8589 1.56818e-10
8590 0.000476099
8591 4.23705e-10
8593 2.1180099999999997e-06
8594 0.250035
8597 6.03843e-09
8598 0.00772957
8599 0.00217751
8600 9.91701e-06
8603 0.000942677
8605 5.339e-05
8609 1.41179e-09
8611 0.00039418699999999994
8613 0.00153588
8614 4.1543999999999996e-06
8616 3.19644e-05
8619 2.13806e-09
8622 1.0023899999999999e-09
8623 1.36835e-09
8625 1.25366e-07
8626 0.000471491
8627 0.000278529
8629 0.0027808000000000004
8630 9.07648e-06
8631 0.000141039
8632 3.40168e-08
8634 2.7737600000000004e-05
8637 3.57781e-05
8640 0.058581299999999996
8641 0.000768166
8642 1.30467e-07
8643 1.56058e-09
8646 2.4351300000000002e-05
8648 0.000498021
8649 7.55663e-05
8650 0.000198617
8651 4.49501e-06
8652 0.31393000000000004
8656 0.000164105
8657 0.0009279539999999999
8658 4.21639e-07
8659 0.000382485
8660 0.000153027
8661 4.947870000000001e-07
8662 2.84827e-10
8664 0.00380263
8666 0.0026925
8668 2.68383e-05
8669 1.40646e-05
8671 0.000279968
8672 6.89387e-06
8673 2.29903e-06
8674 3.87034e-05
8675 0.00302649
8677 8.387749999999999e-10
8678 0.000112997
8679 9.81199e-05
8681 3.6108199999999995e-07
8682 1.0537000000000001e-07
8684 2.10081e-08
8685 0.00506389
8686 2.44592e-05
8689 3.5704699999999996e-13
8693 1.34046e-08
8694 2.3025700000000002e-06
8696 1.71452e-08
8697 4.6387399999999996e-05
8700 0.026373700000000003
8703 0.999975
8704 2.91218e-06
8705 0.00906266
8707 0.000127842
8708 0.00102043
8711 1.1440099999999999e-05
8712 4.03197e-08
8714 1.8446e-18
8715 8.52145e-07
8719 0.00539878
8721 1.32003e-05
8724 6.95907e-06
8726 3.02555e-07
8729 3.27883e-05
8734 4.74206e-06
8735 0.00133202
8736 0.00497018
8737 0.9992270000000001
8740 0.000701934
8743 1.70543e-06
8745 1.83102e-08
8746 0.00211834
8751 0.00022176
8754 4.6183e-05
8758 2.10192e-05
8761 0.00147851
8762 0.000922913
8763 6.19858e-07
8765 8.09016e-11
8767 0.981316
8774 0.0007359739999999999
8777 1.10659e-11
8778 0.000138166
8779 1.72361e-05
8780 0.000288189
8781 0.481127
8782 8.09027e-12
8785 2.49358e-07
8786 0.000186459
8787 0.999923
8788 4.15392e-11
8789 1.07238e-08
8791 2.62572e-11
8792 0.00200923
8795 0.000618108
8797 8.51655e-07
8798 1.54306e-05
8800 5.233160000000001e-06
8802 7.12957e-07
8803 2.9809000000000002e-05
8804 5.25006e-06
8807 1.69088e-05
8808 0.000158613
8812 0.00213636
8816 0.000394469
8818 0.0316131
8820 5.53068e-06
8821 0.00017977799999999999
8824 6.22023e-09
8825 4.89779e-12
8827 0.00519755
8828 0.00032847400000000004
8829 6.603660000000001e-10
8830 0.7257060000000001
8832 0.0168626
8834 6.84212e-07
8839 4.27342e-10
8842 0.00010854799999999999
8844 2.35904e-05
8845 3.65069e-10
8846 0.9966360000000001
8850 0.00042158800000000003
8851 2.123e-05
8852 2.80671e-09
8853 7.46001e-07
8855 2.1951099999999998e-08
8857 0.00112779
8860 0.9147200000000001
8861 5.07096e-05
8863 0.000583738
8864 2.9757599999999997e-06
8866 0.000588591
8868 1.33967e-06
8869 2.81983e-05
8870 3.61242e-08
8875 0.0005354730000000001
8877 1.8353200000000002e-06
8881 5.77383e-13
8882 1.28235e-08
8887 1.52169e-06
8889 0.000224057
8893 7.47235e-07
8894 0.00157016
8895 5.2834e-08
8896 6.477390000000001e-09
8897 9.54004e-07
8898 0.000686715
8899 1.2705e-05
8901 1.9839400000000002e-07
8902 0.000769996
8903 1.4356800000000001e-05
8904 0.000454168
8906 0.00386294
8907 0.00177137
8908 1.76618e-09
8910 2.56277e-07
8912 1.3424e-06
8915 1.34158e-07
8916 4.01519e-05
8918 1.84122e-05
8922 5.0033199999999994e-05
8924 0.998609
8925 3.73463e-07
8928 0.000632251
8934 4.61471e-11
8935 0.99992
8937 0.00315297
8938 0.019918
8941 0.00035303900000000003
8945 0.00035821400000000004
8946 0.000304257
8947 9.09397e-05
8949 6.0574399999999994e-05
8950 4.51203e-18
8952 2.76416e-06
8954 1.52365e-05
8956 5.99865e-10
8957 1.0735e-05
8959 0.380817
8963 0.000611472
8964 0.000988213
8972 0.999843
8974 9.58988e-05
8977 0.000185506
8981 8.315649999999999e-07
8984 0.00239758
8986 7.009539999999999e-09
8990 3.53207e-05
8991 2.24745e-05
8992 0.411703
8993 0.000579532
8994 5.80718e-05
8996 0.394681
8998 0.0007866110000000001
9001 0.00011331
9003 0.00317922
9008 2.03553e-12
9009 0.00334065
9010 0.000115197
9011 0.000150115
9012 5.10047e-07
9013 0.00024472599999999996
9014 8.59275e-05
9017 2.1282299999999998e-06
9021 6.766030000000001e-07
9023 5.03016e-12
9025 1.8913399999999998e-05
9026 0.00339179
9028 4.3577800000000004e-12
9030 1.65617e-08
9031 0.000139255
9033 5.507959999999999e-06
9038 2.67197e-07
9040 0.00010786
9041 6.872919999999999e-12
9043 0.00025299400000000004
9044 2.02061e-11
9046 2.1022300000000002e-07
9047 1.7431799999999998e-10
9050 1.47203e-11
9052 1.19962e-06
9054 0.00174945
9055 0.00195369
9056 0.00017667
9057 0.9987030000000001
9061 9.824760000000002e-06
9062 3.46577e-07
9065 2.0982800000000002e-07
9067 1.91444e-06
9069 3.38229e-12
9070 0.000832011
9071 4.1169599999999995e-10
9074 1.9306400000000003e-08
9075 3.58252e-05
9076 3.4813699999999994e-06
9077 0.000116535
9081 8.45543e-07
9082 0.0005599919999999999
9083 1.15553e-08
9084 2.46103e-06
9088 0.00593012
9090 0.000696687
9092 6.93268e-08
9093 0.000107045
9095 0.000105697
9096 1.3376099999999999e-08
9097 0.00022612900000000002
9101 9.14472e-07
9102 0.0005670769999999999
9103 0.000239717
9104 0.00020291099999999998
9107 0.946325
9109 0.00448546
9110 6.28323e-06
9111 4.93942e-10
9115 7.93893e-05
9118 7.142989999999999e-08
9119 2.05727e-07
9120 0.00771287
9122 1.25604e-05
9124 0.000130968
9125 1.5537e-05
9127 6.08571e-05
9130 1.31504e-06
9132 0.019234400000000002
9134 6.67098e-09
9135 1.3421600000000001e-08
9137 2.25548e-05
9139 2.7839700000000003e-09
9140 0.000287863
9142 9.670030000000001e-06
9143 3.91053e-05
9145 6.0631999999999996e-15
9146 2.8459e-05
9149 2.56471e-05
9152 3.03876e-07
9154 0.000353461
9156 2.1639e-09
9158 2.58498e-08
9164 0.00278463
9165 0.000145538
9167 4.39065e-22
9169 1.66254e-05
9170 7.653489999999999e-05
9171 3.00083e-05
9172 4.76253e-07
9176 0.02156
9182 4.63031e-08
9183 0.9999979999999999
9188 4.1714700000000003e-10
9190 3.85095e-06
9198 1.5477e-14
9199 0.00277713
9201 0.00450254
9203 5.08231e-06
9204 0.118211
9206 6.030459999999999e-06
9207 0.011915
9210 1.03121e-05
9211 4.74511e-20
9216 0.5250560000000001
9217 3.58906e-05
9219 0.000248907
9220 4.7261e-05
9222 5.65009e-07
9223 0.00259678
9225 0.000257631
9226 5.5311999999999995e-05
9228 0.000157733
9229 1.1663e-07
9231 5.43921e-07
9232 0.000247256
9233 0.05656219999999999
9234 0.998411
9235 0.00169575
9237 1.38971e-11
9240 4.0760599999999996e-06
9241 0.00040067900000000003
9243 8.216219999999999e-10
9248 1.95229e-05
9253 0.000130036
9256 0.9999959999999999
9257 3.67562e-05
9258 5.11804e-11
9260 6.14978e-07
9261 0.000317955
9262 2.9188499999999997e-10
9263 3.05797e-05
9264 9.141209999999999e-05
9265 2.34414e-05
9266 0.052667099999999994
9267 3.97484e-07
9274 0.00013992600000000002
9275 0.0161606
9276 0.00798651
9277 1.7537099999999997e-10
9280 1.40388e-06
9284 0.00030653
9292 3.88709e-06
9293 1.55566e-05
9294 0.00269638
9297 0.00011800299999999999
9298 8.61643e-08
9300 6.31854e-05
9301 0.0040978
9302 2.96088e-10
9304 3.13809e-05
9305 1.18562e-11
9310 0.00143599
9311 2.44479e-05
9313 0.00046363400000000004
9314 0.00247119
9317 1.45061e-10
9319 7.87718e-05
9320 0.00126341
9321 9.31147e-08
9322 2.41405e-07
9328 2.9469e-06
9329 8.0543e-08
9332 2.18471e-06
9335 6.3229e-07
9338 3.27575e-12
9340 3.3201300000000003e-05
9341 3.02416e-06
9344 1.10325e-05
9345 5.64587e-06
9346 0.977982
9352 0.48257
9353 1.02965e-07
9355 1.88771e-09
9356 5.34541e-05
9357 0.00136038
9360 1.0152999999999998e-07
9361 2.0315000000000002e-07
9363 8.231630000000001e-08
9364 6.69011e-05
9366 5.129630000000001e-09
9367 0.000845587
9369 2.80465e-06
9370 2.23144e-11
9372 2.10049e-05
9376 3.0251500000000005e-09
9379 0.0016952999999999998
9380 3.4093400000000004e-06
9381 1.36526e-10
9383 0.000254185
9384 0.00220525
9385 0.000107416
9387 2.12679e-06
9390 1.8878e-09
9391 0.00018479099999999999
9395 7.33596e-07
9396 9.01188e-05
9397 6.30162e-05
9399 2.57408e-07
9400 0.00634943
9402 3.07098e-05
9403 0.9413969999999999
9404 0.00798711
9415 0.08025310000000001
9416 3.2794199999999996e-07
9423 6.51939e-05
9425 0.000166141
9426 1.5313900000000003e-05
9427 9.94645e-05
9428 0.00076195
9430 2.1278000000000001e-10
9431 0.697196
9435 0.00738414
9436 0.000132614
9441 1.97245e-05
9442 1.12846e-08
9444 3.50349e-05
9447 1.33343e-12
9449 0.00213154
9450 4.2358500000000004e-05
9451 3.2848e-07
9452 8.27795e-06
9453 0.000341581
9462 3.8788200000000006e-07
9467 0.024076499999999997
9471 0.00148245
9473 0.00028453
9474 0.00129987
9475 5.901420000000001e-09
9478 0.010801799999999999
9482 1.44717e-07
9483 0.9999969999999999
9485 0.0115907
9486 8.47611e-05
9487 8.50041e-05
9489 0.197298
9492 2.25844e-06
9493 6.28533e-09
9495 3.945119999999999e-06
9498 4.59274e-08
9501 2.7718199999999998e-08
9503 1.25191e-05
9505 1.20541e-06
9506 3.59625e-06
9509 3.90272e-06
9510 6.25023e-11
9511 0.00273019
9513 0.00188194
9514 6.33567e-06
9521 0.000647727
9522 0.9901110000000001
9525 1.77424e-09
9529 3.0582599999999998e-06
9530 6.79125e-05
9534 1.3121800000000001e-09
9535 1.18492e-06
9536 2.1742400000000002e-10
9538 9.30134e-05
9539 7.763380000000001e-06
9544 0.933124
9547 7.72865e-05
9548 1.56034e-08
9552 0.9920040000000001
9553 3.62769e-08
9554 1.63348e-05
9555 4.94896e-05
9556 0.0111539
9559 6.41301e-07
9561 2.2664200000000002e-05
9563 1.1259700000000002e-08
9564 1.20673e-05
9569 0.411963
9570 0.0020101
9572 0.0205194
9574 4.4575200000000006e-05
9575 0.997984
9578 0.00583635
9581 1.399e-05
9582 0.00160253
9583 1.4941600000000001e-05
9589 0.41487700000000005
9590 8.32817e-08
9592 0.000261249
9593 1.0367900000000001e-07
9594 0.00470345
9595 0.000562171
9599 3.27178e-06
9601 8.74366e-07
9602 2.94409e-08
9604 0.00146142
9606 7.762949999999999e-05
9607 0.00401393
9608 1.3465799999999999e-08
9610 0.00190492
9612 0.004428100000000001
9616 1.87738e-05
9622 1.7226600000000002e-05
9624 9.679819999999999e-05
9625 0.000200859
9626 1.22642e-05
9628 5.49115e-06
9630 0.00139154
9631 2.68401e-05
9632 0.0005362769999999999
9633 2.13703e-06
9635 0.00265231
9639 1.16705e-06
9640 0.99995
9642 0.012374600000000001
9643 7.51553e-05
9645 2.27857e-05
9646 0.9998290000000001
9648 0.000293846
9651 0.00031460799999999997
9652 1.61123e-11
9653 7.96429e-05
9657 2.1356400000000002e-07
9660 3.28164e-05
9661 5.70462e-06
9662 0.000118831
9663 2.8987399999999996e-05
9665 0.00145158
9669 0.9988870000000001
9672 0.42018500000000003
9673 1.0922099999999999e-09
9674 6.88341e-11
9675 1.4833499999999998e-09
9677 7.96628e-05
9680 4.5864899999999995e-09
9682 9.859110000000001e-09
9683 3.96305e-09
9688 1.17804e-07
9689 6.204009999999999e-06
9690 0.0009137310000000001
9694 0.000107673
9696 0.00011394
9697 0.000628205
9701 5.9311e-07
9704 4.7836099999999994e-05
9705 2.12566e-07
9708 1.466e-06
9714 0.000832927
9715 4.167990000000001e-06
9716 2.73812e-08
9720 0.9999959999999999
9722 0.00034714800000000003
9723 7.25447e-10
9725 8.2201e-06
9727 8.77106e-06
9728 0.000137869
9730 5.9846199999999996e-05
9731 1.7942e-08
9736 0.00316695
9739 0.00119638
9740 1.74564e-09
9741 8.53892e-05
9742 3.13663e-05
9744 0.000124315
9750 0.00128698
9751 1.9499200000000003e-06
9752 0.00152482
9753 0.134425
9757 5.4241400000000004e-08
9759 2.73689e-06
9760 0.00021044099999999999
9765 0.9655950000000001
9766 3.5149900000000004e-06
9768 0.000544055
9769 7.24529e-05
9770 0.0006651869999999999
9771 0.000140387
9775 3.7618800000000003e-08
9777 2.65298e-06
9779 5.18524e-05
9782 8.00198e-06
9783 0.000185523
9784 6.69841e-05
9786 0.00043965
9787 3.9739499999999995e-06
9788 9.800650000000002e-10
9791 0.00021239099999999998
9793 1.4921e-06
9795 6.62545e-05
9798 9.91821e-06
9799 0.000184945
9802 6.20896e-06
9803 0.00038065
9804 3.33685e-08
9806 3.43565e-06
9811 8.05062e-06
9812 0.000252815
9814 0.9910370000000001
9815 0.00035953199999999997
9817 7.96849e-06
9818 3.8522399999999996e-06
9820 0.9802540000000001
9821 2.37379e-10
9824 1.38428e-06
9826 0.0046543999999999995
9827 6.973350000000001e-10
9829 1.32441e-06
9835 4.4084500000000004e-10
9837 0.00247203
9838 7.139500000000001e-06
9840 0.000165898
9843 0.0038938
9844 2.47887e-08
9846 2.35005e-08
9847 5.167909999999999e-07
9849 5.2363300000000006e-06
9850 5.834219999999999e-08
9853 0.00151291
9854 2.19414e-05
9856 0.000390107
9857 5.4061800000000005e-05
9861 0.00658913
9864 3.5305800000000004e-06
9866 1.14031e-09
9871 0.000120821
9873 1.2823e-07
9875 0.1529
9876 3.458869999999999e-21
9883 4.3564599999999995e-06
9885 0.00014016200000000002
9888 0.000333146
9889 0.00602313
9890 2.3976299999999998e-12
9891 0.00299524
9892 0.00347433
9893 8.815250000000001e-08
9895 1.15263e-09
9899 2.36571e-05
9901 4.69927e-05
9903 0.00014665200000000002
9906 0.000568459
9907 0.026525
9909 3.66745e-06
9910 0.000693395
9912 2.39132e-05
9914 0.000707991
9915 2.2406599999999997e-06
9916 6.78838e-07
9919 1.71882e-08
9921 0.000366241
9922 3.3868699999999996e-05
9924 9.084580000000001e-06
9925 3.80415e-09
9927 8.60286e-07
9928 1.45902e-05
9929 0.00580088
9930 0.000106681
9931 0.00178822
9933 0.0930885
9934 0.0031486
9936 9.69975e-06
9937 0.00361356
9941 0.000208399
9943 4.5291199999999996e-08
9948 2.20918e-07
9951 0.00074385
9952 2.72721e-05
9953 1.3009000000000001e-09
9956 0.999611
9957 2.2346800000000003e-07
9960 3.57148e-08
9962 0.000132776
9963 0.000210855
