1 0.00835381
2 0.000435367
3 0.033886900000000005
4 0.000648969
6 0.19834200000000002
8 0.18244100000000002
10 0.028879400000000003
11 0.00111807
13 0.00048641699999999995
14 4.0164000000000004e-05
15 0.000128574
18 0.000361062
22 0.00019040900000000003
25 0.0651649
27 0.020762
28 2.38235e-05
29 0.0101829
31 2.72004e-07
37 0.009562200000000002
38 1.62795e-08
40 3.80702e-11
43 0.110234
45 0.0007215710000000001
49 0.0754591
53 0.0101978
54 3.28401e-08
55 7.694580000000001e-06
56 0.00108002
57 1.95359e-14
58 0.00043545
59 0.049014999999999996
62 0.000632498
67 1.5244799999999998e-06
68 1.1091100000000001e-12
69 0.00117711
70 0.180007
71 2.0997799999999996e-10
74 8.64414e-06
75 0.028715699999999997
76 5.4431599999999996e-05
79 0.00225203
80 0.000827197
82 1.49863e-07
84 0.310438
85 0.17296199999999998
86 0.00251811
87 0.00114468
88 0.0034571999999999997
90 0.427612
92 0.0005381730000000001
94 6.804960000000001e-06
96 0.00722728
97 0.192874
98 0.013313399999999998
100 1.93004e-05
103 0.00032726799999999997
105 3.595e-05
106 6.91424e-11
108 0.012268799999999998
111 0.00333105
114 0.05465219999999999
115 8.425329999999999e-07
116 0.000766512
119 0.000166739
124 0.0797428
126 0.0024043000000000003
127 0.00863141
128 2.33203e-05
135 0.000567245
136 0.0738623
137 0.013347799999999998
139 2.17664e-07
144 0.0572164
145 0.000178658
148 5.0442e-16
149 5.8222799999999994e-05
151 0.026666200000000004
152 9.49923e-09
155 0.000236486
157 0.202995
160 0.0944449
166 0.00274591
167 6.13177e-05
168 0.00309281
172 6.4122e-10
175 0.000122779
176 0.000535368
178 4.8162200000000005e-05
179 4.89701e-05
181 0.165374
182 0.0273529
183 0.00311942
185 0.061620400000000006
186 0.00597049
188 3.06942e-09
191 0.0113352
195 3.27374e-07
196 0.31508600000000003
197 1.48275e-07
199 2.37932e-10
201 7.565380000000001e-07
202 0.0748557
204 0.0614582
205 0.137372
206 0.00287435
212 0.12314800000000001
213 0.0301663
216 5.68472e-07
217 0.47688
223 0.00018497900000000002
226 0.08573710000000001
227 0.0004899840000000001
230 0.000164046
231 7.987569999999999e-06
234 0.155199
237 0.029890499999999997
238 0.00032506099999999997
239 7.347519999999999e-10
240 2.51762e-06
243 9.29098e-08
247 0.017278
248 0.00245291
252 4.79167e-05
253 2.11451e-07
254 0.00016070600000000002
255 0.00022224200000000002
258 0.107195
260 1.46907e-05
261 3.26174e-08
264 0.0591914
265 0.00756116
267 5.1331e-05
271 0.00134196
272 0.054446400000000006
273 0.0008000910000000001
274 3.5017800000000003e-09
277 0.06439650000000001
279 0.041682
280 0.0525653
281 0.000168884
283 1.07371e-08
284 4.81395e-07
286 0.014968299999999999
287 0.0952049
290 0.000118803
291 0.0243695
292 0.000976513
293 6.11499e-06
295 0.00239372
297 0.0979685
299 0.030103300000000003
300 0.00050265
301 0.000129394
309 5.27259e-10
310 0.11569700000000001
313 2.8126999999999997e-05
314 0.5741
315 0.00510968
316 0.00036672699999999996
319 0.012661
324 0.00272249
326 0.00104534
327 0.0362233
330 0.023321500000000002
333 2.82644e-07
335 0.0124108
339 0.149204
341 7.8756e-06
342 0.0168394
345 0.000269532
346 0.00368524
348 8.05227e-08
350 1.2293000000000001e-08
351 2.48362e-06
353 2.4211200000000002e-08
356 0.00215588
357 7.78012e-06
358 1.0866899999999999e-08
360 1.08745e-06
361 0.000160489
362 0.00318181
364 1.35492e-11
365 1.19078e-06
366 0.537428
368 0.21134299999999998
369 0.10848800000000001
371 0.00271875
375 0.000427949
376 0.00234455
377 0.0400825
378 0.00121193
383 1.19755e-09
384 0.19312200000000002
385 0.23665500000000003
386 0.00295203
388 0.00959568
389 0.15428499999999998
390 4.365e-06
392 0.000201493
393 0.0027054
397 0.172784
398 1.59588e-05
399 4.66296e-05
401 0.00127462
402 1.4171099999999999e-05
405 0.121528
409 0.000387741
410 0.00146904
412 2.07104e-05
413 0.0204237
414 0.00165589
415 2.3661900000000005e-06
418 0.00260658
421 0.080572
422 0.00642261
423 0.0511716
425 3.04385e-06
426 0.000251011
429 0.383627
432 0.00128298
434 0.00374759
436 2.80812e-06
437 0.000551498
440 5.304010000000001e-07
441 6.05486e-07
442 7.492689999999999e-06
444 1.59126e-05
445 0.000152511
447 0.0326535
449 0.00037296199999999996
451 4.90221e-06
452 0.393807
453 1.08934e-07
455 0.014597299999999999
456 1.2520799999999999e-05
457 0.0205588
458 0.0153873
465 3.23111e-07
466 0.00113654
467 1.39279e-06
471 0.000577787
472 4.79464e-14
473 0.00564537
475 5.722100000000001e-05
478 0.0155576
479 0.187122
481 0.00917875
485 0.000967105
487 0.391872
488 3.4631e-08
490 0.117977
493 0.137646
495 0.026942700000000003
497 6.743439999999999e-09
502 0.0165068
504 7.03823e-05
505 6.484739999999999e-07
506 0.045244400000000004
507 0.00954129
510 0.32119699999999995
511 1.85316e-05
512 2.36829e-08
517 0.0786525
521 0.00019968099999999997
527 9.83797e-10
529 0.00339514
532 1.47064e-07
533 0.0162115
534 0.0172718
536 1.85166e-10
538 2.1193599999999997e-06
539 0.0268995
542 0.000118806
546 0.013839500000000001
547 0.062026300000000006
548 6.28755e-07
551 0.17589100000000002
553 1.91415e-09
556 4.66933e-07
557 0.000379379
558 0.00738108
560 0.00602283
561 2.1658e-09
562 4.989009999999999e-07
566 0.042281599999999996
567 7.331699999999999e-07
568 1.40295e-05
569 1.23201e-09
570 1.09256e-06
571 0.0006890860000000001
572 4.7565e-07
573 0.0145873
574 5.1823599999999996e-05
575 0.00770646
576 0.000621383
578 0.0724152
580 9.94013e-06
584 0.00040355800000000004
585 3.12365e-09
586 5.5767700000000005e-05
587 0.15877
593 1.09407e-09
594 4.4557799999999995e-05
595 0.30352399999999996
596 0.0013578
600 0.010656
602 0.000161449
603 0.24579299999999998
604 0.000885527
606 0.0206975
607 6.95942e-06
611 0.013275799999999997
614 1.60966e-09
615 0.0532985
616 0.0187726
617 0.0315124
618 0.00405519
621 0.0693109
623 0.0140882
624 1.64226e-07
627 0.000232841
629 3.86577e-05
630 4.1181900000000006e-08
631 0.10241199999999999
634 0.00113834
636 2.5001e-07
638 0.000257365
639 0.000797172
640 4.65183e-07
641 0.0127139
642 0.13601
643 0.0265539
644 4.59608e-05
646 5.38791e-07
649 1.20821e-05
650 0.000569513
651 0.00412719
652 0.21416300000000002
655 1.8891100000000002e-07
658 0.23899099999999998
659 0.0007702010000000001
662 0.000192394
664 0.0117855
665 2.82119e-08
666 0.00105999
668 9.85502e-06
669 0.000320596
670 0.09673469999999999
673 0.00323909
674 0.0145203
678 1.66774e-06
679 1.27097e-06
681 0.00129267
683 0.062234300000000006
687 1.0798399999999999e-08
691 0.00149437
692 0.0496601
693 0.000545538
696 4.102770000000001e-05
697 0.000132239
698 0.0010293
701 0.00624573
703 2.4801300000000003e-05
704 0.00173516
706 0.0007711269999999999
708 0.143481
715 9.456610000000001e-07
716 0.05599119999999999
718 0.0171523
719 3.08157e-07
721 7.47682e-06
722 0.00506734
723 1.87815e-05
724 1.7756400000000002e-08
725 0.00357671
727 2.33284e-06
732 1.4873299999999999e-05
734 2.8628400000000002e-05
735 2.5596399999999998e-05
736 6.68397e-09
737 0.126813
741 2.57796e-06
743 0.00145724
744 0.049701499999999996
745 0.00448579
747 5.661630000000001e-10
749 0.411208
751 0.0573221
757 1.82755e-08
758 0.000146993
759 0.00363445
762 0.0097682
765 0.177092
766 0.060205299999999996
769 0.06313350000000001
773 1.30736e-05
775 2.03003e-07
778 3.78333e-05
779 1.3501199999999999e-05
781 0.00264297
783 0.0187769
784 0.0177332
785 0.00882465
788 1.59531e-06
789 7.86124e-06
790 0.176749
792 0.000467711
795 8.15988e-05
798 3.3621399999999996e-05
801 9.85405e-09
803 0.00336127
807 0.0084169
809 1.4822799999999999e-08
811 4.89259e-09
813 0.000711033
817 0.00492113
819 0.000839773
821 2.3468299999999998e-07
824 4.2984399999999995e-05
825 5.27688e-07
833 5.29624e-05
835 1.3184200000000002e-08
836 8.109609999999999e-05
837 0.0012395
838 1.7268900000000001e-12
839 0.018900999999999998
840 0.0507469
841 0.00744973
844 2.17212e-07
846 0.000434981
852 0.00861124
853 0.000325526
856 0.122829
858 2.6922200000000003e-07
861 0.00847445
864 5.10549e-11
866 0.000296885
869 0.08626569999999999
870 0.150895
873 0.00457156
875 8.93498e-06
877 0.109956
881 8.90306e-08
883 0.00047670300000000003
884 1.77722e-05
886 0.109101
890 0.100976
891 0.00027745900000000003
893 0.000272555
894 4.59619e-06
897 0.0211255
901 0.15495899999999999
905 0.033216300000000004
907 0.013234200000000002
909 0.137719
910 0.0209719
913 0.0450776
914 0.00451906
916 1.8900999999999998e-10
922 0.00424544
924 4.06633e-09
925 1.0590799999999999e-05
927 0.124322
928 0.00101176
930 1.28742e-07
932 9.69093e-07
933 0.00966307
938 0.111448
939 0.117271
940 0.028254900000000003
941 0.0151922
942 1.21789e-06
944 0.13969600000000001
945 5.67005e-09
952 0.035981
953 0.172823
955 0.201826
956 0.246062
957 0.00150077
959 0.0698908
960 0.09465889999999999
961 0.0363404
963 0.00127358
968 3.7025300000000005e-06
969 0.00815321
970 0.000136472
974 0.00246988
975 0.048995800000000006
976 0.00772133
978 0.0663957
979 0.0144186
981 0.10294500000000001
983 0.381148
984 0.00023475299999999998
985 2.14682e-07
986 0.047898500000000004
988 0.00798179
990 0.09617519999999999
992 0.000140071
994 0.045081199999999995
995 3.5377e-05
998 9.707869999999999e-06
1000 0.00621263
1003 1.70557e-08
1005 6.93743e-07
1006 0.00679887
1007 0.00116547
1013 0.000203529
1016 0.00024180000000000002
1019 1.82527e-05
1020 0.132962
1021 0.00269125
1022 2.28292e-06
1023 0.507825
1025 0.00024029
1026 0.013153299999999998
1029 0.00162524
1030 7.45971e-05
1031 1.2616400000000002e-05
1032 9.63731e-05
1033 0.000260204
1034 3.8679e-05
1035 0.233548
1037 0.0815806
1038 0.10715799999999999
1039 0.00635792
1040 0.136875
1044 0.010289399999999999
1046 0.000267576
1047 0.0374808
1048 0.0369187
1049 0.00017109
1051 3.4491300000000003e-12
1054 0.00725716
1055 0.13053399999999998
1058 0.0007389380000000001
1059 0.00127286
1063 0.0500649
1065 0.052455999999999996
1067 0.0219913
1070 1.2763900000000002e-05
1075 0.016390799999999997
1076 0.049774599999999995
1080 0.000311436
1081 0.0638099
1085 7.93665e-10
1086 0.0925276
1087 0.11334300000000001
1088 0.0242829
1089 7.56952e-05
1090 8.298630000000001e-06
1094 3.7026999999999996e-05
1095 0.07908910000000001
1096 4.0670199999999997e-10
1098 6.65719e-07
1099 0.00451837
1100 0.041781900000000004
1103 0.0469635
1105 0.06690039999999998
1108 0.049869199999999995
1111 0.00369186
1114 0.0016047999999999998
1115 8.45701e-08
1116 0.00265892
1117 0.028565800000000002
1118 0.0698893
1120 0.00515771
1122 8.3459e-08
1123 0.139956
1126 2.3573300000000002e-08
1128 0.0143435
1131 0.00777792
1132 0.12449
1133 0.152496
1134 1.18297e-07
1135 1.13097e-06
1138 0.288231
1139 0.277534
1141 0.000295048
1146 0.00039380199999999995
1150 0.00216842
1153 0.000258154
1155 6.72271e-05
1157 4.4874e-08
1159 0.07955319999999999
1162 0.0414977
1163 0.239313
1165 0.010033799999999999
1167 0.10218200000000001
1169 0.0915322
1173 0.028304000000000003
1177 0.04391780000000001
1178 1.6617400000000002e-06
1179 0.291539
1180 0.11215399999999999
1181 4.18985e-14
1183 0.0895662
1188 2.84832e-07
1189 0.515342
1190 0.017605700000000002
1193 5.261180000000001e-06
1195 0.027832799999999998
1196 6.49955e-07
1197 0.195276
1198 6.22108e-11
1202 0.047336500000000004
1208 0.0145412
1210 0.00907429
1213 0.00517762
1216 0.0201505
1217 0.0283166
1218 4.48287e-09
1219 0.0344787
1220 0.0178734
1222 0.00029517599999999997
1223 8.00484e-07
1227 0.000247167
1228 0.21324400000000002
1232 0.00356502
1235 4.5781e-05
1238 3.95917e-10
1242 0.00452785
1243 0.092708
1244 0.07954349999999999
1245 0.000729397
1246 0.022441
1249 0.00654097
1251 0.025377599999999997
1252 1.31981e-06
1253 0.0452175
1255 0.00707122
1256 0.000780245
1257 0.00620132
1261 0.10286700000000001
1262 1.40506e-15
1264 2.07254e-08
1267 4.00296e-06
1271 0.030488599999999998
1275 1.72272e-05
1276 0.254803
1278 5.737060000000001e-07
1280 1.9600799999999997e-08
1282 0.11488499999999999
1283 6.98924e-05
1285 1.1418299999999999e-05
1291 0.000265012
1295 6.8471800000000006e-06
1296 4.02665e-08
1297 0.079589
1300 0.00414941
1301 3.2937099999999998e-06
1302 0.217797
1303 0.058848000000000004
1305 0.0116786
1306 2.99181e-05
1307 0.00133237
1308 0.000542239
1313 0.0157523
1317 0.000624355
1318 1.63693e-06
1319 0.247038
1320 0.000711191
1321 4.4762000000000004e-06
1322 0.00333035
1328 0.012618700000000002
1329 0.000200034
1331 2.2633200000000002e-08
1335 1.8000799999999998e-06
1336 7.88139e-09
1338 0.016075299999999997
1339 0.043593099999999996
1340 0.0897645
1342 0.00038836199999999995
1344 0.00219101
1347 0.0849178
1349 0.08259630000000001
1351 0.159132
1353 0.00391897
1354 0.114298
1355 9.86289e-05
1356 3.7459000000000005e-09
1357 1.61276e-05
1358 0.00510286
1359 2.97418e-06
1363 0.00352164
1366 0.00068668
1367 0.0156379
1368 0.0424848
1369 2.68606e-12
1370 3.25231e-08
1372 0.176291
1373 4.28818e-06
1374 0.28160999999999997
1376 0.000743999
1377 0.0029156
1379 2.29489e-06
1380 0.193172
1381 5.01576e-05
1382 0.0162256
1389 0.0092516
1391 0.0013441
1392 0.000334849
1394 6.09468e-07
1396 0.00429621
1398 6.24455e-05
1399 7.83022e-05
1401 0.00481088
1403 3.19352e-05
1407 0.00626295
1410 5.49258e-05
1411 0.028625499999999998
1412 0.00180269
1415 0.00151165
1416 0.000659584
1417 0.000616214
1419 0.0742063
1422 5.878440000000001e-06
1423 0.09731000000000001
1424 0.00047630400000000004
1425 0.00504064
1428 0.06704539999999999
1429 0.06606849999999999
1431 0.00760273
1433 0.000326795
1435 2.11673e-06
1437 0.00023381700000000001
1438 0.0221785
1440 1.38284e-10
1446 1.54273e-06
1447 1.37289e-08
1448 0.00809489
1449 1.13726e-05
1452 0.00312078
1454 0.00355101
1456 0.0640433
1458 0.0175983
1459 0.12454000000000001
1461 0.0211301
1462 0.00296653
1469 0.0212694
1471 0.00018434900000000002
1473 0.059159199999999995
1474 9.09361e-07
1476 2.01263e-07
1477 6.80878e-05
1478 0.107172
1482 0.0219595
1487 0.00432369
1489 0.0324119
1491 2.56956e-07
1495 0.123672
1496 8.21316e-11
1500 0.07845139999999999
1502 8.73995e-06
1503 0.00529937
1505 0.00315113
1506 0.0126638
1507 0.018157
1508 0.0319741
1511 2.31262e-12
1513 0.206617
1516 7.31549e-11
1518 0.387509
1519 0.26554099999999997
1520 0.00428219
1525 1.01574e-06
1527 2.63638e-05
1530 0.00144412
1533 0.148957
1534 0.193496
1535 0.00046687199999999996
1538 1.8790400000000002e-06
1540 0.0403527
1542 0.017755700000000003
1546 0.014715200000000001
1547 1.55659e-08
1549 0.012885800000000001
1550 3.67653e-10
1551 0.0164207
1552 1.4265399999999999e-08
1558 0.17835
1560 4.65194e-10
1562 0.00402303
1564 0.07765019999999999
1566 0.0635245
1567 4.87736e-06
1568 0.00886769
1569 0.0327389
1570 0.0184136
1572 1.0364799999999998e-12
1573 0.000102968
1574 0.0815159
1575 0.000156008
1578 2.1564599999999998e-06
1581 0.16928900000000002
1583 0.0357691
1584 0.0493388
1585 0.262361
1587 0.000295664
1589 0.01728
1591 3.94624e-08
1592 0.0494143
1596 0.0666107
1599 0.19025799999999998
1600 0.204036
1601 0.000897287
1602 0.000104885
1605 0.00263184
1606 1.0952599999999999e-05
1609 0.0124551
1613 3.25418e-05
1615 1.9301e-06
1616 4.93901e-05
1619 1.46672e-07
1620 4.26128e-08
1621 2.36172e-06
1623 6.39855e-09
1624 0.0070148
1625 0.00117453
1626 6.9851e-11
1629 0.210495
1631 0.00164335
1634 0.000181687
1635 0.000208139
1637 0.00180075
1639 0.00289956
1641 0.00010529
1644 0.000155714
1645 0.00113544
1646 0.000818665
1648 0.00221064
1652 0.00696967
1655 0.0028976999999999996
1656 0.034897199999999996
1657 0.0784429
1658 1.9870899999999998e-07
1659 5.08221e-06
1660 5.08739e-07
1663 0.00447427
1664 0.0015982000000000001
1665 0.000253066
1666 0.166917
1667 0.00418049
1668 0.00421704
1670 0.000629597
1671 0.179482
1672 1.10875e-07
1674 0.011384299999999998
1679 2.4646599999999996e-06
1681 2.2278000000000003e-05
1687 0.000116288
1692 0.00188563
1694 1.50448e-05
1695 0.000367286
1696 0.21694899999999998
1697 0.00350913
1698 8.73892e-06
1700 0.00024262
1701 0.00023240900000000002
1702 0.000174209
1703 0.00950827
1704 0.0022705
1705 2.43487e-05
1706 0.16332
1709 3.2063200000000002e-06
1710 0.012445200000000002
1712 0.141307
1715 0.040907099999999995
1716 0.028621800000000003
1719 4.85115e-05
1720 0.048869
1722 0.20186500000000002
1728 0.141463
1731 0.042319300000000004
1735 0.20581100000000002
1736 3.2895599999999996e-06
1737 1.03816e-09
1740 0.00160576
1742 0.24391
1743 0.123918
1744 3.0549e-07
1745 0.0063652
1748 3.31586e-06
1751 0.0659796
1753 0.000731082
1757 0.0312198
1760 0.0165225
1762 0.0163973
1763 0.0581063
1764 2.0902800000000003e-05
1767 0.029566500000000003
1769 0.00165276
1770 0.0047832000000000005
1773 0.005318
1774 0.14660499999999999
1776 0.00107125
1779 0.0386079
1781 0.136857
1783 0.0122398
1786 0.00661815
1788 6.29402e-07
1790 3.48786e-05
1791 0.00148047
1792 0.0441289
1794 9.541959999999999e-05
1796 2.3633899999999997e-05
1798 3.2639799999999996e-10
1802 0.00376932
1803 9.710389999999999e-05
1804 2.76275e-07
1805 0.0959554
1808 6.97307e-07
1811 0.21408600000000003
1812 0.0162091
1813 0.360712
1814 0.08453279999999999
1815 2.4829000000000002e-05
1817 0.000884555
1819 0.000128891
1820 1.01921e-06
1822 3.40338e-06
1823 0.00033583
1824 0.00101061
1826 0.3359
1829 0.00010561899999999999
1831 0.0184307
1835 0.00463604
1838 5.76108e-12
1839 0.00255006
1844 7.851560000000001e-12
1846 0.0325786
1848 4.0777e-08
1850 0.00410487
1851 0.00423511
1852 0.0008975639999999999
1856 0.452514
1857 0.00017429599999999997
1859 2.81008e-06
1863 1.4345900000000001e-07
1865 0.00413161
1866 0.034556699999999996
1867 0.000143988
1868 0.024408799999999998
1869 1.23028e-05
1871 0.000403359
1873 2.9106900000000002e-08
1874 0.00120537
1876 8.94858e-07
1879 0.202246
1880 0.00317326
1883 2.5762700000000002e-06
1884 0.00347404
1885 0.00634618
1886 0.00044887400000000004
1889 2.53435e-07
1890 0.0006884689999999999
1891 6.30361e-06
1893 0.00371414
1895 0.000328155
1897 2.71686e-10
1900 0.000567875
1905 0.09926560000000001
1908 1.16354e-06
1909 9.25742e-05
1910 0.000880315
1912 2.4916e-11
1913 1.9182e-06
1914 0.062377800000000004
1916 7.45598e-08
1917 0.000116544
1919 1.8758400000000003e-08
1921 0.14008299999999999
1923 5.7342500000000005e-08
1924 5.52394e-07
1925 3.6178400000000006e-07
1926 0.0080411
1929 1.53997e-09
1935 9.004760000000001e-07
1939 0.000234618
1942 1.81472e-05
1943 0.042168000000000004
1946 0.00902581
1947 0.00351336
1949 0.434579
1951 7.274310000000001e-06
1953 4.172530000000001e-06
1955 0.00214756
1956 0.00042386800000000004
1957 0.153548
1959 1.3654e-12
1961 0.08716950000000001
1965 0.0010826
1966 0.0184357
1967 1.97343e-10
1968 0.019224400000000003
1969 0.32468400000000003
1973 0.049618300000000004
1974 0.000474706
1975 0.0381621
1979 0.00503733
1983 1.0857299999999999e-08
1984 0.00240067
1986 0.026857699999999998
1987 7.587049999999999e-08
1988 1.28299e-06
1990 0.413944
1991 4.59909e-12
1992 0.0366705
1993 0.213905
1994 4.34776e-06
1996 1.09584e-05
1997 3.45899e-16
1998 2.85961e-07
2003 0.000175855
2005 9.56549e-05
2007 1.61224e-07
2008 2.10992e-09
2009 0.00014714
2010 0.0235675
2013 0.102995
2014 0.000809982
2016 0.000215513
2017 1.77377e-05
2018 0.014725299999999998
2026 0.131048
2028 0.016115200000000003
2029 1.1614100000000001e-05
2031 0.00134078
2032 0.000127581
2033 0.000870643
2035 0.032915
2038 0.00943867
2040 1.3158600000000001e-06
2041 0.00027372299999999997
2044 2.1816100000000003e-09
2046 0.00076604
2048 0.00041829800000000005
2050 0.00269926
2052 0.000243507
2053 3.80636e-06
2057 0.00164328
2059 0.00158905
2060 0.00235625
2062 0.011458
2065 0.0485772
2066 0.00016376299999999998
2071 0.00836351
2072 0.00801974
2073 0.00557247
2074 0.0228701
2075 0.000611228
2076 0.0276339
2077 0.116664
2078 7.216750000000001e-07
2079 0.014034799999999998
2080 3.3443e-06
2081 0.00347681
2084 0.00172381
2085 0.00018329099999999998
2087 0.11399300000000001
2089 4.14918e-08
2092 0.018716099999999996
2093 0.000894115
2097 0.132931
2100 0.000948148
2103 9.855119999999999e-10
2105 3.34874e-09
2106 2.1830300000000003e-05
2107 0.13500299999999998
2110 0.0025781999999999997
2111 0.0572628
2113 0.00025901200000000003
2115 0.00031635
2118 1.92025e-06
2119 0.166374
2121 0.0574355
2122 0.0905194
2123 0.468898
2127 0.013211500000000001
2128 0.00494207
2130 2.42139e-05
2131 0.00117804
2133 0.011648700000000001
2137 0.0009841989999999998
2138 0.00939789
2141 0.0212882
2143 4.4059e-11
2144 0.0214833
2147 0.00058471
2148 2.3866e-09
2149 0.00020224
2150 0.0005643590000000001
2154 5.02542e-08
2157 2.2066300000000003e-05
2159 0.058511
2160 0.00019398
2161 0.08478989999999999
2162 0.029787099999999997
2164 0.110824
2167 0.0748744
2168 4.64036e-08
2173 0.00108541
2175 5.2397799999999995e-09
2177 3.0379099999999996e-08
2185 1.1103799999999999e-06
2188 0.00285427
2189 0.0563295
2195 0.153408
2198 0.010482700000000001
2200 0.13159200000000001
2203 0.0628302
2204 0.00882769
2205 0.00483569
2206 5.6548e-09
2207 0.00960249
2210 1.1325e-05
2211 0.00479011
2216 1.61256e-06
2217 4.62215e-07
2222 0.00724542
2223 7.2325199999999995e-06
2225 8.453479999999999e-05
2227 8.15557e-06
2229 7.18312e-10
2230 0.156823
2231 0.00328974
2232 0.0102703
2235 0.11837
2236 2.03213e-06
2239 1.89094e-05
2240 0.03388680000000001
2242 5.29702e-09
2243 0.035035199999999996
2245 8.006189999999999e-07
2246 2.93523e-05
2250 0.0891793
2252 0.0571409
2254 0.205319
2258 0.00076611
2262 0.0766383
2264 0.21255500000000002
2269 0.016221700000000002
2271 6.87594e-11
2274 3.45319e-06
2275 4.66246e-05
2282 0.27779
2283 0.00170772
2286 0.0345077
2289 1.71406e-05
2292 1.3822100000000001e-05
2294 1.7543399999999998e-07
2295 0.0181431
2296 0.328235
2297 0.0554178
2298 0.14524700000000001
2299 0.00541613
2301 0.0897067
2303 0.00928266
2304 0.00111045
2309 6.54663e-12
2312 0.00935856
2313 0.000185395
2314 0.00178195
2316 6.02533e-06
2317 0.000184574
2319 1.14022e-07
2322 0.131924
2325 0.00211474
2326 8.56242e-05
2327 0.000624737
2331 0.00416289
2336 4.15074e-08
2338 4.55031e-05
2339 0.000848027
2341 0.00312993
2344 0.00153286
2346 1.7225999999999998e-07
2349 6.56436e-07
2351 6.79302e-07
2353 0.12343
2356 0.0981043
2357 0.00141252
2358 0.00147285
2360 0.00154993
2363 0.010829799999999999
2365 0.241614
2370 3.30636e-07
2379 3.77268e-08
2380 2.2084900000000003e-06
2381 0.00527281
2383 6.54555e-09
2386 0.0006325969999999999
2388 0.026234399999999998
2389 0.32121700000000003
2390 0.000852122
2394 0.120023
2395 0.000106321
2396 0.022431700000000002
2397 2.6957e-06
2398 0.000203489
2399 0.029320299999999997
2400 8.97176e-08
2402 2.3999900000000004e-08
2406 2.6894e-06
2408 0.027478500000000003
2409 0.00485835
2412 0.000130914
2414 0.149797
2416 4.215440000000001e-06
2418 9.6805e-05
2421 0.0007612239999999999
2422 5.43288e-06
2424 2.0758e-06
2426 0.000114375
2428 0.157251
2429 0.10283199999999999
2430 0.0008937460000000001
2431 0.00179962
2432 0.00222991
2434 0.000901058
2438 0.112052
2440 1.10349e-05
2446 4.35366e-07
2447 0.034687199999999994
2449 0.0108685
2451 0.00868182
2453 0.0107123
2455 0.0688041
2457 0.000776612
2463 0.24585500000000002
2464 0.00125542
2467 4.6426800000000005e-08
2469 0.0845645
2473 4.2746899999999996e-05
2474 5.85948e-05
2475 2.86244e-07
2482 0.00162997
2484 0.00111881
2485 0.06617
2486 4.18904e-07
2487 0.00011004299999999999
2488 5.7568400000000005e-08
2489 0.00634126
2495 8.746200000000001e-05
2498 0.0995477
2499 0.08879189999999999
2503 0.026664499999999997
2506 0.355139
2507 2.51966e-05
2509 0.021086
2510 0.000718399
2511 0.00302665
2515 1.8160899999999998e-05
2516 0.119966
2517 2.5951299999999998e-08
2521 7.714060000000001e-07
2522 6.704210000000001e-06
2526 8.18249e-07
2527 1.02284e-07
2528 0.028508999999999996
2530 2.0469600000000002e-10
2531 5.05066e-12
2532 5.55982e-07
2535 0.00938273
2536 0.015132900000000001
2538 0.17793599999999998
2541 0.028702699999999998
2543 0.000418969
2548 3.46391e-05
2550 0.191448
2551 0.112731
2552 0.27663899999999997
2553 0.00192443
2556 0.00121605
2557 3.2039099999999996e-05
2560 0.00451181
2562 0.000134423
2568 2.9512099999999995e-08
2570 0.0406144
2573 0.12504300000000002
2574 0.0474773
2575 0.171211
2576 0.000354945
2577 3.75302e-11
2580 0.000179451
2581 0.19868
2582 0.000620447
2583 0.0058813
2587 0.010948200000000002
2588 0.0995034
2591 0.0822133
2592 3.68905e-08
2596 0.00552449
2597 0.0386317
2601 0.00460416
2602 0.000588388
2604 0.0797115
2607 0.00037281300000000005
2608 0.00990091
2610 0.00590492
2612 3.39655e-07
2614 0.10169700000000001
2616 0.0130131
2617 0.379809
2619 1.72412e-05
2620 0.189878
2622 0.00154799
2623 2.8446600000000002e-06
2624 0.14146199999999998
2626 0.000307104
2628 0.000102048
2629 0.00140069
2630 4.20392e-08
2631 0.000237277
2638 0.26216300000000003
2639 0.0731958
2640 3.5198e-06
2642 0.0012097000000000002
2644 0.0932482
2650 0.21829400000000002
2651 0.0108113
2652 0.113318
2654 0.248739
2655 0.00276632
2656 0.0327881
2660 0.0565602
2661 4.577560000000001e-09
2663 0.005596
2665 0.00171662
2671 0.148047
2672 0.0007606239999999999
2673 0.00813144
2674 0.343459
2676 0.0145808
2679 0.00465721
2681 1.16769e-06
2685 0.027637799999999997
2686 0.000932599
2687 0.175421
2688 1.79395e-05
2692 0.0007910819999999999
2694 0.00736549
2698 6.46477e-07
2700 0.000587521
2701 0.00048776300000000005
2703 0.0038226999999999996
2705 0.0826654
2707 0.00320346
2708 0.0419635
2711 0.000531417
2712 0.00506391
2716 2.10865e-06
2719 0.016682
2720 0.00151261
2724 0.332072
2725 0.0121296
2726 0.0195927
2728 0.109456
2729 1.71919e-08
2731 1.0381e-06
2733 2.885e-10
2736 0.00016521599999999998
2739 8.44203e-05
2740 5.12371e-05
2742 6.1669e-06
2743 0.00423792
2746 0.0006644789999999999
2748 4.04909e-06
2750 0.0490772
2752 0.0241367
2753 0.493838
2754 5.54514e-06
2756 0.006534999999999999
2758 3.82201e-06
2761 0.128486
2764 1.8186e-09
2768 0.00226515
2769 0.0374107
2770 0.00227502
2771 1.3229500000000001e-05
2773 0.0359899
2777 0.403833
2780 0.00331876
2781 0.11352000000000001
2787 0.032199599999999995
2788 0.11130899999999999
2789 0.000109955
2790 0.00010386299999999999
2792 0.013555100000000002
2793 0.000153736
2797 1.74665e-05
2799 0.00808339
2802 0.000188495
2805 0.00626345
2806 3.05344e-08
2808 1.4842e-06
2809 0.181278
2811 1.4650199999999999e-05
2813 0.046751999999999995
2814 2.9433e-07
2818 0.00113758
2819 0.002526
2821 0.0627709
2822 0.000276467
2823 2.69287e-05
2824 0.0101056
2825 1.0820000000000001e-11
2828 0.00103112
2829 0.00011811200000000001
2830 1.24048e-09
2831 0.00124542
2832 3.02475e-05
2837 0.00745778
2839 3.84116e-09
2840 1.5688499999999998e-06
2843 3.60435e-05
2846 0.00930285
2849 0.056392599999999994
2850 0.0736933
2851 0.00440098
2852 0.0135838
2853 0.017022
2856 0.0009503389999999999
2857 9.816e-05
2860 0.000665586
2861 1.50479e-06
2862 0.24826900000000002
2863 0.0110246
2865 5.66265e-05
2871 6.050269999999999e-06
2872 0.0258514
2874 0.00482326
2876 0.0147817
2877 0.0148786
2878 0.00952397
2882 0.00069299
2883 0.22225599999999998
2885 0.010140999999999999
2887 0.330369
2888 0.0712576
2890 3.1756e-06
2892 7.63979e-09
2894 0.00367569
2895 0.00489035
2897 8.26628e-05
2898 1.3133800000000001e-05
2900 3.65774e-05
2902 0.0919437
2903 0.0041312
2904 0.08208489999999999
2905 0.19047
2907 0.195951
2908 8.007519999999999e-06
2909 0.000255702
2911 0.14018599999999998
2918 0.017228999999999998
2920 0.000340916
2921 0.00036634199999999997
2922 2.32421e-05
2923 0.00304672
2925 0.0132335
2926 0.15312
2927 8.459110000000001e-08
2928 0.0393061
2929 7.15966e-05
2930 0.47943800000000003
2936 6.00916e-05
2945 0.10270499999999999
2948 0.000280203
2949 4.45655e-05
2950 0.0155447
2951 0.253895
2955 3.91207e-07
2959 0.000812228
2961 1.81037e-08
2964 0.0392272
2968 2.99368e-08
2970 0.000333138
2971 0.00950866
2972 0.0247176
2973 0.00264733
2974 0.06913810000000001
2979 0.00344714
2980 0.00100727
2981 0.012142100000000001
2982 0.0173458
2983 9.96566e-05
2985 0.00483755
2991 1.48765e-05
2993 0.00022710599999999998
2996 0.00221596
2997 0.033272699999999995
2998 1.3396799999999999e-10
2999 7.2761e-10
3001 1.0571e-05
3006 1.09829e-09
3010 0.00483798
3012 0.0554767
3014 0.00022041700000000001
3016 2.50627e-06
3018 0.032533799999999995
3019 0.0160833
3020 0.121472
3022 0.00320747
3025 0.00018434
3026 0.165771
3029 0.0411204
3030 0.0035735
3033 2.76784e-08
3035 0.049494199999999995
3036 0.0296443
3037 0.028913799999999996
3040 0.016385499999999997
3041 0.203041
3043 0.000647495
3046 4.85422e-11
3048 0.11259100000000001
3049 0.33452800000000005
3050 1.10652e-05
3052 0.00314721
3055 0.000870914
3059 1.0128100000000001e-06
3060 1.066e-06
3062 0.000451179
3067 6.2428e-05
3068 3.0826899999999997e-07
3069 1.21114e-05
3070 0.00174964
3071 0.000441947
3073 9.966299999999999e-07
3075 0.022123
3076 7.74813e-05
3079 0.0751949
3080 0.000121157
3081 0.000665652
3084 0.00420832
3087 6.4021e-05
3091 0.0644976
3095 0.15468900000000002
3096 0.0235083
3097 3.1714699999999996e-05
3099 0.00460934
3101 3.83868e-07
3104 0.000747673
3109 2.96464e-06
3111 8.72059e-07
3113 0.00280834
3114 0.0840135
3115 0.0623851
3119 1.6484800000000002e-05
3123 0.0151293
3125 3.88279e-06
3128 0.0394048
3130 1.0106600000000001e-09
3131 0.06339969999999999
3132 0.0630831
3136 0.036072
3139 0.11241199999999998
3141 0.130708
3143 5.77843e-07
3144 0.011160600000000001
3148 0.014503
3151 2.10802e-05
3152 0.00184087
3153 0.00694259
3156 4.713769999999999e-06
3158 0.311502
3160 0.00034090199999999997
3166 0.00649555
3167 0.0701206
3168 3.26027e-05
3171 0.00140921
3172 0.0195375
3173 0.0998692
3174 0.00823407
3179 0.000835134
3180 0.00876912
3182 0.0156416
3187 0.0163133
3190 2.1033499999999998e-05
3191 9.23893e-05
3192 0.022735
3193 0.00149034
3196 0.09937339999999999
3197 0.042563
3198 0.0192714
3201 0.00190657
3203 1.27811e-07
3206 0.385216
3208 0.00243778
3209 0.00046778099999999996
3212 0.251681
3215 0.00389799
3217 4.81365e-08
3220 5.7838100000000005e-09
3221 0.179076
3222 0.00365728
3224 0.0510419
3225 0.056494100000000005
3226 0.0804016
3227 0.00021479
3230 0.000596125
3232 0.017295500000000002
3234 0.0584692
3235 0.0019851
3237 0.024909999999999998
3238 0.00023736599999999998
3241 0.055020299999999994
3245 0.271327
3246 0.00596145
3248 0.012227799999999999
3249 1.7410299999999998e-08
3251 0.28203
3252 0.11348
3257 7.84652e-08
3263 0.0105443
3264 0.0224342
3265 3.31838e-07
3266 0.00725256
3267 1.3184400000000003e-09
3268 8.69782e-06
3275 0.00770255
3276 2.43285e-05
3277 0.00262574
3278 0.0409676
3281 0.00234505
3283 0.00200763
3286 2.90937e-07
3287 6.47635e-05
3288 0.0307467
3289 0.00100255
3291 0.00130711
3295 0.00126054
3297 0.284704
3298 0.000881849
3302 2.44505e-08
3304 0.000291842
3305 3.06164e-06
3306 2.8395299999999996e-10
3309 0.00549679
3310 0.00203283
3312 8.61292e-06
3314 0.032026
3315 2.49446e-06
3317 0.0159864
3318 0.000140109
3319 0.08644410000000001
3321 2.56648e-07
3322 0.127244
3323 0.26074899999999995
3324 0.0364959
3326 0.00034700000000000003
3328 0.000262914
3329 0.05337619999999999
3332 0.000308995
3333 9.41548e-07
3334 0.000163385
3340 0.0107869
3341 0.0653257
3342 3.54018e-05
3345 0.34060799999999997
3346 8.09892e-06
3347 0.00576945
3348 7.69496e-07
3352 0.026066000000000002
3353 7.321360000000001e-10
3357 2.1143e-11
3358 1.2516199999999999e-05
3361 0.000456126
3364 3.113e-07
3366 6.95604e-05
3368 0.00592932
3371 0.00825319
3372 4.00175e-05
3375 6.32045e-07
3378 0.055520400000000004
3381 3.02654e-06
3383 0.06252569999999999
3384 0.046276
3385 0.030838099999999997
3387 1.31876e-10
3388 0.0001214
3389 0.00907795
3393 2.02701e-05
3394 4.86485e-07
3399 5.78613e-07
3400 1.46989e-05
3402 0.0004922290000000001
3405 2.00887e-09
3409 6.105210000000001e-07
3411 0.00149953
3414 7.1101e-07
3418 0.060009400000000004
3423 0.125796
3426 0.0246663
3427 0.00491216
3428 3.38386e-05
3431 0.047112400000000006
3432 0.00720884
3434 0.010765299999999998
3437 0.0241184
3438 0.282682
3440 0.00276901
3442 0.037700199999999996
3445 2.18643e-05
3446 0.020958599999999997
3447 0.00427169
3448 0.00031283
3454 0.061734800000000006
3456 2.10417e-07
3457 8.0596e-05
3459 0.08974910000000001
3460 1.2615100000000002e-06
3463 0.0812818
3467 6.19426e-11
3471 0.00206237
3472 0.25507199999999997
3473 0.0857703
3474 3.03481e-08
3475 0.000236801
3476 0.125303
3478 0.014063299999999997
3479 0.00609489
3480 0.00195913
3481 0.00119503
3482 0.0234057
3483 0.10366099999999999
3485 0.0915263
3486 0.000385341
3488 0.0043754
3490 0.0910276
3494 3.3845300000000004e-06
3495 0.00217224
3498 0.000755815
3501 0.000133367
3502 0.34972
3503 2.52803e-08
3504 0.00355618
3505 1.2737399999999999e-08
3507 0.06502899999999999
3512 2.2593800000000002e-07
3513 2.44931e-05
3514 2.05625e-06
3515 0.00031630000000000004
3517 7.56357e-05
3520 0.0208192
3523 3.30917e-07
3526 0.24712199999999998
3527 0.000477645
3531 0.000155407
3532 0.256262
3533 0.00107633
3534 6.963159999999999e-09
3535 2.10464e-05
3538 1.9922699999999998e-05
3540 0.053882799999999995
3541 0.150595
3542 4.10933e-06
3543 0.000570629
3544 0.142938
3545 1.13461e-07
3547 2.89761e-06
3552 2.68571e-06
3553 2.1749099999999997e-08
3557 0.0192019
3558 0.014306600000000001
3559 0.00848903
3560 8.927940000000001e-05
3561 0.024326
3562 0.025028
3563 0.0131984
3568 3.6158800000000003e-06
3569 0.00148054
3570 6.18126e-07
3571 0.0005692830000000001
3572 1.8991199999999998e-10
3573 0.228408
3574 8.226040000000002e-09
3578 4.24631e-07
3579 0.00806592
3581 0.0482144
3582 0.29819
3583 0.00978133
3584 0.0010211999999999999
3590 0.134002
3591 0.303585
3592 0.0418611
3595 0.024657299999999997
3598 0.053135699999999994
3600 0.00557562
3601 5.502590000000001e-08
3602 0.0131429
3607 1.3846500000000002e-07
3610 0.000749155
3612 0.10501300000000001
3613 0.0285942
3615 0.000515594
3616 0.534061
3617 0.05914540000000001
3619 0.0219953
3624 0.0675504
3626 5.74384e-05
3630 3.3549799999999995e-07
3631 0.0160197
3633 0.00143909
3637 1.63619e-05
3641 0.13409200000000002
3643 0.022737900000000002
3647 1.53019e-05
3649 0.07911610000000001
3650 0.047450099999999995
3652 0.00247497
3653 8.29695e-05
3659 0.00397915
3661 0.00024613099999999996
3665 0.07104730000000001
3666 3.14342e-08
3668 0.0213392
3670 2.85301e-10
3672 0.05895369999999999
3676 0.437154
3677 5.80008e-06
3680 0.00554082
3682 2.94929e-05
3683 1.87947e-09
3686 0.000129281
3687 4.54322e-05
3689 3.9684e-07
3692 0.00257124
3693 0.00741163
3697 0.00171837
3701 0.00018297299999999998
3702 0.00551998
3707 0.235832
3710 9.09053e-05
3712 0.0422349
3715 3.7684800000000004e-07
3716 0.45044399999999996
3718 7.045990000000001e-07
3719 1.73963e-05
3720 0.046565300000000004
3723 0.00364225
3724 0.004253
3725 0.021947900000000003
3726 0.000411452
3728 0.00698288
3730 4.95306e-09
3731 0.00413329
3733 1.8609999999999998e-06
3734 0.0642698
3736 0.039933699999999996
3737 0.0243546
3738 0.18244000000000002
3739 0.00729417
3741 0.000612645
3742 0.058852999999999996
3744 0.00571206
3745 0.204044
3746 9.54549e-09
3747 0.039991399999999996
3755 0.0768215
3756 0.015475399999999999
3757 0.00223765
3761 0.347199
3762 0.00266219
3764 0.000554904
3765 0.000713683
3766 6.3349e-06
3768 0.000168768
3769 1.9234e-09
3770 0.00189906
3771 0.048184899999999996
3775 0.047465499999999994
3776 0.000250805
3777 1.06995e-06
3778 0.00565421
3782 0.00446283
3785 0.000866274
3787 1.04151e-05
3789 0.00192792
3794 0.05727
3795 1.18531e-05
3799 0.0859803
3800 0.0284717
3801 1.03279e-05
3802 0.0005352530000000001
3804 0.00044343199999999995
3805 0.00263729
3810 6.3732e-06
3812 0.00279923
3813 3.7225100000000004e-05
3815 8.25798e-06
3816 9.1337e-06
3819 0.017863099999999996
3822 1.42143e-11
3823 0.000113176
3825 0.0157995
3829 2.74274e-06
3831 0.0656755
3832 0.00346605
3833 4.78703e-09
3836 0.000744557
3839 0.00252803
3840 1.13432e-06
3841 0.00154846
3842 1.37011e-07
3843 8.37306e-06
3850 0.00637646
3851 0.00047864800000000003
3852 0.0142512
3853 0.0908471
3854 0.00850649
3858 0.0508543
3862 0.0767069
3864 7.692239999999999e-10
3867 0.0230804
3870 0.0015787000000000002
3873 3.2714500000000004e-07
3875 0.00809859
3878 0.000151066
3880 0.00165941
3881 0.298082
3882 0.0471165
3883 3.49073e-07
3884 0.0185274
3888 0.014647899999999998
3892 7.988919999999999e-08
3893 4.7257699999999996e-08
3894 0.00517775
3896 0.0428951
3897 0.0327289
3900 0.000164301
3901 0.000753223
3902 0.0432867
3903 0.05872719999999999
3904 0.0181889
3906 0.000212799
3908 3.78642e-06
3909 0.023239
3910 2.77249e-05
3914 2.8729e-06
3916 1.46928e-05
3917 1.1611200000000001e-08
3920 0.090647
3922 0.00266428
3925 0.000524495
3927 0.00356259
3928 0.00083333
3929 0.00342214
3930 0.000431771
3931 0.0181151
3933 0.00295398
3934 0.027497300000000002
3938 6.87106e-05
3940 6.52487e-05
3942 0.154755
3943 0.032057999999999996
3944 0.0776801
3950 0.0560477
3951 0.027438599999999997
3952 2.24832e-08
3955 0.05975319999999999
3958 0.0306959
3959 0.158395
3962 4.8973e-05
3964 0.00393496
3967 0.00064874
3968 0.00893262
3972 0.00367678
3975 0.0144839
3976 6.83014e-09
3977 0.00139214
3978 0.0122908
3980 0.00979931
3981 0.00424803
3982 0.00177175
3985 2.00423e-09
3989 4.26158e-07
3995 0.036153899999999996
3999 0.000139275
4000 0.0171919
4001 0.00694931
4002 0.0251019
4004 0.180532
4006 0.00140385
4007 0.000293208
4018 3.23808e-07
4021 0.00020100400000000002
4022 0.0007850289999999999
4024 0.000409607
4026 1.45787e-06
4027 0.000280254
4029 0.05651849999999999
4030 1.17746e-07
4032 0.00212718
4036 1.8945300000000003e-10
4038 0.00207694
4040 0.406931
4041 0.11509100000000001
4042 0.0485434
4043 0.00028473400000000003
4044 0.0803756
4045 0.00215946
4048 0.000766563
4049 0.0738453
4050 9.60998e-11
4053 0.300591
4054 0.150827
4055 0.00267179
4056 0.00024112099999999998
4059 3.31252e-07
4061 0.12069500000000001
4062 0.0183845
4063 0.0176488
4064 0.00269786
4065 2.51929e-05
4068 0.0573113
4070 3.5877099999999995e-10
4071 1.02258e-06
4072 0.0244638
4074 0.10553199999999999
4078 5.8886899999999993e-05
4079 0.0145338
4080 2.35108e-06
4081 0.00463338
4083 7.037270000000001e-13
4084 0.00541069
4086 0.0199015
4088 2.9820799999999997e-06
4090 0.0028238000000000004
4094 3.20916e-07
4096 0.00442006
4097 2.03445e-07
4098 0.184887
4099 1.1180999999999998e-05
4101 0.00600059
4103 0.000168359
4104 0.000234043
4107 0.00154647
4109 0.131909
4112 0.00347867
4114 0.0011048
4115 1.03816e-05
4116 0.0330653
4118 0.0179695
4119 0.45344799999999996
4123 8.10097e-05
4124 1.12551e-06
4125 0.00404178
4126 0.0007377680000000001
4127 0.08200489999999999
4128 0.06983439999999999
4130 0.00272006
4132 0.058575699999999994
4134 0.00101481
4139 0.0198639
4144 0.000139757
4147 0.000124785
4151 0.000598451
4153 1.83931e-05
4154 1.37625e-05
4155 0.00105952
4156 0.00252446
4157 0.0082299
4159 0.0424
4160 3.38593e-07
4161 3.64854e-05
4162 0.000389014
4165 0.0059721
4166 0.00362897
4167 3.30746e-06
4172 5.59333e-05
4173 0.162331
4175 0.021834
4176 3.81335e-12
4177 0.0111701
4179 0.0471955
4180 0.07596699999999999
4181 3.7843400000000005e-08
4182 1.83899e-06
4183 6.09023e-06
4184 0.323013
4187 0.00145747
4188 0.000217543
4197 0.06611080000000001
4198 4.43228e-06
4199 4.26183e-07
4202 0.013746000000000001
4206 6.58109e-08
4207 0.116879
4208 7.65502e-05
4210 0.040147800000000004
4211 0.00181241
4213 0.0660977
4214 1.54246e-07
4216 0.00303154
4217 6.20223e-11
4218 0.0261684
4219 0.11651700000000001
4222 0.314446
4225 5.33234e-09
4226 0.00873015
4227 0.000393813
4233 1.63123e-06
4234 0.00333287
4235 2.3360100000000004e-05
4236 0.000674188
4238 0.00476291
4240 0.00271412
4243 8.12796e-06
4245 3.54921e-05
4248 0.0249799
4249 1.21658e-05
4250 0.0169655
4251 1.42984e-14
4252 0.0723251
4254 2.58019e-11
4260 0.000587769
4261 2.3425700000000002e-05
4262 0.287411
4266 0.000329536
4267 0.00544476
4268 0.00155985
4276 0.0700241
4277 0.0201518
4278 1.84505e-05
4282 0.0039622
4285 0.134497
4288 0.00507403
4289 0.079288
4290 1.14744e-06
4294 0.000655077
4297 0.0119321
4299 4.09187e-08
4301 3.7779e-05
4302 4.3687399999999997e-07
4305 4.2933100000000004e-05
4306 0.012071799999999999
4308 0.00340346
4309 0.0178591
4311 0.165644
4313 1.4388699999999998e-05
4314 3.40327e-07
4316 0.341834
4317 0.0007119289999999999
4319 0.0791998
4320 6.49406e-07
4324 1.26375e-08
4328 0.00511452
4330 2.86546e-06
4332 0.00669838
4334 0.10695299999999999
4335 6.28253e-09
4336 0.026824200000000003
4337 5.2394600000000005e-08
4340 4.58971e-08
4342 0.000477481
4343 0.00483582
4344 7.58357e-07
4348 0.0432226
4350 1.6625599999999998e-08
4353 1.99421e-05
4355 0.050075800000000004
4357 0.017569799999999997
4358 0.000128751
4362 4.5826800000000004e-12
4363 0.0280096
4366 0.007519800000000001
4373 0.00593272
4374 6.491630000000001e-09
4375 2.01185e-05
4377 0.00709415
4378 0.00790436
4381 0.00299807
4382 8.766439999999999e-08
4383 0.00144676
4385 0.216219
4388 4.82577e-07
4393 0.00024290099999999998
4394 1.79454e-10
4395 1.2300899999999998e-08
4398 2.8171100000000002e-05
4399 0.0049316
4400 6.886039999999999e-10
4401 0.00181115
4402 2.68984e-10
4403 3.56732e-17
4406 3.15835e-11
4407 0.000153466
4408 0.161102
4410 0.0757484
4412 0.00652847
4413 2.81754e-08
4414 3.47643e-07
4415 1.10506e-06
4416 9.09111e-05
4417 2.13323e-07
4418 0.0033271999999999998
4419 0.0616927
4420 0.0205253
4422 0.00305053
4425 7.42225e-14
4426 2.10058e-08
4427 0.000630289
4428 0.0898061
4431 0.0521922
4435 0.10533499999999998
4440 0.0711558
4442 0.00017487400000000002
4443 0.161053
4444 0.000359435
4445 2.2847800000000002e-05
4447 0.0012491
4448 1.4401899999999998e-08
4449 0.0440774
4451 0.00499899
4453 1.14615e-06
4454 0.00195576
4456 7.96173e-05
4458 6.1302999999999996e-06
4460 0.000109146
4461 5.97593e-08
4462 1.95967e-05
4465 0.0323661
4467 6.90153e-05
4469 0.0194122
4472 0.00092374
4473 4.58385e-09
4475 7.02419e-05
4476 0.066901
4477 0.00176116
4478 1.98263e-07
4480 0.060292599999999995
4482 0.0737551
4483 1.62604e-05
4485 0.0900326
4486 0.00543057
4489 0.0340718
4491 0.197804
4492 0.0008706639999999999
4497 0.16632
4501 0.107938
4503 3.64667e-07
4504 0.000622976
4505 9.434489999999999e-07
4506 0.469604
4511 0.010739299999999999
4513 0.010749
4515 0.00264618
4516 0.00034139
4521 1.09717e-05
4522 0.000827843
4523 0.00361788
4525 0.010569799999999999
4529 2.09191e-07
4531 0.000205687
4533 4.99879e-05
4534 0.000154351
4536 0.0321507
4538 0.0031848000000000002
4541 1.57367e-06
4543 6.709730000000001e-06
4545 0.000352621
4546 0.000337169
4547 3.84983e-06
4550 0.00489491
4554 0.00030345400000000004
4556 1.8893299999999998e-06
4557 0.0018061
4559 0.00517665
4560 3.09685e-06
4561 0.00379643
4564 0.000331935
4567 0.116592
4568 3.7992199999999997e-06
4569 0.020733500000000002
4572 0.00019711200000000002
4573 0.00019093
4575 0.12825
4577 0.000442626
4578 4.0141999999999995e-07
4580 8.90453e-05
4582 0.00211521
4583 0.000683401
4586 3.85389e-05
4589 0.000761116
4590 0.06310990000000001
4593 0.0503161
4594 0.0581391
4596 0.00128034
4598 0.0407291
4599 2.24207e-05
4602 6.5701e-06
4603 0.000191421
4608 0.00042929400000000004
4610 0.00136617
4613 0.000898025
4614 0.000611906
4615 0.000539843
4616 0.0287784
4617 0.00146962
4619 0.00110772
4620 0.114074
4621 0.0547869
4624 2.1045100000000003e-05
4629 0.159769
4633 0.00762124
4635 0.00860359
4637 7.570800000000001e-14
4638 2.6971e-07
4639 0.0507551
4640 0.023226
4641 3.02577e-06
4642 0.0175396
4645 6.999920000000001e-09
4646 0.0339062
4650 5.7562300000000005e-06
4657 0.0227103
4658 0.347099
4659 0.15143
4661 0.00289085
4663 1.68796e-06
4664 0.08458810000000001
4665 1.04735e-06
4666 4.191780000000001e-08
4667 2.45083e-05
4668 0.0579771
4669 0.00704226
4670 0.00157992
4677 0.245702
4678 0.000352074
4680 6.783439999999999e-10
4681 4.36388e-05
4684 7.33191e-05
4688 1.8142e-11
4690 0.0296353
4695 0.25151999999999997
4696 0.014644200000000001
4697 1.2276e-10
4698 0.00789588
4700 0.0008830180000000001
4703 2.34971e-07
4704 0.063829
4709 0.0429833
4711 1.38926e-07
4712 0.26116999999999996
4713 0.015359399999999999
4716 0.00991763
4717 0.00880258
4720 0.07688980000000001
4721 0.043307
4724 5.32297e-09
4725 1.2991e-05
4726 0.0322529
4728 0.00798501
4729 6.60252e-06
4730 7.70283e-06
4731 0.0371473
4733 0.0392601
4734 0.000245654
4736 0.000608664
4738 0.000991959
4739 0.0815401
4740 0.0493027
4741 0.0008064639999999999
4744 0.021962400000000003
4745 8.268260000000001e-10
4749 0.00264353
4751 4.9117e-06
4752 0.000269067
4755 0.0006426030000000001
4756 4.3684700000000005e-05
4757 2.3538200000000003e-08
4758 0.00122805
4759 0.00171748
4762 1.63966e-08
4763 0.00010732799999999999
4764 0.0027138
4765 2.3961e-05
4766 0.0120412
4767 0.010787200000000002
4769 0.00532278
4771 0.11887
4772 4.208e-07
4774 0.000818701
4775 0.00690903
4778 0.00863641
4780 5.28586e-07
4781 0.168724
4784 9.831629999999999e-05
4787 0.00462492
4791 0.11243800000000001
4795 0.000934705
4798 0.00719741
4800 8.30878e-08
4802 4.96128e-07
4803 0.00045111
4804 0.0117301
4806 3.44912e-05
4807 0.048813199999999994
4809 9.88591e-06
4810 1.29695e-06
4811 0.000431684
4813 0.30182800000000004
4817 0.00135955
4819 0.019299599999999997
4820 0.293055
4821 0.00254998
4822 4.43955e-07
4824 1.2868000000000001e-10
4827 0.000287446
4829 1.0421899999999999e-06
4833 1.72412e-06
4835 9.78655e-05
4838 0.0198968
4843 1.0423e-06
4844 0.00236563
4845 4.02613e-05
4847 0.000141843
4851 0.019965
4853 0.0016651
4854 2.5349299999999998e-05
4855 0.08785950000000001
4858 0.00506797
4860 7.8035e-08
4861 2.9373000000000003e-10
4862 0.042815399999999997
4864 0.025824400000000004
4865 0.00045787400000000004
4870 1.09412e-05
4871 0.00018826799999999998
4874 0.009218200000000001
4875 0.00031992
4877 0.0576275
4880 0.0700036
4881 0.09432439999999999
4883 5.552130000000001e-06
4884 0.00797961
4887 0.010475499999999999
4888 0.00588467
4889 0.0383244
4891 1.55193e-06
4892 0.013990700000000002
4893 0.170484
4894 0.12329200000000001
4899 0.0335542
4900 0.00467173
4901 0.000617068
4904 9.80544e-09
4906 0.00010556899999999999
4908 0.05748330000000001
4909 5.8097e-09
4914 0.00046946900000000003
4915 6.36063e-09
4917 7.392770000000001e-09
4918 0.000651486
4919 0.018556700000000002
4920 0.038183999999999996
4921 8.007680000000001e-07
4922 0.0352518
4923 0.031911
4924 2.55971e-09
4925 0.0906515
4927 1.34996e-05
4930 0.0184801
4932 0.008925299999999999
4933 5.20771e-06
4934 0.00156837
4937 0.00019735599999999999
4940 8.233139999999999e-08
4941 0.0152642
4942 6.41193e-08
4944 0.026652
4945 0.0220308
4947 0.0544447
4949 0.000580652
4952 2.93316e-05
4957 0.00397454
4959 0.00087962
4964 0.042549199999999995
4965 0.000190977
4969 0.000169918
4970 9.39862e-06
4971 0.027717900000000004
4975 0.000636197
4978 0.00641345
4979 3.11834e-06
4980 0.00527103
4981 5.89966e-11
4988 0.00239434
4989 5.7661e-06
4993 0.021047
4996 8.249420000000001e-10
5000 2.7086400000000005e-06
5002 1.71315e-05
5005 6.6316499999999994e-06
5008 2.9037399999999997e-09
5009 0.00011791799999999999
5010 0.00630134
5011 2.38687e-06
5012 0.22114699999999998
5013 1.2629300000000001e-05
5015 3.4444699999999994e-06
5017 0.029608999999999996
5019 0.047589400000000004
5021 3.69301e-10
5022 2.15126e-05
5025 0.0214354
5030 4.75481e-12
5031 0.00268968
5034 0.0115468
5035 1.9629e-12
5038 0.06636900000000001
5040 0.15248
5041 0.00106638
5043 0.018103
5044 0.139603
5046 1.58047e-09
5048 6.69936e-06
5049 0.0348517
5050 0.012399799999999999
5051 0.00110245
5053 0.00202944
5059 0.0031152
5060 0.08551929999999999
5066 8.780900000000001e-06
5069 5.43167e-05
5070 4.4101300000000004e-05
5074 0.00241623
5075 1.4414100000000001e-08
5076 0.00194121
5080 3.8839999999999996e-06
5082 0.310397
5083 2.35277e-08
5087 7.89408e-11
5088 0.048098199999999994
5089 0.0010302
5091 3.1906999999999996e-07
5092 0.00640707
5095 0.0129398
5096 3.87138e-07
5098 1.24947e-05
5099 6.03089e-06
5100 0.11791700000000001
5103 0.0610115
5105 1.74505e-07
5106 0.00365644
5109 0.000738359
5112 4.37329e-05
5113 0.0090254
5115 3.2665e-09
5117 0.0352258
5118 0.00334331
5119 0.0010588
5120 1.87774e-05
5123 1.3039400000000001e-05
5125 1.01928e-06
5126 0.000381214
5127 0.166883
5132 0.00913473
5133 3.15995e-08
5137 3.24504e-05
5139 0.000168702
5140 0.07566289999999999
5141 0.06417830000000001
5142 5.0663e-06
5147 0.000288616
5148 0.0686447
5149 0.035169099999999995
5151 0.0628875
5152 0.0271913
5154 2.87807e-09
5155 0.00208237
5157 2.51191e-09
5158 7.52572e-05
5162 3.16873e-05
5163 5.1792299999999995e-05
5164 4.431790000000001e-06
5165 0.0862696
5166 1.80317e-07
5167 0.0278096
5170 0.000365814
5172 0.00186799
5174 0.017812099999999997
5178 1.00244e-05
5180 0.044182400000000004
5182 0.00397551
5184 0.0752058
5187 0.00645095
5188 2.23166e-07
5192 4.71565e-08
5193 0.08333510000000001
5194 0.00196639
5196 0.00559417
5197 1.3307899999999999e-08
5198 0.0037463
5200 0.020134799999999998
5201 0.020335699999999998
5204 3.526869999999999e-10
5205 0.042268
5206 0.0195571
5207 2.6464499999999997e-05
5211 2.8864299999999997e-05
5213 0.000380065
5216 0.00104443
5218 0.13741199999999998
5221 0.046435500000000005
5225 0.0162425
5226 0.0605513
5227 0.0045735
5228 0.00100087
5232 1.1561e-06
5233 0.137299
5234 0.00200241
5235 0.014753799999999997
5237 0.00239601
5238 3.67355e-08
5240 5.6254599999999995e-06
5241 0.00456006
5243 0.00040425
5247 1.8776800000000002e-07
5249 0.0006937989999999999
5250 0.00429407
5251 0.0961506
5252 0.00836375
5255 0.170235
5256 3.0633400000000004e-05
5261 0.10254100000000001
5265 2.5182599999999996e-08
5266 0.14239100000000002
5271 5.57063e-07
5272 5.14558e-06
5275 1.8205599999999997e-06
5276 0.00138997
5277 0.00363508
5279 0.0435721
5280 0.00011420299999999999
5282 1.58589e-12
5284 1.51699e-05
5286 0.02891
5287 4.38893e-05
5289 0.00019916400000000002
5291 0.07114619999999999
5294 9.37559e-06
5295 0.07646900000000001
5296 1.0595499999999999e-05
5299 0.00108997
5300 0.0201411
5301 1.25411e-07
5302 0.00184837
5308 0.0168051
5309 3.18027e-05
5313 0.06227180000000001
5316 0.000181465
5317 0.00145252
5321 0.00906828
5322 0.0398869
5323 0.011822200000000001
5324 0.00016305899999999998
5329 0.0550472
5330 7.1467e-07
5332 0.000670875
5333 5.18094e-05
5334 0.000270493
5335 0.00131933
5339 1.4193399999999999e-05
5341 0.00243556
5342 0.00228497
5347 0.0006094280000000001
5353 0.026235200000000004
5354 1.0144299999999999e-07
5356 0.00814078
5357 0.00458738
5359 0.00176766
5361 0.00203954
5362 0.136936
5364 1.1416500000000001e-14
5366 0.034088400000000005
5372 0.0007864430000000001
5375 0.0234275
5376 0.00276447
5377 0.111296
5381 0.00162684
5382 0.00184785
5386 0.131942
5390 8.70001e-06
5392 0.000373006
5394 0.11331300000000001
5399 0.0195028
5400 0.00541729
5401 1.1344e-10
5402 0.00364483
5403 7.9569e-06
5409 0.00128981
5411 0.00968692
5412 1.1530799999999999e-06
5415 0.028225099999999996
5422 5.64734e-08
5425 0.0383351
5426 0.0541366
5427 0.00238668
5428 2.3576499999999998e-06
5432 1.40492e-07
5435 2.3181700000000002e-05
5437 5.7014e-09
5442 0.0647995
5443 0.0181577
5444 0.00655198
5446 0.0234053
5447 0.00340245
5449 0.0697687
5452 2.68254e-06
5456 0.00470771
5458 0.000688484
5459 0.0747966
5460 0.164037
5462 0.00123333
5463 5.10153e-08
5464 0.010933499999999999
5466 0.00125251
5468 4.31144e-08
5472 0.00286461
5473 0.220671
5474 0.0614462
5476 0.00670057
5477 0.027786599999999998
5479 1.26304e-08
5480 1.2375599999999999e-05
5482 0.035005699999999994
5484 1.74844e-07
5488 0.000574272
5490 0.039541
5491 0.0043831
5492 4.06948e-05
5493 1.45314e-10
5494 0.0303207
5495 6.86892e-13
5498 0.0962184
5500 0.19181900000000002
5501 3.27312e-09
5502 0.00023678
5503 3.14759e-07
5504 2.8324599999999997e-06
5505 0.030315199999999997
5506 4.66398e-07
5512 0.0171092
5513 7.93319e-06
5516 2.07648e-06
5520 8.99683e-08
5523 9.20502e-09
5525 0.000267032
5528 0.0411464
5529 0.00527591
5532 0.000141602
5533 0.07642869999999999
5534 1.2553299999999998e-10
5537 0.00678693
5538 0.0657632
5540 1.43916e-08
5543 0.00999969
5545 0.510139
5546 0.045935699999999996
5548 0.0832663
5551 0.0845402
5553 1.62196e-06
5555 0.30501100000000003
5556 0.0180834
5557 0.000501143
5558 9.108280000000001e-07
5560 7.41392e-05
5561 2.46658e-05
5562 0.00192648
5564 0.00378752
5565 0.065913
5567 3.97439e-05
5569 0.00033743
5570 0.014679900000000001
5571 3.2705e-07
5572 0.0129458
5575 2.0701e-09
5578 0.025084
5580 0.00358043
5581 0.00359653
5587 0.0740747
5589 0.293082
5594 0.0022075
5595 5.08526e-06
5596 0.0298944
5597 0.273335
5598 4.87213e-10
5602 0.00678469
5604 1.47604e-05
5607 0.00714622
5610 0.00293232
5612 0.0431417
5616 0.000133602
5617 0.00076668
5619 3.85799e-07
5621 0.000153706
5622 0.0196114
5623 0.485806
5626 7.385899999999999e-07
5627 1.31543e-05
5628 0.0162408
5632 0.00374345
5633 0.00366851
5634 0.129902
5635 1.62031e-05
5638 0.0292621
5642 0.0208177
5643 0.000447322
5646 0.111133
5649 5.88852e-08
5650 0.0486124
5651 0.051378599999999996
5656 0.19061
5659 1.9327599999999997e-06
5661 0.141353
5663 5.5559500000000006e-06
5665 0.512379
5666 0.00555314
5667 0.000507059
5670 4.02205e-06
5671 0.00154913
5673 0.000488637
5675 0.0829248
5677 0.11594700000000001
5678 1.5164899999999998e-07
5681 0.00451509
5683 7.551630000000001e-05
5684 0.0259168
5688 5.50799e-05
5689 2.09013e-06
5690 2.56895e-07
5691 0.0228888
5692 0.00252361
5694 3.0971699999999997e-10
5698 0.00400852
5703 0.0721898
5706 1.3465899999999999e-06
5707 0.000398279
5708 0.00741375
5709 3.42231e-05
5711 2.4929899999999997e-05
5712 0.00186867
5717 0.0566733
5720 2.1571500000000002e-05
5721 0.0547466
5722 0.00837527
5724 4.357619999999999e-06
5725 0.11271199999999999
5726 0.000260969
5727 0.295739
5733 2.2140100000000002e-05
5734 0.19303399999999998
5737 7.255580000000001e-09
5739 4.3839499999999994e-08
5744 1.38414e-07
5745 0.143768
5746 6.15877e-07
5748 0.0753201
5750 4.14488e-06
5751 6.602260000000001e-06
5753 0.0665645
5754 0.265112
5758 0.000821007
5759 5.48735e-06
5763 1.97242e-06
5766 0.011545399999999999
5767 0.285088
5770 5.18839e-09
5771 0.00428574
5772 0.000205453
5774 0.0007704210000000001
5775 5.5143000000000006e-08
5776 0.00189649
5777 0.000320759
5778 0.109154
5785 0.021181000000000002
5787 0.000183423
5792 0.13804
5793 1.6496599999999998e-06
5795 0.000301017
5797 0.00120032
5798 7.723200000000001e-06
5800 3.61637e-05
5801 0.011313600000000002
5802 1.34244e-05
5804 0.0628701
5807 0.42311000000000004
5808 0.0810187
5809 1.88267e-07
5810 0.00234586
5816 3.3310700000000006e-09
5820 0.00193618
5822 0.00656764
5823 0.0370779
5827 0.0764994
5832 0.00983535
5833 0.00107342
5834 0.000154483
5835 0.0196425
5837 6.438880000000001e-07
5842 1.12239e-09
5844 0.355679
5846 0.015044899999999998
5847 1.4186400000000001e-06
5848 2.85141e-05
5849 0.139998
5855 4.72395e-11
5857 0.00229135
5858 0.00535523
5862 3.29018e-07
5865 0.00058146
5866 0.00018863700000000002
5869 1.1612e-05
5870 4.16585e-11
5871 0.0232095
5872 0.000279934
5876 0.00394116
5880 1.28396e-06
5882 0.00402327
5883 0.046650800000000006
5886 0.000494071
5887 0.00161031
5890 0.0004884490000000001
5891 1.4978900000000002e-05
5892 0.0605852
5896 0.0967621
5898 0.028146299999999996
5900 8.42614e-05
5902 0.00135803
5904 3.6217900000000004e-06
5907 0.039051800000000005
5913 0.024334099999999997
5915 3.41128e-05
5916 0.00645872
5921 0.135047
5922 0.00186928
5924 0.0024555999999999996
5925 0.000105426
5926 0.17877
5927 6.390310000000001e-05
5929 2.7277899999999997e-09
5931 0.0029291
5932 6.73207e-06
5933 5.7449e-05
5934 0.00167145
5935 0.23004000000000002
5936 0.0578903
5937 0.000935233
5939 0.0517271
5941 0.482984
5942 0.0397785
5943 0.0115485
5944 0.00929678
5945 0.18948299999999998
5946 0.034260000000000006
5949 0.003144
5950 9.509889999999999e-08
5953 0.0215685
5955 0.0239366
5957 0.00778494
5958 0.029564499999999997
5959 1.1684399999999999e-08
5962 0.00020742400000000003
5965 0.000358397
5966 0.111659
5967 0.00443322
5969 0.025253900000000003
5972 0.139376
5973 0.00895383
5974 9.50579e-09
5976 0.0441273
5977 0.000116103
5978 9.76908e-05
5982 0.0957696
5986 1.8984400000000002e-07
5987 0.0006442630000000001
5993 0.20016099999999998
5994 0.194967
5997 0.0696474
5999 5.23525e-07
6002 0.00224626
6003 3.7458100000000004e-07
6006 2.94139e-05
6007 0.00544334
6008 0.00513934
6010 0.331579
6013 0.00611408
6014 2.08749e-05
6015 0.00013966
6016 2.59909e-06
6017 1.35118e-10
6019 2.01475e-07
6021 8.92098e-06
6022 0.00018936400000000003
6024 2.28629e-06
6031 0.128685
6032 2.5249e-05
6034 4.855569999999999e-08
6036 0.08114199999999999
6037 0.00667378
6039 0.0102897
6040 0.10797000000000001
6044 0.0101121
6047 0.00926532
6048 4.11508e-06
6049 0.042275400000000005
6050 0.0918696
6051 0.00196497
6052 0.00930265
6053 1.53971e-08
6054 0.00010841799999999999
6056 0.00607246
6057 0.492468
6059 0.000236811
6060 0.109527
6063 0.000208921
6064 0.00213564
6068 0.051355099999999994
6072 0.00364447
6075 0.495642
6076 0.0174671
6077 1.94173e-05
6080 1.7411e-05
6081 0.175483
6082 6.55852e-09
6083 1.9781199999999998e-09
6085 0.00161871
6086 0.0874634
6087 0.08056419999999999
6090 0.000765747
6092 0.137915
6093 0.135166
6094 0.000792709
6099 0.00141059
6101 0.0513767
6102 0.01064
6106 0.0641553
6109 7.6302e-05
6110 0.011490100000000001
6112 0.000190559
6113 0.000113193
6114 0.039092699999999994
6115 0.028393
6116 4.5287799999999996e-07
6118 0.00127523
6119 1.55806e-08
6121 1.6932299999999996e-10
6122 0.000117146
6126 0.197601
6127 3.99604e-05
6132 8.71781e-14
6137 6.46915e-08
6138 1.53785e-06
6142 0.051732600000000004
6143 0.00963327
6144 0.00659157
6145 0.00152252
6147 0.13694800000000001
6149 0.0297665
6152 0.035525
6154 3.0487800000000003e-05
6155 1.68738e-05
6157 0.00640059
6160 0.00128941
6164 8.2714e-05
6165 1.8182e-06
6167 0.0296387
6168 0.161911
6169 0.156405
6173 0.0250958
6178 0.000862337
6182 0.000242135
6186 0.0185711
6191 4.19172e-07
6192 2.2478099999999997e-06
6193 4.80845e-07
6194 0.00011358299999999999
6195 0.157904
6197 0.000373046
6199 6.13634e-07
6200 0.00169141
6204 0.0050624
6205 0.000544521
6207 0.00236652
6211 0.307284
6213 2.5200400000000003e-06
6217 0.130486
6226 0.0110014
6227 0.00218897
6228 2.26334e-06
6231 0.00104235
6232 0.000267169
6237 0.061272400000000005
6239 0.144394
6242 4.5751e-07
6244 0.000559834
6245 0.00380255
6246 0.00722716
6248 0.0509667
6253 0.037061300000000005
6255 0.017558
6256 9.403540000000002e-09
6257 0.00829878
6263 1.93113e-10
6265 0.0310062
6266 0.08441239999999998
6268 6.64316e-14
6271 0.00288234
6273 0.025065900000000002
6274 0.05800840000000001
6278 3.1133699999999997e-06
6280 0.0358125
6283 7.66155e-08
6287 0.0114955
6288 0.107992
6292 2.72103e-07
6293 0.0323096
6294 0.00016146299999999998
6297 0.09505889999999999
6298 1.0811899999999999e-07
6302 2.2191300000000002e-05
6303 0.00344804
6307 0.254301
6308 3.68574e-05
6310 0.036806599999999995
6311 4.5977800000000006e-06
6312 2.25252e-05
6313 0.052656100000000004
6315 0.00420824
6316 8.00634e-07
6317 5.296329999999999e-07
6322 0.11015699999999999
6324 2.58983e-07
6326 1.40342e-11
6327 2.2980900000000002e-05
6328 0.0286341
6331 2.6230799999999997e-07
6332 3.088e-06
6333 2.82761e-13
6334 6.1378399999999996e-09
6336 0.00241056
6340 9.31474e-10
6342 7.83284e-05
6343 0.00160888
6345 0.0018678000000000002
6347 3.89829e-05
6354 0.016712099999999997
6356 3.5302899999999996e-08
6358 9.86267e-05
6359 0.156107
6360 0.102871
6361 0.000455677
6364 0.00388091
6365 0.0352729
6368 0.00159092
6370 0.06189630000000001
6372 6.43381e-07
6373 0.325412
6376 2.65092e-05
6378 1.62944e-05
6379 2.9928100000000002e-06
6380 0.056134300000000005
6383 4.54201e-05
6384 0.0296112
6386 7.241599999999999e-07
6388 2.0784300000000002e-07
6389 0.04124969999999999
6390 0.109604
6393 0.37396399999999996
6394 0.00038897300000000003
6397 6.739139999999999e-08
6399 0.0195234
6401 2.3613200000000003e-05
6402 0.0070968
6403 0.047669199999999995
6405 0.00014555
6406 0.00166741
6407 2.9383600000000003e-06
6408 1.53547e-05
6410 0.0009538319999999999
6412 2.68566e-05
6413 0.000340511
6414 0.0417087
6415 5.89329e-07
6416 0.000705957
6420 0.00374252
6422 0.43733999999999995
6423 3.86805e-06
6426 0.0944408
6431 1.26776e-08
6432 0.11065699999999999
6435 0.0894875
6439 0.00066553
6441 0.0191226
6446 0.0760617
6451 0.000353448
6452 0.017174900000000003
6453 0.0418206
6454 2.55973e-06
6457 0.013599700000000001
6460 0.0175567
6461 0.45426300000000003
6464 0.014013999999999999
6467 1.46055e-05
6469 1.32589e-06
6471 0.20587800000000003
6477 0.056971100000000004
6478 0.000437516
6479 0.014311
6481 8.91982e-08
6485 1.08781e-05
6487 0.0174615
6489 0.10029099999999999
6490 2.01139e-05
6491 8.976870000000001e-09
6493 2.81839e-06
6494 0.000474307
6496 0.0278591
6498 0.00019695
6500 0.022055099999999998
6502 1.26469e-10
6504 0.0123138
6505 0.068365
6508 0.00240543
6510 1.65726e-07
6511 0.00626261
6513 1.5600899999999998e-06
6514 0.0193167
6516 0.0822075
6517 0.03355
6518 6.669689999999999e-09
6521 7.60783e-06
6522 0.057207799999999996
6525 0.00411378
6526 0.00241519
6527 0.0301356
6528 0.0799202
6531 0.00021735
6533 3.36224e-07
6535 1.33231e-10
6537 0.0016164
6539 0.08522360000000001
6540 5.7433100000000004e-05
6541 0.252098
6544 8.47768e-06
6545 0.0015086
6546 0.0136912
6552 0.037300599999999996
6554 0.00240621
6555 0.00386316
6557 0.000307683
6558 0.00538038
6559 0.08351489999999999
6561 2.5781200000000002e-08
6563 0.11012000000000001
6566 0.0901286
6567 2.82163e-11
6568 0.0481509
6571 0.022641400000000002
6573 0.0001467
6574 0.0478807
6577 0.0008147510000000001
6579 0.000228077
6580 0.00586427
6581 4.04386e-05
6582 2.30311e-06
6586 0.0887702
6589 0.00161363
6590 5.68862e-06
6591 0.0194956
6592 9.98205e-05
6594 4.06556e-05
6596 0.0280284
6598 0.1299
6600 2.2953900000000002e-06
6601 2.22915e-06
6604 2.47202e-06
6607 0.0121896
6608 3.88266e-08
6613 6.92047e-05
6614 0.0034464
6615 0.0934159
6616 0.00488492
6620 0.00169107
6623 0.0154657
6624 0.11100299999999999
6629 5.27323e-07
6630 0.244229
6633 0.0104814
6634 1.14904e-06
6639 7.1136e-08
6640 7.166289999999999e-10
6641 4.81161e-07
6642 2.22607e-08
6644 0.0407616
6646 0.270378
6649 0.000493971
6650 3.5993400000000005e-08
6651 0.00124213
6653 1.2984000000000002e-09
6655 0.00387693
6656 0.0069838999999999995
6659 0.0374444
6662 0.062400800000000006
6663 0.0294908
6665 0.000996856
6669 1.13302e-05
6672 0.00546727
6675 0.058251
6676 0.235371
6680 8.42218e-07
6683 1.4405399999999999e-08
6685 1.4163299999999999e-06
6686 0.0343749
6688 0.000250248
6691 1.57109e-06
6692 0.00139923
6693 2.65736e-07
6700 0.000153615
6701 2.10295e-06
6705 0.26579899999999995
6710 0.105398
6711 4.051280000000001e-06
6712 5.63595e-08
6713 0.037526300000000005
6715 7.51776e-05
6716 3.50472e-06
6717 0.000140389
6720 6.953989999999999e-06
6721 0.017240000000000002
6723 1.3147400000000002e-09
6724 1.9054500000000002e-07
6728 0.0956395
6729 0.0322402
6732 0.034289
6733 7.97495e-06
6737 2.09116e-08
6741 3.67611e-08
6742 0.00899147
6743 0.0016557000000000002
6744 0.016831099999999998
6745 0.134947
6746 0.193718
6749 2.8998099999999997e-10
6750 0.0687335
6752 2.00606e-05
6754 1.93438e-10
6756 0.000508356
6757 4.88682e-09
6758 0.00114189
6763 1.17126e-06
6764 0.00233442
6767 0.000535661
6770 3.77324e-05
6771 0.00213856
6774 0.00495873
6775 3.15612e-05
6776 0.000667093
6778 0.00622322
6779 0.021672200000000003
6780 0.0325761
6785 7.22956e-05
6787 0.0404777
6788 0.0115265
6790 8.50903e-06
6791 0.00918154
6792 0.112372
6793 0.000588726
6795 0.230804
6796 2.2467300000000002e-07
6798 0.15737
6801 0.018165599999999997
6804 0.000401712
6807 0.000968876
6809 0.18525
6811 3.92817e-05
6812 9.762940000000001e-07
6815 2.57109e-05
6816 0.016777900000000002
6817 0.030133499999999997
6818 0.00319625
6820 0.027148900000000004
6823 0.0162915
6826 0.561561
6830 0.212549
6831 2.49459e-06
6832 2.2109400000000002e-05
6834 8.24988e-08
6837 0.0276216
6843 0.000866068
6846 0.00999517
6851 0.00112827
6853 1.3427899999999999e-08
6854 2.96452e-06
6856 0.0782214
6857 6.27069e-05
6861 0.0135882
6863 0.00182634
6870 0.0257309
6871 2.3800100000000003e-05
6872 0.0872661
6873 0.0083715
6875 0.000365564
6877 0.00227884
6879 0.10395399999999999
6881 0.00195082
6882 4.93722e-05
6885 0.000288715
6888 2.63596e-06
6889 9.98278e-05
6890 2.89211e-07
6891 0.20776799999999998
6894 0.0865222
6895 0.0194807
6897 0.000755402
6898 0.0126068
6901 0.0144783
6902 0.12008800000000001
6904 0.230473
6905 0.0035533
6906 0.122439
6907 0.00305791
6913 6.7116e-10
6915 0.08249379999999999
6920 8.4853e-07
6921 1.6464e-08
6923 0.510595
6925 0.000443068
6926 0.17491900000000002
6927 2.53521e-09
6928 0.0156571
6929 5.9846e-12
6936 0.00161251
6937 0.00117401
6938 0.0644951
6941 0.186432
6942 0.00022944
6946 3.3611099999999997e-06
6951 1.6545e-08
6954 0.0589308
6955 9.744e-07
6957 0.0434967
6960 1.91429e-05
6961 0.0016247
6964 0.00954172
6967 0.000156511
6969 0.00114116
6970 0.0009624480000000001
6973 0.00047545599999999997
6974 0.0117435
6975 5.4516e-06
6977 4.7648400000000006e-08
6978 0.00028697
6979 8.402319999999999e-06
6980 0.0024118000000000004
6982 6.9088e-05
6984 0.202579
6985 1.73741e-05
6986 0.0614443
6991 0.089214
6992 2.20772e-05
6993 1.87764e-06
6996 0.000151403
6997 3.29492e-08
6998 0.00307912
6999 4.36696e-06
7000 0.101911
7001 1.5115299999999998e-06
7005 1.03431e-05
7010 0.000300951
7012 0.358795
7013 0.000101381
7014 1.07517e-05
7015 3.37666e-11
7017 0.050244300000000006
7019 0.0791008
7024 0.00013945399999999998
7026 0.00216068
7027 0.0030551
7028 0.10266099999999999
7030 0.00135526
7032 0.00898638
7034 4.57915e-05
7037 5.967669999999999e-06
7041 0.000771232
7043 0.112524
7044 0.0200554
7047 4.21413e-05
7051 0.000737043
7053 0.0392673
7055 0.00614993
7057 0.24973499999999998
7060 0.0435476
7061 0.00140922
7063 0.000730308
7066 0.00336008
7067 0.043834899999999996
7069 0.00133437
7076 2.13673e-05
7081 0.0768978
7082 0.00741731
7083 0.049008300000000005
7085 0.00136558
7087 0.00155314
7091 0.00374812
7094 0.018282800000000002
7096 2.02864e-05
7098 0.018922099999999997
7099 0.0756737
7102 1.25893e-05
7103 0.00176366
7106 0.033661699999999996
7107 2.0566900000000003e-06
7110 0.058901999999999996
7111 7.78614e-07
7112 4.94113e-06
7115 4.1201099999999994e-05
7116 0.00128082
7118 0.000531211
7119 0.044381199999999996
7120 0.0308185
7124 7.69924e-06
7126 0.00677181
7127 3.86359e-05
7131 3.10605e-06
7134 0.0262478
7135 0.00104544
7136 0.00129573
7137 0.0219601
7142 0.00105784
7143 1.3979600000000002e-08
7145 0.000179144
7151 0.06756419999999999
7155 3.09705e-09
7156 3.44447e-05
7157 4.00178e-05
7158 0.0100333
7160 0.00022950599999999998
7161 0.0132893
7164 7.21442e-07
7169 0.0015227
7170 0.00629624
7171 0.00168985
7173 0.00018560099999999997
7175 0.000539333
7176 7.0653899999999995e-06
7178 0.25237600000000004
7179 0.09524730000000001
7181 0.010415299999999999
7183 0.00843118
7186 7.15915e-05
7188 2.5964099999999996e-08
7190 0.000556299
7192 0.000602009
7195 0.033207099999999996
7196 0.029900599999999996
7198 0.125461
7199 2.33821e-05
7201 0.0008552130000000001
7202 0.014297899999999999
7203 0.0290844
7206 5.53844e-08
7207 0.171252
7209 0.00204921
7218 0.0282341
7220 0.18468099999999998
7221 0.000220703
7225 0.0958378
7226 1.9568900000000004e-06
7228 0.107457
7229 0.0005783440000000001
7231 0.000482829
7232 5.08296e-06
7233 2.9280800000000002e-08
7235 5.66477e-07
7237 0.0513169
7238 0.000124132
7239 0.016919099999999996
7240 0.395204
7242 1.99176e-06
7246 3.14897e-06
7248 0.00154769
7251 0.00757972
7252 0.0579556
7253 0.00753898
7254 0.00192753
7255 0.142788
7257 1.41806e-05
7262 0.00165111
7264 0.43754
7265 0.000109743
7267 0.00235389
7268 0.022155200000000003
7269 0.00043221800000000006
7272 7.043989999999999e-06
7273 6.44191e-06
7277 0.112022
7278 0.00708915
7281 0.000409097
7282 0.000199486
7286 0.000200265
7287 0.000509138
7288 3.56932e-11
7290 0.000145943
7291 0.000265749
7293 0.00838782
7301 0.0901049
7303 0.00662804
7304 0.000353199
7306 0.18273499999999998
7307 7.89805e-08
7309 1.36637e-07
7310 0.020569900000000002
7312 0.054882600000000004
7313 0.012509399999999999
7315 0.29980100000000004
7316 0.00263487
7317 0.013421100000000002
7319 0.0213537
7320 3.6852300000000003e-06
7321 0.014656799999999998
7324 0.00147302
7326 8.64676e-07
7328 0.123223
7331 0.00776821
7332 0.0159182
7333 0.00315681
7335 0.00227665
7337 0.000144505
7338 0.0012974
7339 8.81856e-09
7340 7.200930000000001e-08
7341 0.00031283099999999996
7342 0.00142771
7345 2.67523e-08
7347 0.00113353
7348 0.349016
7349 5.13904e-07
7352 0.000615823
7353 0.223073
7354 0.000207808
7355 0.000440314
7357 2.3874099999999996e-06
7358 7.613389999999999e-07
7360 0.00597955
7362 1.2282099999999999e-07
7364 0.0792346
7366 0.286156
7367 7.30008e-07
7368 5.03431e-06
7371 2.14435e-05
7377 4.39881e-06
7378 0.0150715
7379 0.0871243
7380 0.000322794
7382 8.18679e-06
7384 0.0178608
7386 1.94404e-06
7387 1.4307700000000002e-08
7391 0.14236
7392 0.00138678
7393 0.48472
7395 0.0659393
7397 2.07687e-05
7399 6.6272799999999995e-09
7400 0.00384492
7401 0.5311520000000001
7402 0.00035827900000000003
7403 2.65264e-06
7404 0.0468833
7405 8.76258e-08
7406 0.000137864
7407 0.00370133
7409 0.00810668
7412 0.06707350000000001
7415 2.14754e-05
7418 0.00125349
7420 0.0353181
7423 1.5003200000000002e-10
7426 4.48874e-14
7428 0.018753299999999997
7429 2.6014499999999998e-08
7430 2.79693e-06
7434 0.00147026
7440 0.00198862
7441 8.793910000000001e-06
7442 0.0672278
7444 0.0203359
7447 3.6283000000000004e-09
7450 5.3948e-07
7452 0.000619601
7453 0.0953968
7455 3.66013e-07
7456 0.0450373
7459 0.0009114819999999999
7462 3.58175e-05
7463 0.00387305
7464 0.00270887
7469 0.000445003
7471 0.0580025
7472 0.0495696
7473 2.13467e-05
7476 0.0184183
7478 1.8093e-06
7485 0.0316015
7487 0.000354805
7488 0.00105171
7492 0.100689
7494 0.011986100000000001
7495 0.000559732
7496 0.000374365
7499 8.73179e-06
7500 0.034367800000000004
7501 4.35696e-06
7502 5.6493e-05
7504 1.02401e-05
7505 1.1015e-06
7507 2.04723e-05
7508 0.018488499999999998
7509 0.00016812400000000002
7510 0.00027879900000000004
7512 0.000603595
7514 0.040675699999999995
7515 0.221167
7516 0.0201238
7518 1.52413e-06
7520 0.11367100000000001
7522 0.000865529
7529 3.13802e-05
7531 0.00247086
7532 0.0318122
7534 0.00126203
7539 7.875270000000001e-07
7541 2.7806599999999996e-06
7542 0.00179506
7545 1.73314e-05
7548 0.012165100000000002
7549 0.0522178
7550 0.00237992
7552 0.000126004
7553 2.5563999999999998e-06
7554 0.035047
7556 6.64979e-10
7557 5.69736e-05
7560 0.021661
7561 0.00285878
7562 0.00028373200000000003
7564 0.033819
7567 0.0684227
7569 0.0380035
7573 0.000473395
7574 0.0495788
7577 0.06431469999999999
7580 3.5299499999999996e-05
7581 0.000215466
7582 0.08661669999999999
7583 0.0639092
7584 0.00245608
7587 0.000219476
7588 0.390866
7589 1.40775e-05
7591 4.00081e-09
7593 4.82492e-10
7595 0.164449
7596 0.025479599999999998
7597 3.17441e-05
7598 0.017066
7599 6.173300000000001e-07
7602 1.98672e-08
7604 0.0812217
7607 0.000327262
7608 1.1323800000000002e-05
7609 0.036632599999999994
7610 0.00172704
7613 2.62564e-06
7616 0.000554536
7617 1.7344000000000002e-07
7620 0.00011913100000000001
7623 0.00354058
7625 0.0365842
7627 1.8042700000000003e-06
7628 0.00966056
7630 4.41374e-16
7632 0.0006829319999999999
7634 0.0363711
7635 2.46187e-06
7636 0.000686113
7638 0.000713315
7641 0.000324319
7643 6.78305e-07
7644 0.00344523
7645 2.37261e-06
7646 2.91377e-06
7648 0.103834
7651 0.00282247
7652 0.15148499999999998
7658 8.047060000000001e-05
7659 0.00527772
7660 0.00440896
7661 0.00125247
7665 5.21873e-07
7669 0.00332637
7674 7.338120000000001e-10
7676 0.00759129
7681 4.614880000000001e-06
7684 4.8148999999999996e-05
7686 0.000710708
7689 0.021217700000000003
7690 7.269180000000001e-09
7693 1.2920600000000003e-06
7695 0.0108881
7698 2.93034e-07
7700 0.00569822
7701 4.44747e-08
7703 0.00196034
7706 0.00546828
7707 0.0339049
7708 0.422663
7710 3.19008e-05
7711 0.00136006
7714 8.158e-07
7716 0.0120021
7717 0.000326721
7719 0.010855799999999999
7722 0.26229
7725 7.92961e-08
7726 6.35556e-05
7728 0.137659
7730 0.00641833
7733 0.123356
7734 1.03428e-10
7737 1.8951300000000003e-05
7738 0.00970591
7739 0.116185
7741 0.00010806200000000001
7744 0.00037035
7747 0.40563699999999997
7750 7.06341e-05
7752 0.209492
7755 0.0808151
7756 0.398488
7757 2.12977e-11
7759 0.101002
7761 1.05571e-09
7764 5.2415099999999996e-06
7766 0.00440317
7769 0.07316560000000001
7770 0.0286529
7771 3.3965099999999997e-10
7774 6.34932e-06
7778 0.13713499999999998
7780 0.114326
7782 0.0793255
7783 1.42273e-05
7784 0.00186234
7785 0.21070999999999998
7787 0.0584575
7788 0.000129267
7789 0.00773361
7792 1.74799e-05
7794 0.0205386
7796 0.00144079
7797 3.03567e-07
7800 4.39108e-05
7801 0.139181
7802 0.00036810900000000004
7804 1.1437100000000001e-05
7805 0.012217
7806 0.00672946
7807 3.00598e-06
7808 0.11668599999999998
7811 0.0669448
7816 0.19855699999999998
7817 0.0202363
7818 0.00113832
7822 3.40409e-05
7823 0.00164314
7825 3.1627299999999998e-06
7827 0.0013447
7828 0.016588099999999998
7829 0.00283285
7830 0.0170533
7832 0.255807
7835 0.000171531
7837 7.2769600000000005e-06
7839 0.000772343
7842 0.000375913
7844 1.1096400000000001e-09
7846 0.00141446
7848 0.000830718
7849 0.256319
7850 2.47618e-06
7851 2.84992e-05
7852 6.9536e-06
7858 0.0154768
7860 3.27205e-07
7861 5.93226e-06
7862 0.0813462
7866 0.00012560799999999998
7867 0.00105339
7870 0.000236183
7871 0.11799000000000001
7874 0.000194962
7875 0.00249127
7879 0.00352203
7880 0.00747947
7881 2.47998e-06
7882 1.6716e-10
7887 0.07789750000000001
7888 0.00561038
7891 0.00465848
7892 0.00422509
7893 6.8019899999999996e-06
7894 3.06753e-05
7895 0.00744295
7896 0.155973
7903 0.00395405
7904 0.00369498
7906 8.684999999999999e-10
7907 0.0332054
7912 1.37831e-11
7913 0.0157384
7917 0.09302519999999999
7918 0.00101725
7922 0.0192109
7927 3.18126e-07
7929 0.126022
7930 0.00735454
7934 3.12251e-10
7936 4.872080000000001e-06
7937 0.0957063
7938 0.020619799999999997
7941 0.0269983
7942 0.034594
7944 1.8797900000000002e-08
7945 7.89106e-08
7948 0.000814987
7949 1.2569200000000001e-06
7951 7.9571e-10
7952 0.000272255
7955 0.061199
7957 0.14510599999999998
7960 2.58021e-09
7961 0.00109965
7962 0.00645308
7965 0.0835785
7966 0.0706612
7967 1.35711e-05
7969 0.08650189999999999
7972 0.0165978
7973 9.02997e-06
7975 0.000277
7977 0.05192719999999999
7978 3.3427800000000003e-06
7981 0.09128939999999999
7982 0.27589600000000003
7983 2.3967899999999998e-05
7985 0.00126845
7986 0.029044900000000002
7988 0.027618599999999997
7989 0.0721562
7990 6.0679e-06
7992 0.000198765
7993 3.3835500000000004e-07
7994 0.00792704
7995 2.39077e-06
8000 0.0136721
8003 1.16025e-05
8006 0.00225684
8007 4.6239600000000004e-05
8010 0.0005238819999999999
8011 0.0224417
8013 0.00159616
8014 0.014859899999999999
8015 0.0008009180000000001
8016 3.51536e-05
8018 0.006983700000000001
8020 1.5452e-05
8021 0.000161295
8022 0.0386272
8025 0.08227519999999999
8027 0.000192945
8028 0.00855283
8030 4.10214e-09
8034 1.1179899999999999e-06
8035 6.1086e-05
8038 0.00148717
8039 0.00238042
8041 0.0518034
8045 0.0260389
8046 5.08015e-09
8047 0.0028358
8050 0.042521300000000005
8052 0.0357866
8054 0.036525699999999994
8055 0.000126706
8056 0.0251712
8058 0.130234
8059 8.13059e-05
8065 0.000838885
8066 0.00115547
8070 0.147425
8071 0.0476967
8073 0.13533599999999998
8074 1.10375e-06
8077 0.0214523
8078 0.0132609
8080 0.00611282
8081 0.00156581
8088 1.8597299999999998e-14
8089 0.0377977
8090 0.00034013
8092 0.000609288
8094 0.085392
8097 3.6123699999999995e-06
8099 5.219e-09
8102 0.026112
8104 8.3549e-05
8109 0.130596
8110 0.0981367
8111 0.00548929
8113 0.382876
8114 0.00761584
8118 6.710720000000001e-05
8119 0.47637299999999994
8120 0.0511961
8123 0.0338722
8124 0.00311101
8126 0.000557621
8128 1.40262e-07
8129 2.8906800000000003e-07
8131 0.153909
8133 8.84934e-05
8134 6.26241e-07
8135 6.843680000000001e-05
8136 6.282509999999999e-06
8143 0.00213616
8145 0.000250457
8146 0.00175201
8147 0.024578400000000004
8148 1.13606e-10
8149 0.00536318
8152 0.000307531
8153 0.0470149
8154 1.9419999999999998e-06
8155 0.247271
8156 4.15843e-05
8157 0.00113104
8158 0.000109771
8161 3.67476e-07
8162 0.0748101
8165 7.99758e-06
8167 0.033628500000000006
8170 0.21986599999999998
8172 0.0215443
8176 0.181705
8178 0.0138268
8179 0.000400146
8181 0.0007066630000000001
8182 0.00528792
8183 0.00053771
8184 0.533358
8185 1.42822e-06
8187 0.0156703
8192 0.0356736
8193 7.08118e-09
8194 1.22485e-06
8195 0.010493700000000002
8196 0.12723299999999998
8198 0.000403912
8201 0.114996
8205 0.00184625
8206 0.00621792
8207 0.039180099999999995
8210 0.381945
8212 6.3443e-05
8214 1.18249e-06
8215 0.058492499999999996
8217 0.000168081
8219 1.44013e-05
8221 0.00850344
8227 2.29759e-06
8228 0.00011219200000000001
8230 2.19964e-09
8231 1.87502e-05
8233 0.163313
8234 4.18538e-08
8237 3.09388e-05
8238 0.0600957
8239 0.152329
8240 0.048431800000000004
8242 0.019707699999999998
8243 2.89153e-07
8245 0.00304099
8246 2.45099e-11
8247 2.29833e-05
8249 0.00162392
8255 2.83672e-07
8256 0.00104091
8257 0.057247
8259 4.5463599999999996e-05
8264 4.76952e-08
8265 0.0101664
8266 3.21952e-06
8267 0.11163
8270 3.99212e-06
8271 0.0185741
8273 0.0162722
8274 0.00606974
8276 0.15931700000000001
8277 0.039741399999999996
8278 1.66052e-09
8283 1.64969e-08
8286 0.0206197
8287 0.0161863
8288 0.0255427
8289 0.00139056
8290 3.4357999999999998e-06
8291 0.00136218
8298 0.0206387
8303 0.029067000000000003
8304 0.00125675
8305 0.000581191
8308 0.000276571
8309 0.115303
8314 0.000372991
8321 0.119059
8324 8.163600000000001e-06
8325 0.120581
8328 0.0171248
8330 0.00163625
8331 2.01113e-06
8333 3.79351e-05
8334 0.000155754
8337 1.45408e-07
8339 0.053682900000000006
8340 0.0282803
8343 0.00684104
8344 0.00022973200000000002
8347 0.06440359999999999
8348 1.47299e-13
8350 0.0016385999999999998
8352 0.00019307299999999999
8353 2.07623e-09
8354 0.00169526
8356 0.00379003
8357 2.3198e-09
8358 8.44374e-06
8361 3.0864299999999995e-05
8362 6.3993e-05
8363 0.010206100000000001
8366 2.60006e-10
8367 6.8638e-06
8369 3.7016900000000007e-10
8371 1.5736900000000002e-05
8373 0.00251859
8375 0.00290547
8377 0.0712181
8378 2.20792e-08
8379 0.0007062489999999999
8380 0.152105
8382 0.0475339
8383 1.85238e-05
8389 0.00021673599999999998
8392 0.0138639
8393 4.681040000000001e-06
8394 0.06465660000000001
8395 0.015119799999999997
8396 0.00300118
8399 0.017231200000000002
8400 0.0574694
8401 0.047544800000000005
8402 0.041632
8404 0.00750665
8405 0.000928763
8406 0.000365714
8407 0.0119927
8408 1.30579e-06
8411 0.00564883
8412 2.2378600000000003e-05
8414 9.185889999999998e-08
8417 0.000418297
8418 0.0153673
8419 0.000725477
8420 0.00109011
8421 4.88033e-09
8428 0.00350395
8431 0.41152
8432 1.1048e-06
8435 9.10584e-06
8436 0.177671
8439 0.0233379
8440 0.000748722
8441 0.0035238
8446 0.133296
8447 9.66271e-11
8448 0.000337244
8451 0.023194
8455 4.73541e-05
8457 1.0828e-05
8458 0.187177
8459 0.00302533
8460 0.00127586
8463 0.00172663
8464 0.0034372
8469 0.00903063
8471 0.122919
8473 1.03343e-09
8474 0.17469
8476 0.000271809
8479 2.95122e-07
8480 0.043182
8481 0.020978
8486 0.18353699999999998
8487 0.046768300000000006
8488 1.86917e-06
8489 0.0275175
8490 0.356664
8491 0.00228778
8493 0.0354853
8496 0.08127480000000001
8497 0.0212311
8500 8.879399999999999e-05
8501 3.83729e-05
8504 1.14775e-05
8505 0.029154900000000004
8507 2.55922e-05
8508 1.3808799999999999e-12
8510 0.00140903
8511 1.1668499999999998e-05
8515 3.5163e-06
8516 0.10353299999999999
8520 0.00708066
8525 0.0214787
8527 0.000248368
8528 0.053303199999999995
8531 2.75077e-06
8532 0.00250433
8537 0.000103049
8538 0.09248089999999999
8539 0.0013188
8540 3.37091e-07
8543 0.15368199999999999
8544 0.0611419
8545 5.33951e-09
8546 1.63412e-09
8547 1.35692e-05
8548 1.28019e-05
8551 2.4435e-07
8552 0.00139095
8554 0.00581263
8555 0.000407649
8560 3.93756e-07
8561 0.000639459
8563 8.0332e-05
8565 0.000430996
8566 0.07553539999999999
8567 0.0431893
8569 0.00169813
8570 1.3228799999999997e-06
8571 6.84841e-06
8574 0.063237
8575 0.000498761
8577 0.042637
8578 1.03008e-05
8579 2.89738e-07
8580 9.041879999999999e-05
8583 0.00272092
8589 4.3025900000000004e-05
8590 0.0017706
8591 7.34688e-06
8593 0.00237685
8594 0.00836013
8597 7.58798e-08
8598 0.127477
8599 0.0497106
8600 0.000522475
8603 0.00293904
8605 0.0407842
8609 3.4044400000000003e-09
8611 0.0644439
8613 0.0227873
8614 0.271389
8616 0.0734916
8619 2.14935e-08
8622 3.06397e-08
8623 1.25304e-07
8625 0.00019816200000000002
8626 0.237321
8627 0.115252
8629 0.0012102999999999999
8630 2.31848e-05
8631 7.78036e-06
8632 1.18084e-06
8634 0.000407155
8637 0.00017681200000000001
8640 0.000215025
8641 0.101667
8642 2.12322e-07
8643 3.8449000000000003e-10
8646 0.193104
8648 0.00257733
8649 0.0109395
8650 0.169273
8651 0.00667137
8652 0.0296836
8656 1.6547e-05
8657 0.00155097
8658 5.44595e-06
8659 0.00664965
8660 0.12216199999999999
8661 4.37192e-07
8662 2.14865e-14
8664 0.0653897
8666 0.030574
8668 0.000108492
8669 0.00683778
8671 0.11890099999999999
8672 1.50401e-05
8673 0.00118147
8674 0.00443714
8675 0.0235333
8677 7.49243e-08
8678 0.13991199999999998
8679 0.00291753
8681 0.0434671
8682 1.26848e-06
8684 3.04396e-08
8685 0.00594921
8686 0.055330700000000003
8689 3.23202e-08
8693 4.38625e-09
8694 4.2904000000000005e-06
8696 3.5829700000000005e-07
8697 0.00142245
8700 0.0576691
8703 4.74133e-05
8704 8.01305e-07
8705 0.0302428
8707 0.00114991
8708 0.04846280000000001
8711 0.000344296
8712 5.43013e-07
8714 4.2620699999999995e-09
8715 1.73274e-06
8719 0.093976
8721 0.040854
8724 5.81725e-05
8726 5.51039e-06
8729 0.012261399999999999
8734 0.00224618
8735 0.224948
8736 0.0422375
8737 0.00108472
8740 0.09663669999999999
8743 7.264830000000001e-06
8745 0.000291667
8746 0.00314612
8751 0.07062130000000001
8754 0.216881
8758 0.000514118
8761 0.0826789
8762 0.14447100000000002
8763 8.55607e-08
8765 2.14459e-08
8767 0.0149174
8774 0.15669
8777 2.77191e-11
8778 0.0358783
8779 0.25269
8780 0.08407769999999999
8781 0.0013022
8782 5.49785e-11
8785 9.04621e-06
8786 0.000401043
8787 7.61988e-05
8788 3.07365e-11
8789 5.5421500000000004e-08
8791 4.4189499999999994e-06
8792 0.00886824
8795 0.050283
8797 0.000201847
8798 2.80901e-05
8800 6.57812e-05
8802 0.00283498
8803 0.227325
8804 0.000740262
8807 0.000838523
8808 0.11758800000000001
8812 0.0167342
8816 0.132118
8818 0.00769383
8820 0.0008574710000000001
8821 0.020538400000000002
8824 1.46264e-06
8825 4.65553e-06
8827 0.0514731
8828 0.00533661
8829 2.0179299999999998e-08
8830 0.14543399999999998
8832 0.012898
8834 0.00391784
8839 1.92341e-06
8842 0.00050357
8844 0.18328
8845 2.51688e-07
8846 0.00367892
8850 0.000995169
8851 0.0852835
8852 4.54936e-07
8853 1.01864e-06
8855 1.71733e-06
8857 0.047830000000000004
8860 0.0208623
8861 0.00877398
8863 0.00252097
8864 0.09065939999999999
8866 0.0008662660000000001
8868 1.00017e-05
8869 6.11558e-05
8870 3.1831800000000003e-10
8875 0.00606629
8877 1.09752e-05
8881 1.9631900000000003e-06
8882 1.4602e-05
8887 0.011594799999999999
8889 0.0122646
8893 1.33244e-05
8894 0.0005796169999999999
8895 9.94879e-06
8896 1.24274e-08
8897 0.0493153
8898 0.0939166
8899 0.0181171
8901 2.87416e-05
8902 0.042330900000000005
8903 9.928790000000001e-05
8904 0.100379
8906 0.0314624
8907 0.0607444
8908 5.11373e-06
8910 4.13677e-07
8912 0.00024602900000000004
8915 8.76535e-08
8916 0.0741478
8918 0.07368999999999999
8922 0.276408
8924 0.000763048
8925 9.111489999999998e-06
8928 0.0859557
8934 1.6398299999999999e-15
8935 0.000237347
8937 3.26793e-05
8938 0.546628
8941 0.295141
8945 0.0591072
8946 0.133853
8947 0.141209
8949 0.0027033
8950 6.658119999999999e-09
8952 0.0005465930000000001
8954 0.013708000000000001
8956 4.4975199999999994e-14
8957 0.0500731
8959 0.00019955
8963 0.0364485
8964 0.0061312
8972 5.185020000000001e-05
8974 0.00306331
8977 0.00998791
8981 2.96004e-09
8984 3.25637e-06
8986 6.390270000000001e-05
8990 0.0371477
8991 0.169343
8992 0.007665899999999999
8993 0.0719939
8994 0.00944683
8996 0.00831062
8998 0.00323619
9001 0.00022066900000000002
9003 0.0220138
9008 2.0172299999999998e-10
9009 0.446509
9010 0.450229
9011 0.035117800000000005
9012 5.20063e-06
9013 0.27058699999999997
9014 0.00130015
9017 0.013190299999999999
9021 5.54772e-07
9023 5.1898e-10
9025 0.00779331
9026 0.00570812
9028 2.57743e-07
9030 2.51792e-05
9031 0.000531439
9033 2.47923e-05
9038 1.9418500000000001e-07
9040 0.015586099999999999
9041 3.54394e-09
9043 0.17390799999999998
9044 2.9265e-07
9046 9.20983e-05
9047 1.0720000000000001e-08
9050 4.97466e-09
9052 2.01349e-06
9054 0.0465268
9055 0.217948
9056 0.108752
9057 0.0006561469999999999
9061 0.0052446
9062 1.97726e-06
9065 2.73367e-06
9067 0.00583437
9069 1.65182e-08
9070 0.09204470000000001
9071 1.7913099999999999e-09
9074 3.22527e-05
9075 0.117316
9076 0.00050869
9077 0.0805405
9081 1.0855199999999999e-05
9082 0.000185619
9083 2.72079e-05
9084 8.57261e-06
9088 0.0012249000000000001
9090 0.091218
9092 1.10604e-06
9093 1.13105e-05
9095 0.355754
9096 6.13561e-08
9097 0.000299175
9101 0.0010147
9102 0.0579519
9103 0.037672699999999996
9104 0.00116563
9107 0.038699000000000004
9109 0.18119000000000002
9110 0.00486228
9111 7.302599999999999e-10
9115 0.066876
9118 0.020897299999999997
9119 1.74024e-07
9120 0.00155193
9122 1.51251e-05
9124 0.0122277
9125 0.0104509
9127 0.010448299999999999
9130 0.000290082
9132 0.0467175
9134 1.8289000000000002e-07
9135 3.21198e-05
9137 1.53394e-05
9139 1.44066e-05
9140 0.00557049
9142 0.000746328
9143 0.0163824
9145 6.3047400000000005e-12
9146 1.3834799999999998e-06
9149 0.000111065
9152 0.00062425
9154 0.552604
9156 6.41969e-09
9158 8.07972e-11
9164 0.0698567
9165 0.00415568
9167 4.41458e-11
9169 5.0763e-05
9170 0.00045739800000000003
9171 0.028522900000000004
9172 0.000429853
9176 0.018211
9182 1.09574e-07
9183 4.07018e-06
9188 8.79788e-11
9190 0.000193366
9198 2.39423e-08
9199 0.00259282
9201 0.130977
9203 5.8214399999999996e-05
9204 0.10337400000000001
9206 6.7552999999999995e-06
9207 0.0227485
9210 4.73762e-05
9211 2.2826499999999998e-09
9216 0.0403393
9217 7.80232e-05
9219 0.193436
9220 0.0010611
9222 0.00865114
9223 0.00609295
9225 0.0285486
9226 0.00105439
9228 0.0953683
9229 4.76639e-06
9231 0.000859957
9232 0.00600343
9233 0.05874730000000001
9234 0.0021258
9235 0.0523832
9237 7.14057e-08
9240 1.58475e-06
9241 0.00371305
9243 2.4492600000000003e-09
9248 0.0423404
9253 0.153131
9256 7.908889999999999e-06
9257 0.00218557
9258 1.4523599999999998e-06
9260 4.2020699999999996e-05
9261 0.00583364
9262 1.81154e-05
9263 0.252187
9264 8.38933e-05
9265 9.60705e-06
9266 0.0228608
9267 3.30344e-06
9274 0.00546286
9275 0.18467999999999998
9276 0.034111
9277 5.62449e-08
9280 0.00036107699999999996
9284 0.0166138
9292 0.0023118
9293 0.00267616
9294 0.108438
9297 0.0327177
9298 9.38919e-08
9300 0.000261796
9301 0.000594195
9302 3.54306e-09
9304 0.000116415
9305 1.87579e-06
9310 0.057217899999999995
9311 0.213335
9313 0.300874
9314 0.0188123
9317 2.61252e-06
9319 0.00175682
9320 0.051149099999999996
9321 1.80915e-07
9322 0.00012621100000000002
9328 0.103521
9329 0.00167708
9332 0.00517318
9335 5.9561499999999995e-05
9338 3.5328599999999997e-09
9340 6.26799e-06
9341 6.041449999999999e-07
9344 0.00221851
9345 0.11780499999999999
9346 0.0127938
9352 0.0796406
9353 0.00325881
9355 0.000105452
9356 0.00264716
9357 0.141309
9360 1.68212e-07
9361 1.43222e-05
9363 0.00321596
9364 0.0372266
9366 7.082660000000001e-08
9367 0.218444
9369 0.0019809000000000003
9370 7.593130000000001e-08
9372 0.00013239
9376 3.05439e-08
9379 0.0160719
9380 0.0115961
9381 2.9965e-09
9383 0.00130294
9384 0.0229167
9385 0.00923018
9387 6.78318e-06
9390 4.17458e-12
9391 0.07242260000000002
9395 1.6402e-08
9396 0.000252478
9397 0.43690100000000004
9399 1.73487e-06
9400 0.0934227
9402 0.0123728
9403 0.01007
9404 0.0981044
9415 0.054687900000000005
9416 4.11313e-06
9423 0.000189355
9425 0.176374
9426 0.000124292
9427 0.00503774
9428 0.0856351
9430 1.21773e-09
9431 0.00112538
9435 0.33472399999999997
9436 0.000644697
9441 0.031845599999999995
9442 6.6237e-05
9444 0.036961
9447 1.3605e-07
9449 0.050116
9450 0.00142511
9451 7.726369999999999e-06
9452 0.12313800000000001
9453 5.98339e-05
9462 0.000151388
9467 0.100036
9471 0.0839924
9473 0.0363209
9474 0.0122419
9475 2.5495299999999997e-08
9478 0.19825
9482 0.0543148
9483 8.41124e-06
9485 0.0768584
9486 0.0442745
9487 0.143493
9489 0.00639079
9492 7.14431e-08
9493 1.4075399999999999e-05
9495 0.00018570299999999998
9498 1.0671200000000001e-07
9501 4.65022e-07
9503 0.00775104
9505 0.0111869
9506 2.3846e-06
9509 0.0006114930000000001
9510 5.90256e-11
9511 0.471021
9513 0.00741201
9514 0.0996062
9521 0.44418
9522 0.00689059
9525 0.00010142799999999999
9529 0.10279500000000001
9530 0.000250144
9534 1.08167e-06
9535 0.0020273
9536 5.36747e-11
9538 6.4336e-05
9539 0.000961061
9544 0.042801900000000004
9547 0.0393806
9548 2.70483e-07
9552 0.00305173
9553 0.000232702
9554 0.138178
9555 6.82532e-05
9556 0.0180784
9559 8.748780000000001e-05
9561 0.00417853
9563 9.0381e-07
9564 0.00444106
9569 0.048142199999999996
9570 0.0181754
9572 0.146705
9574 0.07985880000000001
9575 0.00111881
9578 0.00457868
9581 6.427140000000001e-05
9582 0.163305
9583 0.039309500000000004
9589 0.011447
9590 2.3342099999999998e-07
9592 0.034224
9593 2.01352e-05
9594 0.00490243
9595 0.13736800000000002
9599 0.0655688
9601 9.895370000000001e-05
9602 1.13323e-06
9604 0.0127626
9606 0.0416365
9607 0.00332078
9608 0.000139411
9610 0.0497344
9612 0.146064
9616 1.22406e-05
9622 0.00978334
9624 0.00322124
9625 0.00040366400000000003
9626 0.0454899
9628 0.124946
9630 0.105358
9631 0.19836700000000002
9632 0.44508500000000006
9633 0.00749114
9635 0.00156038
9639 0.00011864799999999999
9640 0.000103599
9642 0.00184152
9643 0.000565156
9645 0.013958100000000001
9646 7.03158e-05
9648 0.00937597
9651 0.14215999999999998
9652 7.45347e-13
9653 0.104526
9657 4.81364e-05
9660 0.100302
9661 0.0019084
9662 0.49758
9663 0.18166300000000002
9665 0.0373685
9669 0.00088994
9672 0.047957099999999996
9673 1.0566100000000001e-07
9674 5.50611e-08
9675 4.9747e-10
9677 0.0130536
9680 2.02207e-07
9682 1.24768e-07
9683 2.72733e-09
9688 3.19927e-06
9689 0.07413389999999999
9690 0.352717
9694 0.000237398
9696 0.019150900000000002
9697 0.0248071
9701 3.97382e-06
9704 0.0144202
9705 2.93673e-05
9708 0.0944966
9714 0.0008850780000000001
9715 0.105262
9716 2.1942199999999998e-13
9720 2.50102e-06
9722 0.015865399999999998
9723 1.31221e-09
9725 0.000286097
9727 1.39903e-05
9728 7.241060000000001e-05
9730 0.00239686
9731 3.07574e-11
9736 0.00199302
9739 0.050143900000000005
9740 2.4959899999999998e-08
9741 0.010957999999999999
9742 0.0396922
9744 0.00558283
9750 0.10371500000000002
9751 3.29753e-05
9752 0.445466
9753 0.5561689999999999
9757 1.4636200000000002e-08
9759 1.03551e-07
9760 5.049e-05
9765 0.0958739
9766 0.00772349
9768 0.037462
9769 0.0291253
9770 0.0006656139999999999
9771 0.000102516
9775 5.842000000000001e-10
9777 5.776e-05
9779 0.0007943160000000001
9782 0.0393625
9783 0.027514
9784 7.1086e-05
9786 0.00112268
9787 4.00079e-05
9788 0.00010801200000000001
9791 0.0006101619999999999
9793 4.43016e-07
9795 0.144992
9798 0.132793
9799 0.013131799999999999
9802 0.0294442
9803 0.00438011
9804 3.7144500000000003e-07
9806 7.1164499999999994e-06
9811 0.000150369
9812 0.187877
9814 0.00539457
9815 0.325504
9817 3.58065e-06
9818 0.000111763
9820 0.00119889
9821 2.69846e-10
9824 0.000334737
9826 4.1542e-08
9827 1.91248e-08
9829 1.54629e-05
9835 4.21916e-05
9837 0.022983700000000003
9838 0.00181897
9840 0.000243506
9843 0.0497464
9844 7.12419e-07
9846 0.00463335
9847 5.4406e-05
9849 2.68213e-05
9850 6.2879e-07
9853 0.18692
9854 0.353153
9856 0.0016966999999999998
9857 0.00224267
9861 0.00130957
9864 3.07563e-05
9866 1.43818e-05
9871 0.0694359
9873 6.5648e-07
9875 0.049171
9876 3.4998900000000004e-10
9883 2.78702e-05
9885 0.060192499999999996
9888 0.145994
9889 0.0167097
9890 2.39065e-08
9891 0.0008357869999999999
9892 0.00111477
9893 3.54292e-08
9895 2.28249e-07
9899 0.00366838
9901 0.047448800000000006
9903 0.0336023
9906 0.0117714
9907 0.00138649
9909 2.12609e-06
9910 0.07742389999999999
9912 5.8776e-06
9914 0.317317
9915 0.0659558
9916 0.0621899
9919 1.8859e-05
9921 0.00279266
9922 0.000480844
9924 0.00055459
9925 5.35924e-07
9927 1.2051700000000001e-06
9928 0.00196686
9929 0.000641804
9930 0.100396
9931 0.281428
9933 0.00011685700000000001
9934 0.0253342
9936 7.44323e-05
9937 0.228142
9941 0.118591
9943 1.3106200000000001e-06
9948 0.00013954
9951 0.000764418
9952 0.00190779
9953 0.000503513
9956 0.000100613
9957 0.000177652
9960 2.8381799999999997e-06
9962 0.101375
9963 0.0196916
