1 0.00035286800000000005
2 3.00997e-05
3 7.30223e-05
4 0.0015906
6 3.77029e-06
8 2.06988e-06
10 0.00019487400000000002
11 1.8046200000000002e-06
13 0.7167100000000001
14 0.000124875
15 1.1601100000000002e-10
18 0.202675
22 0.000256155
25 0.00151536
27 4.80571e-05
28 3.02942e-10
29 0.00363607
31 3.08156e-07
37 0.00016128
38 3.14793e-12
40 8.10494e-11
43 3.31985e-05
45 6.0205e-09
49 0.000738579
53 9.58017e-06
54 3.27048e-08
55 6.7466e-07
56 0.0216697
57 3.0813400000000003e-14
58 7.94704e-06
59 3.0913799999999996e-06
62 0.0932732
67 7.84624e-09
68 2.1593000000000002e-13
69 9.85169e-05
70 5.3766599999999994e-06
71 1.6965500000000002e-10
74 5.0841699999999997e-08
75 0.0460857
76 1.79356e-06
79 0.00110331
80 0.00380347
82 8.46645e-10
84 1.2660199999999998e-07
85 3.5828600000000005e-05
86 0.129688
87 0.00202359
88 0.00196211
90 4.08535e-05
92 3.99324e-07
94 3.4634199999999995e-08
96 9.51924e-06
97 7.390689999999999e-07
98 0.0035150999999999997
100 5.02846e-07
103 0.000112131
105 4.182479999999999e-05
106 5.606560000000001e-13
108 0.000661595
111 0.00419997
114 0.000247477
115 0.00010902700000000001
116 5.07947e-06
119 6.262710000000001e-09
124 4.5702599999999995e-07
126 0.000414223
127 0.00025159900000000003
128 7.69251e-05
135 1.78836e-05
136 0.000152912
137 0.0976605
139 6.9980399999999995e-12
144 6.07166e-05
145 2.80245e-05
148 4.0669199999999994e-16
149 3.51495e-08
151 8.323580000000001e-06
152 2.79808e-09
155 6.55821e-06
157 4.26048e-06
160 9.90975e-06
166 0.00330993
167 4.95738e-07
168 0.000950342
172 1.2055400000000002e-10
175 0.000607066
176 0.024271599999999997
178 1.15399e-09
179 1.38293e-05
181 6.13961e-06
182 0.00019941299999999998
183 0.000393255
185 1.4975299999999998e-06
186 0.000507456
188 1.39606e-10
191 5.3445e-05
195 5.51683e-07
196 2.3359200000000002e-07
197 1.05839e-06
199 2.0979100000000002e-10
201 5.14821e-09
202 3.0276e-05
204 2.05158e-08
205 7.47153e-05
206 0.00149962
212 2.47725e-05
213 1.37028e-06
216 5.03388e-12
217 1.93528e-05
223 7.61158e-05
226 0.000869537
227 5.88535e-09
230 1.46279e-07
231 7.33498e-06
234 1.8113099999999997e-08
237 0.00671589
238 0.000818649
239 1.06276e-09
240 1.36896e-07
243 3.54995e-13
247 1.37957e-06
248 0.48944899999999997
252 1.3708e-07
253 1.5555600000000002e-08
254 0.000100299
255 4.2428599999999996e-05
258 0.0547362
260 1.59225e-07
261 5.517710000000001e-13
264 0.000100188
265 1.0585999999999998e-07
267 0.00184248
271 0.19213
272 2.94128e-05
273 0.560126
274 1.7236700000000001e-09
277 1.11418e-06
279 9.37853e-05
280 1.18947e-06
281 3.903280000000001e-06
283 1.4572e-12
284 8.58693e-06
286 0.000547016
287 2.02671e-07
290 0.00855056
291 5.50255e-09
292 9.50887e-07
293 1.89657e-08
295 0.000859072
297 0.108776
299 7.12199e-06
300 0.0009206910000000001
301 1.90971e-05
309 3.13433e-10
310 1.2075799999999999e-05
313 2.38463e-07
314 2.50498e-06
315 5.63438e-06
316 4.41034e-06
319 0.00646866
324 0.012952200000000002
326 0.00019691099999999997
327 8.90395e-07
330 0.00365034
333 4.25328e-09
335 1.26249e-05
339 3.95151e-06
341 1.47323e-07
342 2.9344799999999997e-07
345 0.49907399999999996
346 3.3966e-07
348 3.97178e-11
350 8.99287e-08
351 1.2422e-07
353 2.9998700000000004e-10
356 0.00186672
357 5.25248e-06
358 5.43371e-09
360 0.993635
361 5.73883e-08
362 0.0030034000000000003
364 1.51296e-15
365 1.9603400000000002e-08
366 8.93592e-07
368 1.86614e-05
369 6.96845e-05
371 0.0037705999999999994
375 0.000513988
376 0.551242
377 0.000252524
378 8.10172e-05
383 8.5366e-12
384 1.3282200000000002e-08
385 5.24943e-09
386 0.279767
388 1.04269e-06
389 4.77471e-05
390 4.43686e-07
392 0.00086819
393 0.011388500000000001
397 1.77297e-07
398 7.783710000000001e-07
399 5.60127e-12
401 2.8055599999999998e-08
402 0.000111396
405 0.000652394
409 4.9532499999999995e-06
410 0.000562188
412 0.991416
413 4.9666700000000003e-05
414 1.88865e-10
415 1.53247e-08
418 0.00010190799999999999
421 5.62103e-08
422 0.000129724
423 1.95616e-05
425 1.2511200000000002e-07
426 0.00210382
429 2.79296e-06
432 0.202192
434 0.00113693
436 4.2862699999999995e-06
437 0.000189718
440 2.4941400000000002e-06
441 1.61252e-08
442 1.37311e-11
444 1.53485e-05
445 0.000520604
447 9.50065e-05
449 0.00043008699999999995
451 0.9557120000000001
452 1.25064e-06
453 3.6901199999999993e-06
455 0.00110428
456 6.594920000000001e-07
457 0.000533023
458 0.000547209
465 4.3799199999999997e-07
466 2.67709e-05
467 5.363869999999999e-09
471 2.88594e-05
472 8.566719999999999e-15
473 0.0005618919999999999
475 0.000580486
478 0.000174885
479 6.1288e-05
481 0.0007389930000000001
485 9.66482e-05
487 4.10569e-07
488 6.09751e-08
490 4.32504e-06
493 8.18184e-06
495 0.00281581
497 2.82286e-11
502 1.15549e-05
504 0.000160844
505 8.42322e-07
506 8.495889999999999e-06
507 2.40892e-06
510 1.96701e-06
511 1.15078e-05
512 9.00047e-08
517 1.7221900000000002e-05
521 2.03239e-06
527 1.86519e-12
529 0.00298712
532 4.4363199999999996e-08
533 0.00018976599999999999
534 0.00012691799999999998
536 1.34847e-11
538 8.368389999999999e-08
539 0.000530676
542 1.97486e-08
546 9.43122e-06
547 5.30746e-05
548 1.75262e-06
551 0.035215300000000005
553 3.75324e-10
556 1.24597e-07
557 0.000120941
558 0.000722639
560 0.00100683
561 9.81422e-11
562 1.23855e-08
566 1.4217200000000002e-08
567 6.3628600000000005e-09
568 1.4145799999999999e-08
569 8.524860000000001e-10
570 2.0883899999999998e-08
571 1.9168700000000002e-06
572 3.319369999999999e-10
573 1.3115799999999999e-05
574 0.00140707
575 0.00024271
576 0.000113484
578 7.057710000000001e-06
580 5.78354e-08
584 7.74946e-11
585 2.28472e-10
586 0.00776313
587 3.2976199999999993e-06
593 1.2428399999999998e-09
594 6.53874e-08
595 2.95614e-06
596 0.0848743
600 0.000912213
602 0.0005167969999999999
603 1.26352e-06
604 0.00238059
606 6.83995e-08
607 4.90248e-05
611 0.0007254869999999999
614 7.57085e-14
615 3.3007e-06
616 0.030547500000000002
617 4.18457e-06
618 0.000274072
621 4.494790000000001e-06
623 0.00035401800000000005
624 2.68094e-08
627 0.00660315
629 1.8074e-05
630 4.80726e-10
631 0.000389786
634 0.000112776
636 8.63781e-08
638 2.8612100000000003e-09
639 1.95899e-05
640 8.007630000000001e-16
641 1.77803e-05
642 1.088e-05
643 0.00039047699999999997
644 2.6064e-12
646 7.15475e-07
649 8.6799e-05
650 5.5396099999999996e-05
651 0.0243537
652 1.601e-05
655 5.02054e-09
658 2.80494e-07
659 2.13646e-08
662 6.09849e-11
664 2.06933e-05
665 5.18759e-14
666 0.00167913
668 5.64652e-09
669 0.000348501
670 8.21229e-07
673 0.0008785939999999999
674 0.00022940799999999998
678 1.2327e-07
679 2.9653800000000003e-06
681 0.000728653
683 5.858e-07
687 4.1272399999999996e-07
691 4.91669e-09
692 1.3721199999999998e-05
693 1.09197e-05
696 3.7422300000000003e-06
697 7.71995e-05
698 6.19209e-05
701 0.000183155
703 7.95534e-05
704 0.0621898
706 1.9373e-07
708 0.000101115
715 5.70938e-07
716 0.000755518
718 0.00036370699999999995
719 8.44059e-08
721 9.78057e-07
722 0.00010673
723 9.60636e-06
724 1.07903e-06
725 0.6785899999999999
727 4.0171e-07
732 1.11778e-05
734 0.000291057
735 5.43763e-07
736 8.915469999999999e-08
737 0.00302188
741 3.6809199999999996e-14
743 0.000567757
744 1.1523e-05
745 4.3869399999999997e-07
747 2.17215e-11
749 5.685780000000001e-09
751 0.06423
757 2.34654e-08
758 1.9986799999999999e-10
759 7.668960000000001e-06
762 4.496259999999999e-06
765 0.00015154600000000002
766 5.54072e-07
769 4.00977e-05
773 1.0483e-05
775 1.32236e-08
778 1.3104499999999999e-06
779 2.9676e-05
781 3.62017e-06
783 0.000675076
784 2.74644e-06
785 0.00250221
788 1.10759e-06
789 7.99078e-05
790 2.47479e-05
792 0.00021340400000000002
795 0.00026043
798 7.764429999999999e-14
801 3.99059e-09
803 9.954639999999999e-06
807 0.00560561
809 3.4232199999999996e-08
811 8.02985e-11
813 4.68236e-10
817 0.00022134700000000002
819 1.23148e-07
821 1.48022e-07
824 1.07023e-06
825 1.33093e-13
833 3.86304e-06
835 8.97846e-10
836 0.000147169
837 0.0006552680000000001
838 1.09867e-12
839 5.2497e-07
840 7.68699e-08
841 8.940430000000001e-07
844 1.82326e-08
846 3.49543e-06
852 1.25244e-05
853 0.000210972
856 4.97522e-05
858 4.844230000000001e-08
861 3.993630000000001e-06
864 3.3941000000000003e-11
866 0.00110379
869 0.00549339
870 3.9339000000000004e-05
873 7.76392e-06
875 0.000564091
877 0.00394558
881 3.2983699999999996e-07
883 1.2943300000000002e-07
884 0.000304022
886 2.42963e-06
890 4.3384300000000004e-05
891 3.4518699999999995e-06
893 1.31564e-06
894 7.50808e-07
897 3.07339e-05
901 0.00054274
905 0.00139053
907 0.00384526
909 1.39475e-05
910 2.88879e-07
913 0.00585974
914 0.00042129099999999996
916 2.41999e-11
922 0.000145318
924 1.39577e-09
925 1.2181900000000001e-05
927 1.1009300000000001e-05
928 5.93187e-07
930 9.10424e-11
932 6.31002e-07
933 9.94397e-06
938 1.5680200000000002e-06
939 0.0110737
940 5.3992000000000005e-08
941 3.1918600000000004e-07
942 9.8203e-09
944 0.000253547
945 9.88483e-09
952 1.85374e-05
953 2.7182799999999997e-06
955 2.16483e-05
956 0.000164042
957 4.82244e-05
959 8.78444e-07
960 0.00045661800000000005
961 0.000100692
963 0.0087991
968 6.39123e-09
969 1.43993e-06
970 2.09825e-05
974 1.89497e-10
975 0.00129102
976 0.00157021
978 4.41429e-05
979 0.00011064299999999999
981 4.2773099999999995e-06
983 9.00326e-05
984 3.9638e-05
985 6.18868e-07
986 0.00667507
988 2.57365e-05
990 7.3399199999999995e-06
992 0.00309025
994 2.10588e-10
995 1.61477e-05
998 1.79231e-11
1000 0.000354584
1003 2.505e-09
1005 3.23181e-07
1006 0.00120699
1007 3.27926e-09
1013 0.014493
1016 1.002e-05
1019 2.6662e-11
1020 9.123700000000001e-05
1021 6.23138e-11
1022 8.56865e-06
1023 3.446e-06
1025 4.13207e-11
1026 0.00783551
1029 4.0976e-09
1030 1.75088e-08
1031 1.49135e-08
1032 1.05071e-05
1033 9.45052e-07
1034 0.00040414300000000004
1035 1.26962e-06
1037 0.00834713
1038 3.3340700000000004e-05
1039 1.27611e-06
1040 1.2392699999999999e-05
1044 0.274447
1046 8.772410000000002e-06
1047 1.67346e-07
1048 0.000271346
1049 9.554069999999999e-05
1051 1.95785e-12
1054 0.00157285
1055 2.1355500000000002e-05
1058 3.47525e-05
1059 0.000131895
1063 6.75203e-05
1065 1.59883e-05
1067 2.6703e-08
1070 2.7382399999999994e-09
1075 0.00530765
1076 1.91508e-05
1080 8.35393e-06
1081 9.20675e-07
1085 3.4218e-12
1086 0.000357332
1087 0.000478914
1088 0.00277772
1089 3.3814200000000005e-10
1090 4.6423999999999995e-05
1094 0.000162684
1095 0.000278783
1096 4.3105900000000005e-14
1098 3.09872e-14
1099 5.50776e-05
1100 0.00400386
1103 0.023720599999999998
1105 6.455129999999999e-07
1108 6.85025e-05
1111 0.000408614
1114 0.42849499999999996
1115 1.5694700000000003e-08
1116 6.24953e-06
1117 4.78499e-07
1118 9.24735e-06
1120 0.6342760000000001
1122 5.95672e-09
1123 0.00400013
1126 3.0818299999999997e-13
1128 4.92358e-05
1131 0.0183027
1132 0.00676715
1133 7.70945e-07
1134 4.54934e-09
1135 5.38311e-09
1138 8.640080000000001e-08
1139 6.21432e-11
1141 0.000154836
1146 0.126004
1150 1.4067100000000002e-08
1153 6.26018e-06
1155 1.46641e-05
1157 1.8146e-09
1159 3.7614400000000004e-05
1162 8.389e-05
1163 7.05628e-07
1165 0.0026611
1167 1.68439e-05
1169 4.22898e-07
1173 1.2440299999999998e-06
1177 6.48261e-07
1178 6.90925e-07
1179 9.75126e-08
1180 2.99935e-05
1181 3.44274e-14
1183 0.00010874200000000001
1188 2.92409e-07
1189 2.53483e-08
1190 2.2530000000000003e-06
1193 2.03675e-07
1195 0.0398779
1196 3.6923499999999996e-07
1197 2.23502e-06
1198 2.73685e-10
1202 5.75504e-05
1208 0.000383062
1210 0.00041865699999999996
1213 8.91724e-05
1216 0.00217944
1217 0.00109638
1218 1.23945e-09
1219 3.87686e-05
1220 2.44569e-05
1222 4.43667e-05
1223 3.3322500000000006e-10
1227 0.00010636
1228 6.957739999999999e-06
1232 0.349337
1235 0.000175368
1238 8.77152e-12
1242 0.00032219700000000003
1243 2.3325e-05
1244 1.6962700000000002e-06
1245 0.00010099200000000001
1246 0.00547048
1249 6.051990000000001e-06
1251 5.1073500000000005e-05
1252 3.5775e-08
1253 1.981e-05
1255 0.000155248
1256 0.000411945
1257 0.00592212
1261 7.48567e-06
1262 2.3815300000000004e-16
1264 5.91384e-10
1267 6.69023e-07
1271 0.00157004
1275 9.77725e-06
1276 5.54164e-06
1278 9.32797e-07
1280 1.28766e-06
1282 5.82188e-05
1283 8.145010000000001e-06
1285 5.55397e-07
1291 6.06118e-07
1295 6.51176e-10
1296 7.19418e-12
1297 2.62051e-07
1300 0.056731100000000007
1301 3.876699999999999e-09
1302 2.28176e-06
1303 4.1897300000000003e-07
1305 0.000385924
1306 0.000915661
1307 1.1716899999999999e-06
1308 9.28274e-07
1313 0.00432072
1317 0.729815
1318 7.46576e-06
1319 3.83591e-05
1320 0.00246022
1321 5.94165e-08
1322 0.014506299999999998
1328 0.0316979
1329 0.0462907
1331 1.1626199999999999e-09
1335 1.33584e-06
1336 1.81231e-13
1338 5.38678e-09
1339 0.00642315
1340 1.7708e-05
1342 0.029709100000000002
1344 0.00323328
1347 2.157e-06
1349 5.62344e-05
1351 2.55409e-05
1353 2.2905500000000003e-05
1354 2.36379e-05
1355 3.11615e-05
1356 4.0602899999999994e-09
1357 3.05924e-08
1358 7.50765e-07
1359 5.578139999999999e-06
1363 3.05837e-07
1366 8.1929e-05
1367 1.32718e-09
1368 2.16556e-06
1369 5.41765e-12
1370 8.91435e-11
1372 1.85391e-06
1373 1.6190000000000001e-07
1374 1.70358e-07
1376 3.0475999999999998e-05
1377 4.4761099999999994e-05
1379 2.9651e-07
1380 6.5541e-05
1381 1.5524000000000002e-10
1382 0.000306362
1389 0.000485601
1391 5.34012e-09
1392 3.51468e-09
1394 3.67709e-07
1396 0.0019339000000000001
1398 0.014938900000000001
1399 0.00022908599999999998
1401 4.50768e-07
1403 7.22703e-08
1407 0.000234527
1410 3.18056e-05
1411 3.30293e-08
1412 0.00138895
1415 6.48711e-05
1416 0.0193784
1417 0.000115675
1419 6.71093e-05
1422 9.03664e-08
1423 1.3904000000000001e-05
1424 1.09649e-05
1425 0.000187698
1428 0.0343671
1429 5.216280000000001e-06
1431 2.16218e-07
1433 5.6931600000000006e-06
1435 5.929540000000001e-06
1437 1.4757499999999998e-06
1438 3.0827e-05
1440 2.80693e-11
1446 1.68133e-08
1447 1.13915e-10
1448 0.000530044
1449 1.8260499999999999e-06
1452 0.00286992
1454 0.000452563
1456 0.000592766
1458 7.27842e-06
1459 1.6639300000000002e-05
1461 8.19631e-06
1462 0.000666244
1469 5.92849e-06
1471 0.231555
1473 1.51998e-05
1474 7.64256e-07
1476 2.15471e-09
1477 3.51493e-05
1478 2.2042800000000002e-05
1482 6.91155e-05
1487 0.0006886139999999999
1489 7.84009e-07
1491 5.4167500000000005e-08
1495 0.0013702999999999999
1496 5.10571e-17
1500 1.98042e-08
1502 4.51516e-11
1503 1.80762e-08
1505 5.96346e-05
1506 9.63926e-06
1507 0.0183282
1508 0.026237700000000003
1511 1.3907299999999999e-12
1513 4.2030299999999995e-07
1516 2.33827e-14
1518 2.8749099999999997e-08
1519 8.32771e-07
1520 6.88311e-05
1525 3.96222e-07
1527 5.23554e-05
1530 0.00255782
1533 1.39377e-05
1534 0.00042382300000000004
1535 0.00027816900000000004
1538 8.550660000000001e-07
1540 1.44791e-06
1542 3.3891900000000002e-06
1546 1.7121e-09
1547 2.1585100000000003e-13
1549 6.71297e-06
1550 5.78778e-10
1551 6.86794e-11
1552 1.0817500000000001e-07
1558 7.65337e-06
1560 2.8381999999999996e-09
1562 0.00797276
1564 7.72418e-07
1566 3.7417400000000004e-06
1567 1.46502e-07
1568 2.0172099999999998e-06
1569 6.36122e-07
1570 6.80591e-08
1572 5.73759e-12
1573 0.000182445
1574 0.07352539999999999
1575 0.00293089
1578 3.64241e-06
1581 7.621489999999999e-06
1583 7.81686e-05
1584 0.044679
1585 8.107340000000001e-07
1587 8.10138e-08
1589 0.0546184
1591 9.85667e-09
1592 0.0823607
1596 8.03757e-05
1599 7.77331e-07
1600 2.57105e-05
1601 0.00109617
1602 6.5442e-07
1605 0.0304202
1606 4.75868e-10
1609 1.98643e-07
1613 1.2703599999999997e-09
1615 2.9897900000000003e-06
1616 9.65471e-07
1619 1.0036399999999998e-08
1620 4.36192e-11
1621 5.343979999999999e-09
1623 5.03794e-08
1624 0.00362237
1625 0.014616
1626 6.9217800000000004e-12
1629 4.05274e-05
1631 5.52215e-06
1634 1.0005e-05
1635 0.69897
1637 0.0530683
1639 0.000678985
1641 0.958211
1644 2.9282299999999997e-06
1645 0.0536405
1646 6.60922e-05
1648 1.33591e-05
1652 1.26933e-05
1655 0.0168458
1656 0.000144715
1657 8.32367e-07
1658 2.17976e-07
1659 5.3504099999999995e-06
1660 2.48754e-11
1663 4.25348e-07
1664 0.00149636
1665 4.6410800000000004e-07
1666 4.5910200000000006e-05
1667 0.00142839
1668 6.6036e-05
1670 1.90554e-09
1671 0.00129799
1672 7.206649999999999e-08
1674 1.81338e-06
1679 1.0991899999999999e-07
1681 1.7672900000000002e-06
1687 0.00419505
1692 0.000301869
1694 1.06507e-10
1695 9.58235e-07
1696 1.19376e-05
1697 0.022023599999999997
1698 6.139580000000001e-06
1700 1.658e-06
1701 1.37578e-08
1702 6.3087999999999996e-09
1703 0.00139474
1704 1.5762200000000003e-08
1705 0.000419308
1706 2.99025e-06
1709 2.13093e-08
1710 1.11185e-06
1712 1.4393699999999999e-05
1715 0.00548982
1716 0.212019
1719 0.00014892600000000002
1720 3.6617199999999997e-06
1722 0.00048592800000000005
1728 3.4605400000000004e-06
1731 1.5901e-05
1735 2.3214200000000002e-05
1736 3.03289e-05
1737 1.16053e-11
1740 4.90749e-07
1742 9.78599e-08
1743 2.92342e-06
1744 3.84364e-08
1745 0.000164168
1748 7.30209e-08
1751 0.0008043810000000001
1753 0.00128104
1757 3.17394e-05
1760 5.986609999999999e-06
1762 1.75345e-05
1763 6.697510000000001e-05
1764 0.956031
1767 0.542968
1769 8.112089999999999e-06
1770 1.0422599999999999e-05
1773 0.000123268
1774 0.000713043
1776 2.1854e-05
1779 1.07986e-06
1781 0.00043664400000000003
1783 0.000148573
1786 9.363149999999999e-05
1788 6.32703e-08
1790 1.3993e-09
1791 6.54008e-07
1792 0.000797775
1794 1.92516e-05
1796 5.6908199999999993e-08
1798 1.0547e-11
1802 4.35295e-05
1803 1.58529e-06
1804 1.4134700000000001e-06
1805 8.43878e-06
1808 3.76459e-08
1811 1.93243e-07
1812 1.4328799999999997e-06
1813 4.18563e-05
1814 1.57471e-06
1815 1.09854e-05
1817 8.195820000000001e-07
1819 5.8645600000000006e-05
1820 1.08524e-06
1822 7.597929999999999e-07
1823 0.000273599
1824 1.73858e-07
1826 8.42954e-05
1829 9.06134e-07
1831 3.85851e-09
1835 9.47778e-06
1838 2.2483e-11
1839 0.00010607
1844 1.99325e-12
1846 4.19413e-05
1848 4.50973e-12
1850 0.000699712
1851 0.192414
1852 0.030498200000000003
1856 4.98517e-06
1857 1.54101e-05
1859 1.77666e-13
1863 2.13193e-07
1865 0.15654
1866 0.0266651
1867 5.4352e-06
1868 1.2803100000000002e-07
1869 2.25229e-07
1871 1.3568e-11
1873 2.78195e-07
1874 8.95796e-08
1876 1.33094e-08
1879 2.3015100000000003e-05
1880 0.000139465
1883 1.4061199999999999e-06
1884 0.0006392
1885 3.50266e-05
1886 3.05569e-07
1889 2.3453099999999997e-10
1890 1.18101e-05
1891 1.1166e-08
1893 3.55182e-05
1895 0.00022162400000000002
1897 1.78441e-10
1900 0.0170625
1905 1.8661500000000001e-06
1908 3.91908e-09
1909 3.28392e-09
1910 9.66842e-05
1912 5.55775e-17
1913 1.149e-07
1914 3.48281e-06
1916 5.32535e-10
1917 0.8735430000000001
1919 7.60014e-09
1921 0.00014717700000000002
1923 2.1969e-07
1924 6.306830000000001e-08
1925 6.54312e-12
1926 0.044776800000000005
1929 2.11599e-15
1935 6.20104e-07
1939 0.428468
1942 1.1733e-06
1943 1.54554e-05
1946 2.36727e-05
1947 9.36341e-06
1949 5.6857e-07
1951 8.48477e-05
1953 1.63311e-07
1955 0.000325717
1956 1.49938e-05
1957 1.8786599999999999e-06
1959 1.8204299999999997e-12
1961 3.16794e-07
1965 1.3187000000000001e-05
1966 0.00141357
1967 5.11869e-11
1968 1.70392e-06
1969 5.64329e-05
1973 2.13655e-05
1974 0.00497247
1975 3.73596e-07
1979 0.000838723
1983 3.9717000000000004e-10
1984 0.017346599999999997
1986 0.000314008
1987 0.99797
1988 1.09944e-09
1990 6.3084500000000006e-06
1991 5.01144e-11
1992 1.8943e-06
1993 4.54785e-05
1994 3.86857e-09
1996 4.54495e-08
1997 3.33882e-17
1998 1.4865699999999998e-09
2003 0.00220411
2005 0.971808
2007 2.0953000000000006e-11
2008 8.07622e-11
2009 9.60446e-07
2010 7.9032e-08
2013 1.1898699999999998e-05
2014 8.258530000000001e-07
2016 0.000649927
2017 0.936224
2018 1.05096e-07
2026 4.2466700000000003e-07
2028 0.00115396
2029 5.74092e-07
2031 0.0013636
2032 0.00043254400000000004
2033 0.000160447
2035 2.34404e-09
2038 0.000991013
2040 3.57553e-08
2041 1.86807e-05
2044 3.03433e-10
2046 0.632576
2048 2.16049e-06
2050 0.001734
2052 5.4825599999999996e-06
2053 5.9544399999999995e-06
2057 1.1054000000000001e-05
2059 5.1428e-06
2060 0.00010041399999999999
2062 1.61355e-07
2065 5.03577e-06
2066 1.18053e-05
2071 0.075777
2072 0.0243395
2073 2.76179e-06
2074 9.12404e-06
2075 4.65377e-08
2076 0.368705
2077 4.59029e-06
2078 5.4311400000000004e-14
2079 7.78695e-05
2080 2.2816999999999997e-06
2081 4.982659999999999e-10
2084 2.78586e-06
2085 0.00527979
2087 6.490509999999999e-06
2089 2.36239e-13
2092 0.047535900000000006
2093 4.22094e-11
2097 9.86415e-05
2100 0.00018639
2103 3.9603e-10
2105 8.04362e-11
2106 3.9647800000000004e-10
2107 0.014068299999999999
2110 0.00033226
2111 1.46568e-05
2113 4.67945e-09
2115 0.930325
2118 6.77254e-05
2119 5.43328e-06
2121 0.000116291
2122 0.000214888
2123 2.93624e-06
2127 6.88963e-09
2128 3.3052099999999996e-08
2130 1.2430700000000001e-08
2131 0.00370531
2133 0.00012288799999999998
2137 1.76007e-05
2138 0.017701599999999998
2141 0.000615504
2143 2.12478e-11
2144 0.0007101010000000001
2147 3.07796e-07
2148 3.22523e-11
2149 2.3842399999999997e-05
2150 0.00046982400000000003
2154 1.38323e-07
2157 1.99016e-07
2159 3.93165e-06
2160 0.0108307
2161 4.50079e-05
2162 0.00180625
2164 1.41309e-07
2167 6.40845e-05
2168 1.8393800000000001e-09
2173 0.570103
2175 4.8677600000000006e-09
2177 6.36068e-08
2185 4.82174e-09
2188 1.41051e-07
2189 6.0522400000000005e-06
2195 4.396939999999999e-05
2198 0.000427539
2200 0.00137035
2203 0.000788466
2204 0.0466849
2205 4.08195e-06
2206 1.08202e-09
2207 5.77726e-06
2210 7.86268e-05
2211 4.5169799999999996e-05
2216 1.3274400000000001e-05
2217 1.54712e-11
2222 3.14346e-05
2223 2.02561e-06
2225 0.000297479
2227 1.83447e-13
2229 3.782340000000001e-10
2230 0.00014142200000000002
2231 1.16971e-05
2232 0.000141282
2235 3.43376e-05
2236 4.5638399999999997e-07
2239 1.48705e-07
2240 2.2378900000000002e-07
2242 5.578870000000001e-09
2243 0.00269967
2245 1.3796999999999999e-06
2246 9.352370000000001e-05
2250 0.00022605099999999998
2252 3.1532299999999997e-07
2254 0.00101628
2258 3.15533e-09
2262 5.54483e-05
2264 0.00041809400000000004
2269 0.015731799999999997
2271 6.61297e-10
2274 5.77788e-07
2275 8.08055e-09
2282 6.25214e-07
2283 0.00842161
2286 0.000371665
2289 0.000129247
2292 3.2623600000000003e-09
2294 3.2259299999999994e-09
2295 0.000182273
2296 5.19399e-05
2297 4.02896e-05
2298 3.4249199999999997e-06
2299 0.415973
2301 7.489830000000001e-07
2303 0.000611606
2304 6.36539e-08
2309 1.41893e-13
2312 1.32424e-05
2313 0.853074
2314 0.731453
2316 0.000292495
2317 1.18713e-06
2319 7.35768e-08
2322 4.99086e-05
2325 0.00024102099999999998
2326 0.00014084299999999998
2327 0.000829297
2331 2.90072e-05
2336 2.0376e-09
2338 0.00253057
2339 1.17678e-06
2341 6.32399e-05
2344 0.000154924
2346 8.55767e-08
2349 1.33595e-07
2351 9.23839e-08
2353 2.8455400000000004e-06
2356 2.4992399999999997e-09
2357 0.000323864
2358 0.000379975
2360 0.00012404700000000001
2363 0.000355059
2365 2.17818e-05
2370 2.97079e-10
2379 6.18978e-11
2380 3.2246499999999997e-06
2381 1.75471e-05
2383 3.8680599999999996e-09
2386 0.0048465
2388 0.0015145
2389 3.6162e-08
2390 0.000646676
2394 1.2996900000000001e-05
2395 3.03417e-05
2396 0.00246116
2397 2.70172e-07
2398 0.00034703699999999996
2399 1.03511e-07
2400 1.90921e-08
2402 6.483230000000001e-08
2406 9.98903e-06
2408 8.20301e-06
2409 0.00292772
2412 2.90922e-05
2414 0.00014659999999999999
2416 7.40954e-07
2418 0.000720594
2421 0.000244577
2422 2.35194e-07
2424 8.147310000000001e-06
2426 1.54339e-14
2428 2.40608e-05
2429 6.1114e-06
2430 1.17288e-07
2431 0.000306151
2432 0.0006030380000000001
2434 1.03295e-05
2438 3.23138e-05
2440 6.36459e-13
2446 1.57299e-08
2447 0.0213422
2449 0.000817291
2451 6.25447e-05
2453 1.00428e-05
2455 2.41257e-07
2457 0.000273719
2463 6.13883e-06
2464 0.011961
2467 6.89614e-11
2469 3.4725599999999997e-06
2473 4.23388e-11
2474 1.03941e-07
2475 7.42421e-09
2482 3.34757e-05
2484 0.000195833
2485 0.00644386
2486 1.6382000000000002e-07
2487 1.1688699999999999e-05
2488 3.81002e-11
2489 1.5058699999999999e-05
2495 1.03442e-05
2498 8.88062e-06
2499 0.00018308299999999998
2503 8.90348e-07
2506 4.97399e-09
2507 1.7086500000000001e-07
2509 2.2521399999999998e-05
2510 1.49602e-11
2511 0.00106419
2515 2.44898e-07
2516 1.0291200000000002e-06
2517 9.21398e-09
2521 2.7596799999999998e-08
2522 8.8149e-07
2526 1.4853399999999998e-06
2527 3.3710900000000003e-10
2528 0.00020443299999999999
2530 5.83522e-11
2531 3.48039e-11
2532 3.07308e-09
2535 7.12853e-05
2536 8.66258e-07
2538 9.44085e-06
2541 8.6939e-06
2543 7.84221e-05
2548 6.09159e-07
2550 1.50844e-05
2551 4.0380900000000005e-06
2552 0.000287466
2553 0.00965523
2556 6.1349e-06
2557 5.24585e-10
2560 1.68047e-06
2562 7.53763e-05
2568 4.2176e-10
2570 0.00112067
2573 0.0030797
2574 0.000100249
2575 3.3704000000000004e-06
2576 0.923733
2577 1.16923e-11
2580 0.00034183699999999995
2581 3.84227e-06
2582 0.00033808
2583 7.00112e-05
2587 0.0139442
2588 3.87056e-06
2591 6.7401e-06
2592 5.97211e-11
2596 0.0005666180000000001
2597 0.0222353
2601 1.31215e-11
2602 2.49435e-07
2604 3.42376e-06
2607 8.26135e-07
2608 4.6692e-05
2610 0.000385066
2612 1.58831e-09
2614 0.000115305
2616 0.00143693
2617 2.6276e-06
2619 5.4901699999999995e-09
2620 0.000216716
2622 0.0208805
2623 0.996626
2624 4.61364e-05
2626 3.57207e-06
2628 2.8091e-05
2629 0.00016327
2630 2.86276e-09
2631 3.64321e-05
2638 1.35324e-09
2639 3.72169e-05
2640 6.9611e-12
2642 2.8334899999999998e-06
2644 2.77356e-05
2650 3.91486e-07
2651 0.00031857
2652 0.0060837
2654 2.1724200000000003e-06
2655 0.00567409
2656 2.97458e-08
2660 0.00011227200000000001
2661 3.13706e-12
2663 0.00433755
2665 7.51779e-05
2671 0.000120586
2672 0.00412766
2673 4.52196e-08
2674 2.12219e-07
2676 0.0211593
2679 0.00010094100000000001
2681 4.802150000000001e-07
2685 6.41224e-05
2686 7.77324e-06
2687 0.0013195
2688 5.38957e-06
2692 0.000821954
2694 3.7720599999999997e-07
2698 1.01666e-13
2700 0.0162024
2701 0.00109458
2703 0.0248304
2705 1.8424100000000002e-05
2707 2.94975e-05
2708 0.00508071
2711 1.95886e-06
2712 6.63761e-07
2716 3.4162599999999996e-07
2719 4.22342e-05
2720 0.419
2724 2.34549e-07
2725 0.0102674
2726 1.2539600000000001e-05
2728 0.00012952299999999999
2729 5.34426e-08
2731 2.34626e-08
2733 5.88244e-11
2736 1.07983e-07
2739 9.69208e-06
2740 7.85125e-06
2742 2.57873e-07
2743 3.11056e-05
2746 4.6826199999999996e-05
2748 4.6455199999999995e-06
2750 0.000158147
2752 6.73567e-08
2753 3.12073e-05
2754 1.4473400000000001e-06
2756 1.70903e-05
2758 1.3913599999999999e-06
2761 0.00019371200000000002
2764 4.12076e-11
2768 0.010675299999999999
2769 0.00360637
2770 0.263424
2771 8.83416e-07
2773 0.00042186800000000005
2777 1.48309e-07
2780 0.041318099999999996
2781 0.000137023
2787 0.000141322
2788 0.00018047200000000002
2789 0.959132
2790 0.00356503
2792 2.66911e-09
2793 9.76675e-07
2797 2.64846e-05
2799 2.52095e-07
2802 0.87705
2805 0.00488777
2806 7.1488399999999995e-09
2808 1.3604e-06
2809 3.38644e-06
2811 5.0219e-06
2813 2.15076e-06
2814 9.10709e-07
2818 0.394913
2819 0.00519741
2821 0.00142973
2822 1.92702e-06
2823 1.1518000000000001e-06
2824 6.50024e-06
2825 6.04236e-12
2828 0.299577
2829 2.4857599999999997e-06
2830 7.02301e-12
2831 1.21594e-06
2832 4.3345699999999994e-05
2837 0.14302
2839 4.88536e-12
2840 1.0303300000000001e-07
2843 1.17906e-06
2846 9.990239999999999e-06
2849 0.0260409
2850 9.128960000000001e-08
2851 2.0859e-05
2852 0.0856497
2853 0.134089
2856 1.90438e-08
2857 9.92901e-10
2860 1.06955e-06
2861 1.23749e-06
2862 4.07354e-06
2863 0.000216895
2865 2.42257e-06
2871 1.45361e-07
2872 0.000115041
2874 5.74747e-09
2876 0.00187452
2877 3.0118799999999998e-06
2878 1.572e-06
2882 0.00392368
2883 0.015749000000000003
2885 2.70877e-07
2887 6.9404600000000005e-06
2888 3.1676700000000003e-08
2890 3.59604e-08
2892 7.34773e-09
2894 0.00112637
2895 2.9663499999999998e-05
2897 0.000200493
2898 1.6576800000000001e-06
2900 8.22243e-06
2902 1.1685700000000001e-06
2903 0.5204810000000001
2904 9.39073e-07
2905 7.93068e-06
2907 2.80183e-06
2908 2.73681e-10
2909 7.345149999999999e-05
2911 0.00066816
2918 4.8011e-07
2920 4.29392e-06
2921 0.000450663
2922 7.199689999999999e-06
2923 0.00564379
2925 0.0008051369999999999
2926 0.00117621
2927 6.278390000000001e-07
2928 0.0182676
2929 0.000179795
2930 8.32103e-07
2936 2.8649600000000004e-09
2945 5.94004e-05
2948 1.26932e-06
2949 8.8114e-08
2950 2.30866e-05
2951 6.5461e-07
2955 1.67008e-07
2959 0.0545345
2961 7.10147e-08
2964 7.698689999999999e-05
2968 2.9412699999999997e-09
2970 1.7613299999999997e-09
2971 9.993340000000001e-05
2972 1.0773e-05
2973 0.000111528
2974 1.73476e-05
2979 0.00018608
2980 2.3906700000000003e-06
2981 0.000475081
2982 7.688649999999999e-05
2983 5.67458e-05
2985 1.5053299999999998e-06
2991 0.8896059999999999
2993 1.42333e-05
2996 4.7614600000000003e-07
2997 1.55028e-08
2998 3.2161e-13
2999 5.28314e-13
3001 3.8071e-06
3006 6.234500000000001e-10
3010 1.87668e-06
3012 0.000370151
3014 5.879169999999999e-06
3016 3.27382e-06
3018 3.3073900000000003e-07
3019 0.000335359
3020 1.5790799999999998e-05
3022 0.00664441
3025 8.23478e-05
3026 0.000935815
3029 2.01689e-07
3030 0.65437
3033 7.53167e-07
3035 9.549889999999999e-06
3036 3.8727600000000005e-05
3037 0.000746137
3040 7.1913300000000005e-06
3041 0.00013403
3043 1.60034e-05
3046 3.55558e-09
3048 6.4313e-08
3049 0.000100122
3050 0.000120471
3052 2.33693e-06
3055 0.000239062
3059 9.126470000000001e-07
3060 1.6364800000000001e-09
3062 7.067819999999999e-08
3067 8.025100000000001e-09
3068 0.997432
3069 0.9371790000000001
3070 2.02866e-05
3071 7.7066e-07
3073 1.77863e-06
3075 1.95373e-06
3076 1.19094e-08
3079 8.44747e-05
3080 1.41775e-10
3081 9.5009e-06
3084 0.0005322090000000001
3087 0.00930118
3091 0.000100168
3095 0.00588912
3096 0.0512557
3097 6.75038e-07
3099 1.3270600000000002e-08
3101 2.5745e-08
3104 0.012434899999999999
3109 1.9379200000000002e-08
3111 1.75695e-07
3113 4.67593e-11
3114 0.000914123
3115 1.7826e-08
3119 3.5333200000000003e-10
3123 0.000329343
3125 1.7734599999999998e-06
3128 5.76358e-05
3130 4.6166e-15
3131 0.0031668000000000004
3132 8.92141e-05
3136 1.0778399999999999e-08
3139 2.7819799999999997e-06
3141 2.43829e-06
3143 5.50909e-07
3144 4.28446e-05
3148 0.000443614
3151 9.535630000000001e-08
3152 0.183668
3153 2.06368e-06
3156 0.983513
3158 1.4840200000000002e-06
3160 2.20864e-05
3166 0.00284527
3167 9.572530000000001e-07
3168 0.000278672
3171 0.036212
3172 7.08662e-05
3173 0.000119721
3174 0.0113536
3179 0.027020099999999995
3180 0.000534207
3182 0.00261068
3187 0.0493598
3190 7.94674e-05
3191 3.30462e-06
3192 7.839090000000001e-07
3193 7.92952e-05
3196 4.892180000000001e-08
3197 1.93701e-07
3198 2.12238e-05
3201 0.5323939999999999
3203 1.21261e-07
3206 1.00136e-06
3208 1.1326e-08
3209 6.656660000000001e-06
3212 0.00027686400000000004
3215 0.194496
3217 3.54183e-08
3220 2.92761e-08
3221 0.0007754260000000001
3222 2.64038e-05
3224 1.24093e-05
3225 0.00141558
3226 7.32387e-05
3227 4.63057e-10
3230 4.29343e-06
3232 0.00487242
3234 0.00038999699999999995
3235 0.00235023
3237 0.00109612
3238 5.21136e-10
3241 0.0340355
3245 0.00399353
3246 1.98755e-05
3248 6.142200000000001e-10
3249 1.99758e-14
3251 2.20608e-11
3252 1.31244e-06
3257 3.1151599999999997e-07
3263 0.047170699999999996
3264 0.0901187
3265 8.464310000000002e-08
3266 0.000688534
3267 8.9728e-10
3268 1.84027e-08
3275 1.32258e-05
3276 4.05739e-08
3277 1.96833e-09
3278 3.0921599999999995e-08
3281 2.59154e-07
3283 0.00039383
3286 4.1584e-09
3287 4.8545500000000005e-05
3288 0.015569399999999999
3289 0.000152191
3291 3.60235e-10
3295 1.16338e-07
3297 3.29739e-07
3298 7.387619999999999e-06
3302 1.0122499999999999e-09
3304 0.000743264
3305 4.88452e-06
3306 3.29635e-11
3309 5.95193e-11
3310 4.033880000000001e-06
3312 7.0005100000000004e-12
3314 7.903430000000001e-08
3315 3.14637e-06
3317 7.28071e-06
3318 0.00162748
3319 0.00417183
3321 1.25773e-07
3322 1.42254e-06
3323 4.6361599999999995e-06
3324 6.07125e-08
3326 4.1529399999999996e-05
3328 1.2492e-06
3329 3.71326e-06
3332 0.0116288
3333 1.94314e-09
3334 1.05963e-05
3340 3.14444e-06
3341 2.28713e-06
3342 1.04135e-05
3345 7.98492e-06
3346 5.979630000000001e-06
3347 6.59481e-05
3348 9.58727e-06
3352 3.13613e-05
3353 4.2737e-10
3357 7.92544e-12
3358 1.09316e-07
3361 0.36499299999999996
3364 2.25562e-07
3366 0.6098819999999999
3368 7.428089999999999e-06
3371 2.77594e-05
3372 8.935350000000001e-09
3375 4.46491e-08
3378 3.4445999999999996e-06
3381 8.45282e-09
3383 0.000261833
3384 0.000129364
3385 1.50583e-06
3387 7.30066e-10
3388 6.4094e-09
3389 8.78009e-09
3393 9.55984e-07
3394 0.994526
3399 1.38333e-07
3400 2.38588e-14
3402 0.000327831
3405 2.79623e-10
3409 1.50499e-06
3411 0.11785599999999999
3414 3.0986200000000004e-06
3418 0.00014534700000000002
3423 0.000105689
3426 4.08769e-05
3427 2.8497900000000003e-07
3428 2.79754e-06
3431 8.32461e-05
3432 0.228215
3434 1.73662e-05
3437 2.78814e-07
3438 7.43389e-08
3440 0.00405056
3442 8.067870000000001e-07
3445 8.468600000000001e-07
3446 5.47368e-05
3447 3.80603e-07
3448 1.23389e-10
3454 1.7447999999999998e-06
3456 1.53753e-07
3457 2.04166e-05
3459 7.7066e-06
3460 5.89924e-07
3463 2.77431e-05
3467 1.38019e-11
3471 0.0512567
3472 0.000557312
3473 0.00146977
3474 2.7294200000000003e-09
3475 4.1591499999999996e-05
3476 0.00424173
3478 0.00033414800000000004
3479 0.000158071
3480 0.00018911900000000002
3481 2.3500500000000003e-05
3482 5.06675e-06
3483 4.08596e-05
3485 3.02609e-05
3486 6.43151e-05
3488 3.0280500000000003e-05
3490 0.000820125
3494 1.14666e-07
3495 0.000197805
3498 0.000829741
3501 6.70026e-07
3502 1.0137399999999999e-07
3503 5.0913e-08
3504 2.7685300000000002e-06
3505 5.17133e-11
3507 8.97927e-10
3512 6.168640000000001e-09
3513 1.7905999999999998e-05
3514 5.55776e-08
3515 6.061080000000001e-06
3517 2.1947e-06
3520 1.63234e-05
3523 1.3739400000000001e-06
3526 0.000385575
3527 2.2162399999999996e-05
3531 0.000131429
3532 1.62416e-06
3533 0.8052060000000001
3534 1.6164099999999998e-14
3535 4.1711699999999996e-06
3538 2.66274e-07
3540 0.000148095
3541 2.48263e-06
3542 3.7532e-08
3543 9.51878e-06
3544 0.000205517
3545 1.3598099999999999e-09
3547 3.26306e-06
3552 7.14608e-07
3553 9.0229e-07
3557 0.0434596
3558 2.7073099999999997e-06
3559 0.000569128
3560 2.05987e-11
3561 3.7944499999999996e-05
3562 0.0315801
3563 0.000128291
3568 1.97495e-06
3569 4.5248500000000006e-05
3570 5.9070299999999996e-05
3571 0.000503004
3572 1.3860900000000001e-14
3573 1.42024e-05
3574 8.641340000000001e-13
3578 9.89981e-09
3579 0.00130639
3581 1.90095e-05
3582 4.71348e-06
3583 0.00185738
3584 0.000476894
3590 2.30056e-07
3591 1.3016099999999999e-05
3592 0.000431484
3595 0.000864231
3598 0.000543431
3600 1.35787e-05
3601 2.6632099999999997e-10
3602 5.77383e-06
3607 1.18875e-06
3610 2.8695e-07
3612 0.000607995
3613 0.00463501
3615 2.74886e-07
3616 2.0934299999999997e-06
3617 6.208489999999999e-07
3619 1.02228e-05
3624 1.21712e-05
3626 1.08936e-06
3630 2.22401e-07
3631 1.03657e-05
3633 0.09852689999999999
3637 0.000121162
3641 6.56842e-07
3643 8.52708e-05
3647 3.44445e-11
3649 3.8966e-06
3650 6.47959e-07
3652 0.00471356
3653 0.858799
3659 2.10271e-05
3661 0.000364791
3665 3.4046599999999997e-07
3666 2.2991700000000002e-08
3668 1.3999000000000001e-06
3670 6.660119999999999e-13
3672 0.0764303
3676 1.7112e-05
3677 8.84872e-08
3680 0.00290349
3682 9.74408e-09
3683 8.861839999999999e-08
3686 2.5391799999999997e-10
3687 0.0027445
3689 8.557249999999999e-09
3692 0.00101995
3693 0.000132678
3697 1.52515e-06
3701 3.13663e-05
3702 1.35165e-07
3707 0.000121872
3710 7.694899999999999e-07
3712 0.059988
3715 1.30559e-06
3716 0.000268892
3718 3.31494e-07
3719 4.57223e-08
3720 0.0020589000000000002
3723 0.000106341
3724 1.4378999999999998e-06
3725 3.92366e-07
3726 5.63141e-11
3728 0.00325235
3730 6.34532e-12
3731 7.90573e-06
3733 1.89057e-08
3734 0.000286106
3736 5.57505e-05
3737 0.00022307099999999998
3738 0.000343164
3739 3.88357e-06
3741 0.000325121
3742 0.000101813
3744 2.2567299999999999e-07
3745 3.2280700000000004e-05
3746 1.62392e-12
3747 1.2673899999999999e-06
3755 6.865310000000001e-06
3756 0.000619089
3757 1.84067e-09
3761 2.71657e-07
3762 0.00902892
3764 0.000745315
3765 9.48659e-06
3766 5.82369e-14
3768 1.35101e-09
3769 3.66811e-10
3770 1.6475e-08
3771 2.78531e-05
3775 0.000280801
3776 8.66476e-11
3777 1.3090700000000001e-06
3778 5.29771e-06
3782 3.63988e-07
3785 0.00491783
3787 2.88973e-08
3789 0.240083
3794 0.0230479
3795 1.09492e-09
3799 6.78049e-05
3800 2.49077e-07
3801 1.24629e-12
3802 2.8819499999999995e-10
3804 1.14352e-07
3805 4.34427e-05
3810 2.7337500000000002e-08
3812 3.93702e-07
3813 8.839939999999999e-10
3815 3.2044899999999996e-07
3816 2.9761900000000003e-08
3819 6.14327e-06
3822 4.97581e-12
3823 1.58142e-06
3825 3.57099e-09
3829 2.2945499999999999e-07
3831 1.76233e-06
3832 0.36935500000000004
3833 1.18207e-11
3836 0.00037906699999999997
3839 1.02366e-05
3840 0.998318
3841 0.00023051099999999998
3842 5.55676e-13
3843 0.000142049
3850 0.000239547
3851 3.6763300000000003e-06
3852 0.0115863
3853 1.5375799999999998e-06
3854 4.396649999999999e-05
3858 9.960270000000001e-05
3862 3.13398e-05
3864 4.5143e-09
3867 0.000137023
3870 0.000100615
3873 2.5598299999999998e-08
3875 2.2590900000000003e-06
3878 3.62145e-05
3880 1.89204e-07
3881 7.33737e-06
3882 9.3275e-05
3883 3.24994e-08
3884 3.83469e-08
3888 2.29288e-05
3892 1.5006399999999999e-07
3893 5.57781e-08
3894 1.8267900000000002e-07
3896 8.48449e-05
3897 0.00123432
3900 5.63754e-05
3901 8.03236e-05
3902 2.5337e-06
3903 6.733639999999999e-06
3904 0.00256685
3906 3.88442e-09
3908 5.20913e-06
3909 4.69172e-10
3910 1.55756e-05
3914 0.979864
3916 4.49847e-06
3917 3.3354699999999994e-08
3920 0.0289418
3922 0.000396478
3925 4.1762500000000004e-07
3927 0.00023145299999999998
3928 1.18762e-08
3929 8.29568e-05
3930 6.778939999999999e-06
3931 6.7826e-05
3933 0.00803623
3934 3.11118e-09
3938 6.67072e-05
3940 2.08446e-06
3942 8.38153e-05
3943 1.86234e-05
3944 0.000188133
3950 0.00010108
3951 0.00226321
3952 1.12779e-06
3955 0.0055278
3958 0.00401536
3959 1.20913e-05
3962 4.9265100000000004e-05
3964 0.00181452
3967 1.94474e-05
3968 0.000104859
3972 1.37521e-05
3975 9.512520000000001e-05
3976 1.5332e-13
3977 0.000957992
3978 0.00147157
3980 0.00907764
3981 2.34937e-08
3982 0.0744905
3985 8.11252e-10
3989 1.3292700000000002e-08
3995 0.0006186680000000001
3999 1.40556e-06
4000 2.00655e-07
4001 3.73751e-05
4002 0.0005982790000000001
4004 0.00043122099999999997
4006 0.00784765
4007 0.00688608
4018 1.19502e-07
4021 0.0163751
4022 0.618132
4024 9.115160000000001e-10
4026 3.13628e-07
4027 2.8821e-06
4029 0.00014513
4030 7.680810000000001e-08
4032 7.97735e-07
4036 2.19565e-11
4038 4.64928e-07
4040 2.87507e-07
4041 0.000474527
4042 1.94583e-06
4043 1.1657799999999998e-06
4044 0.0183417
4045 2.5778400000000003e-09
4048 1.98137e-06
4049 2.4935e-07
4050 4.9753599999999995e-12
4053 3.3331099999999998e-06
4054 6.41442e-06
4055 8.713710000000001e-08
4056 2.51521e-07
4059 1.0277e-08
4061 0.00867322
4062 0.026885500000000003
4063 1.2874700000000001e-08
4064 6.29986e-08
4065 1.5846600000000002e-05
4068 4.54282e-06
4070 2.7733400000000003e-13
4071 5.560280000000001e-08
4072 0.03409469999999999
4074 3.2552300000000003e-05
4078 7.65153e-06
4079 0.0573271
4080 3.32393e-07
4081 1.9957e-06
4083 3.05688e-13
4084 6.28936e-05
4086 0.319358
4088 0.000144442
4090 0.0637442
4094 2.28388e-09
4096 3.58843e-05
4097 2.05972e-07
4098 1.9157e-05
4099 1.1563e-06
4101 7.862410000000001e-08
4103 0.00129329
4104 7.439019999999999e-06
4107 0.0041143
4109 1.1389e-05
4112 0.000141807
4114 2.63741e-07
4115 2.87605e-05
4116 0.00019037900000000001
4118 3.08365e-06
4119 1.00544e-05
4123 0.000138728
4124 1.13508e-09
4125 4.55729e-07
4126 0.000607195
4127 4.50342e-05
4128 6.869679999999999e-07
4130 0.00211086
4132 2.29704e-07
4134 1.59663e-07
4139 6.570869999999999e-08
4144 0.00101074
4147 3.57581e-05
4151 5.55993e-05
4153 1.83294e-07
4154 4.86782e-07
4155 2.938e-07
4156 0.00102701
4157 0.00219954
4159 1.7396099999999999e-06
4160 1.05713e-07
4161 6.91594e-09
4162 3.5345099999999996e-06
4165 1.26577e-06
4166 3.01086e-07
4167 3.7327100000000003e-07
4172 6.79345e-05
4173 0.00372329
4175 9.42118e-05
4176 1.0449799999999999e-12
4177 1.19265e-05
4179 2.00969e-05
4180 5.06641e-09
4181 0.999282
4182 1.51071e-06
4183 3.6141399999999997e-06
4184 0.00042056699999999995
4187 0.00633939
4188 9.671260000000001e-09
4197 0.000551132
4198 1.37568e-08
4199 3.65492e-09
4202 0.06905449999999999
4206 7.044739999999999e-08
4207 7.17272e-06
4208 9.751e-05
4210 2.03222e-06
4211 0.000560383
4213 7.21215e-07
4214 2.9214600000000004e-09
4216 4.088680000000001e-06
4217 5.689030000000001e-10
4218 0.0510595
4219 6.58874e-05
4222 1.38431e-07
4225 5.42268e-10
4226 1.77396e-05
4227 5.31664e-08
4233 0.990743
4234 0.474922
4235 5.0358300000000005e-06
4236 4.41524e-08
4238 2.18977e-05
4240 0.000293016
4243 5.3669e-08
4245 2.68106e-05
4248 9.07102e-05
4249 5.6970600000000006e-05
4250 2.88157e-07
4251 4.77317e-16
4252 1.0211e-06
4254 3.27151e-11
4260 1.2698200000000003e-10
4261 4.52073e-07
4262 2.3568400000000003e-05
4266 0.913941
4267 0.00796261
4268 8.64299e-07
4276 1.03473e-05
4277 0.0256841
4278 3.2301200000000003e-07
4282 0.00027548599999999997
4285 6.38354e-05
4288 4.90667e-07
4289 3.1508400000000002e-06
4290 1.6721099999999997e-08
4294 0.000381449
4297 5.74e-07
4299 1.8865400000000002e-07
4301 1.34026e-05
4302 1.4562700000000001e-08
4305 4.3104899999999995e-05
4306 0.726526
4308 1.71251e-05
4309 0.00901168
4311 4.68251e-05
4313 9.147839999999999e-07
4314 2.29825e-09
4316 0.00161331
4317 0.35069
4319 5.36814e-07
4320 4.0560200000000003e-07
4324 1.0701e-10
4328 0.000118036
4330 2.41172e-07
4332 0.35683400000000004
4334 1.54818e-05
4335 3.952e-09
4336 1.30334e-05
4337 5.9129e-07
4340 1.7646400000000003e-08
4342 4.0088599999999996e-10
4343 0.00952583
4344 4.8726e-10
4348 7.33613e-05
4350 1.0830799999999999e-08
4353 4.5268800000000005e-10
4355 3.0380400000000002e-06
4357 0.000503136
4358 1.95494e-08
4362 2.60431e-13
4363 3.1629e-05
4366 3.3607999999999997e-06
4373 0.000117295
4374 1.1605099999999999e-08
4375 0.8633770000000001
4377 0.000441195
4378 1.5991999999999999e-06
4381 0.00429041
4382 1.0361399999999999e-07
4383 3.03143e-05
4385 0.0025285999999999998
4388 5.82212e-08
4393 1.4493699999999998e-05
4394 2.89455e-11
4395 1.3239400000000002e-13
4398 1.90547e-08
4399 0.0385659
4400 6.669639999999999e-10
4401 3.3252300000000003e-06
4402 1.64275e-11
4403 2.46794e-18
4406 1.2667e-11
4407 0.98219
4408 2.90679e-05
4410 2.28536e-07
4412 0.00010855200000000001
4413 1.7386299999999997e-08
4414 6.45615e-08
4415 2.8930900000000005e-06
4416 7.52556e-06
4417 2.41604e-09
4418 5.996030000000001e-10
4419 0.0017851
4420 1.57646e-05
4422 1.37005e-05
4425 1.19531e-13
4426 4.05352e-09
4427 2.74919e-09
4428 0.0004987430000000001
4431 6.51247e-05
4435 1.88712e-05
4440 2.59782e-05
4442 0.0008387819999999999
4443 1.00373e-05
4444 1.08172e-07
4445 0.989181
4447 5.079969999999999e-06
4448 2.6810400000000007e-10
4449 2.4454499999999998e-05
4451 6.2926e-07
4453 6.09037e-08
4454 0.00166941
4456 2.89296e-06
4458 4.79305e-07
4460 5.56669e-06
4461 1.3658999999999998e-08
4462 1.28449e-05
4465 2.58625e-07
4467 4.38944e-11
4469 1.7147099999999997e-06
4472 0.000694163
4473 1.4123099999999999e-09
4475 3.6151800000000004e-06
4476 3.0208999999999997e-06
4477 6.84105e-05
4478 1.18344e-09
4480 0.00015052
4482 3.57532e-05
4483 5.5218600000000005e-08
4485 0.00168285
4486 5.74846e-09
4489 0.000124863
4491 5.70717e-07
4492 0.00133364
4497 0.00647662
4501 0.000365087
4503 2.60393e-07
4504 2.9055e-08
4505 1.1862999999999998e-08
4506 5.24925e-06
4511 1.71792e-05
4513 3.91418e-05
4515 7.4205e-07
4516 1.45454e-05
4521 7.24574e-05
4522 0.30291799999999997
4523 5.24945e-06
4525 1.25181e-05
4529 1.00144e-07
4531 0.000995995
4533 2.0374400000000003e-08
4534 3.42998e-05
4536 0.00036997699999999996
4538 0.000173172
4541 3.945719999999999e-06
4543 7.493339999999999e-06
4545 8.75316e-06
4546 9.38874e-09
4547 8.588620000000001e-09
4550 0.00276553
4554 2.92532e-07
4556 4.49362e-07
4557 4.08533e-06
4559 7.602339999999999e-07
4560 1.34454e-06
4561 0.029559500000000002
4564 0.000130088
4567 1.0165899999999999e-06
4568 1.7364099999999998e-08
4569 0.036001099999999994
4572 2.42954e-07
4573 0.000533879
4575 1.7265599999999999e-06
4577 2.23393e-11
4578 7.58979e-08
4580 4.2588e-06
4582 0.00051163
4583 2.65273e-05
4586 0.00138502
4589 0.025879000000000003
4590 2.64077e-06
4593 0.00341434
4594 7.42243e-08
4596 6.19064e-06
4598 3.0416599999999998e-06
4599 1.4987799999999999e-10
4602 5.66153e-06
4603 2.21345e-06
4608 0.934182
4610 0.300271
4613 0.0113936
4614 0.0093582
4615 0.000189295
4616 9.67829e-09
4617 0.00510023
4619 8.61933e-05
4620 0.136125
4621 0.0347182
4624 4.07895e-05
4629 0.0008793539999999999
4633 0.00019810400000000003
4635 0.165654
4637 3.47993e-19
4638 6.610280000000001e-08
4639 0.000384235
4640 3.25687e-07
4641 6.25783e-08
4642 0.00338746
4645 5.551330000000001e-14
4646 0.10391900000000001
4650 5.21248e-10
4657 8.74487e-06
4658 0.00015984200000000002
4659 1.29589e-07
4661 4.36857e-09
4663 9.3155e-08
4664 0.000151088
4665 3.29005e-06
4666 2.1680200000000004e-08
4667 7.797360000000001e-07
4668 1.6375e-06
4669 0.011051299999999998
4670 0.00664955
4677 2.75942e-05
4678 3.729e-05
4680 2.1811700000000003e-16
4681 0.000179488
4684 3.99098e-06
4688 1.90514e-10
4690 1.6619100000000001e-09
4695 1.0915e-05
4696 0.0067896
4697 3.23268e-12
4698 1.02236e-05
4700 5.62909e-06
4703 2.40006e-09
4704 2.56606e-06
4709 4.2785600000000006e-05
4711 6.4137900000000005e-09
4712 3.35245e-05
4713 4.06504e-05
4716 9.81734e-09
4717 1.63773e-09
4720 2.89221e-07
4721 0.000627348
4724 1.2924400000000002e-10
4725 1.5629200000000002e-09
4726 7.010110000000001e-06
4728 0.0007156660000000001
4729 3.1338599999999997e-07
4730 7.761810000000001e-05
4731 3.56406e-07
4733 3.05136e-06
4734 1.4184999999999998e-06
4736 9.976030000000001e-06
4738 0.00531963
4739 0.00039718699999999996
4740 1.99655e-05
4741 0.784246
4744 1.65225e-05
4745 1.59918e-10
4749 0.000126646
4751 1.50274e-05
4752 2.16831e-06
4755 1.56059e-05
4756 0.00015093
4757 4.01583e-09
4758 0.00385035
4759 1.5155100000000002e-06
4762 7.661180000000001e-10
4763 1.66868e-09
4764 0.00016301100000000002
4765 4.23193e-08
4766 1.13382e-05
4767 0.00170184
4769 1.27098e-07
4771 6.595999999999999e-07
4772 0.998268
4774 0.00398399
4775 0.701849
4778 0.000380796
4780 1.05205e-06
4781 5.13286e-08
4784 3.1101099999999994e-08
4787 0.0246245
4791 2.7404499999999996e-07
4795 7.322930000000001e-05
4798 0.00641237
4800 3.36904e-11
4802 1.0901e-06
4803 0.000669412
4804 0.019900499999999998
4806 4.4478900000000005e-05
4807 0.000883144
4809 2.88417e-11
4810 1.07311e-07
4811 1.01652e-06
4813 5.6709300000000005e-08
4817 0.08457510000000001
4819 2.4526e-06
4820 2.47735e-05
4821 0.00274448
4822 1.21196e-09
4824 5.77119e-17
4827 0.000372704
4829 4.96041e-08
4833 4.2286199999999997e-08
4835 3.01414e-06
4838 4.07554e-05
4843 1.5215e-06
4844 8.38258e-06
4845 5.02083e-11
4847 4.2463400000000004e-05
4851 5.6024700000000006e-05
4853 3.21017e-05
4854 0.00044168
4855 5.295109999999999e-06
4858 0.00021434099999999997
4860 1.0023099999999999e-07
4861 2.8185e-10
4862 2.2507e-06
4864 2.22677e-06
4865 0.403167
4870 1.97702e-08
4871 2.12595e-05
4874 0.00301833
4875 7.80905e-05
4877 0.000170293
4880 1.41781e-06
4881 5.7407e-05
4883 1.61537e-07
4884 3.78651e-08
4887 2.91036e-06
4888 0.514863
4889 1.54745e-08
4891 1.7547400000000003e-08
4892 0.000109659
4893 0.00038836
4894 5.01454e-05
4899 5.04835e-07
4900 0.00177205
4901 0.9532879999999999
4904 2.16146e-13
4906 1.78822e-07
4908 4.20433e-05
4909 6.9292e-09
4914 1.64347e-05
4915 7.538910000000002e-10
4917 9.6548e-12
4918 3.4317800000000003e-09
4919 4.90542e-07
4920 0.000128806
4921 3.09815e-07
4922 3.7454900000000005e-06
4923 1.40089e-08
4924 5.05957e-09
4925 0.00122249
4927 2.7481599999999995e-06
4930 0.000140292
4932 0.0005004219999999999
4933 8.931729999999999e-05
4934 1.10442e-05
4937 0.000535225
4940 2.25751e-06
4941 6.285740000000001e-06
4942 3.19383e-09
4944 4.9336300000000004e-05
4945 0.000513797
4947 2.1843600000000002e-05
4949 0.000101825
4952 2.2786100000000002e-05
4957 0.0115589
4959 3.75795e-06
4964 2.04207e-05
4965 4.22419e-06
4969 0.0007280660000000001
4970 7.94159e-05
4971 1.80992e-07
4975 3.56585e-08
4978 5.9643799999999995e-06
4979 9.81621e-07
4980 0.159103
4981 4.94454e-11
4988 0.000116375
4989 3.92647e-07
4993 0.025009200000000002
4996 2.24018e-09
5000 8.936149999999999e-13
5002 6.66142e-10
5005 1.6915699999999998e-05
5008 2.88887e-14
5009 2.8201799999999996e-10
5010 0.77657
5011 1.35716e-06
5012 0.00133635
5013 1.75392e-05
5015 0.000355165
5017 0.000535042
5019 8.050929999999999e-07
5021 1.3071700000000002e-08
5022 1.92592e-05
5025 3.43177e-08
5030 2.76375e-12
5031 3.0005099999999996e-07
5034 0.0007404139999999999
5035 1.39846e-12
5038 0.00010684799999999999
5040 9.92883e-05
5041 6.02149e-07
5043 0.000963923
5044 1.3081300000000001e-05
5046 1.10795e-10
5048 5.41832e-11
5049 1.32455e-06
5050 9.51541e-05
5051 0.52051
5053 0.9198870000000001
5059 1.90035e-07
5060 4.89818e-06
5066 1.88515e-05
5069 9.37293e-05
5070 2.37458e-06
5074 0.00164666
5075 7.145859999999999e-09
5076 5.1921999999999995e-05
5080 0.995569
5082 1.77536e-05
5083 6.75055e-08
5087 1.02119e-13
5088 2.1787799999999997e-06
5089 5.2420400000000004e-08
5091 1.22772e-09
5092 0.319282
5095 0.000194592
5096 5.88057e-13
5098 1.49607e-09
5099 9.53604e-07
5100 4.65865e-07
5103 9.835650000000001e-06
5105 1.139e-06
5106 0.013265100000000002
5109 1.13415e-06
5112 1.02418e-05
5113 0.00356295
5115 1.6909200000000002e-10
5117 3.43165e-05
5118 6.4755299999999995e-09
5119 8.29531e-06
5120 9.2384e-09
5123 5.6558e-06
5125 7.457510000000001e-08
5126 0.00183904
5127 0.000498685
5132 0.0144484
5133 2.4099200000000003e-10
5137 0.675583
5139 0.23849800000000002
5140 1.04593e-05
5141 0.37389
5142 8.179850000000001e-06
5147 0.00037166
5148 1.4213699999999999e-05
5149 0.00546845
5151 3.78288e-06
5152 0.018719799999999998
5154 1.6887700000000002e-10
5155 5.61703e-06
5157 1.13866e-06
5158 1.35753e-07
5162 3.99518e-05
5163 1.85644e-05
5164 0.010620399999999999
5165 0.000718697
5166 2.76269e-08
5167 0.00339208
5170 3.4735999999999996e-07
5172 7.28921e-05
5174 4.63423e-06
5178 3.0045200000000002e-12
5180 6.11587e-06
5182 0.000198086
5184 0.00220205
5187 2.0992e-08
5188 2.14137e-09
5192 1.62788e-08
5193 0.019966400000000002
5194 7.293109999999999e-05
5196 2.65998e-09
5197 4.4183800000000004e-12
5198 0.00114423
5200 7.290939999999999e-05
5201 1.36127e-05
5204 4.32294e-10
5205 2.29189e-06
5206 0.00685307
5207 0.0009245210000000001
5211 1.5919700000000001e-12
5213 8.14823e-05
5216 0.00103534
5218 3.08376e-07
5221 2.78364e-06
5225 1.19869e-06
5226 3.9884e-06
5227 6.17532e-05
5228 4.28341e-06
5232 6.33305e-09
5233 1.19201e-05
5234 9.41476e-05
5235 7.58762e-05
5237 4.14306e-09
5238 3.73226e-11
5240 1.57096e-07
5241 0.261531
5243 6.581310000000001e-06
5247 1.6479199999999998e-07
5249 6.48217e-06
5250 6.452430000000001e-06
5251 0.00026017
5252 1.21746e-05
5255 8.63436e-06
5256 7.47243e-06
5261 6.88102e-07
5265 3.9529e-08
5266 3.7469200000000003e-07
5271 5.78865e-07
5272 1.1049200000000001e-07
5275 4.99314e-07
5276 0.0009354830000000001
5277 0.0119402
5279 4.8616000000000003e-05
5280 5.7619e-05
5282 3.5282e-13
5284 1.1227799999999999e-08
5286 9.21078e-09
5287 2.47699e-07
5289 7.69775e-05
5291 1.1358499999999999e-06
5294 1.0459000000000001e-07
5295 4.287609999999999e-06
5296 1.34624e-07
5299 2.74215e-05
5300 0.00023301099999999998
5301 4.27187e-12
5302 0.0160097
5308 0.000153069
5309 2.2674799999999998e-10
5313 1.4564600000000002e-08
5316 2.4832799999999997e-08
5317 8.19217e-07
5321 8.962620000000002e-09
5322 9.24802e-07
5323 2.8236200000000002e-09
5324 0.000567671
5329 0.024650599999999998
5330 1.6776699999999999e-06
5332 0.000324636
5333 0.05369109999999999
5334 0.0101241
5335 0.294772
5339 0.986859
5341 0.000124853
5342 6.45525e-05
5347 4.18703e-06
5353 1.03568e-06
5354 4.12787e-11
5356 3.12898e-05
5357 3.2407600000000005e-05
5359 4.91248e-06
5361 0.012276
5362 6.45486e-05
5364 3.6511699999999995e-16
5366 2.25734e-08
5372 7.47299e-06
5375 0.000116561
5376 0.0530491
5377 6.03807e-06
5381 0.000156428
5382 0.000968405
5386 0.000196663
5390 8.59438e-07
5392 0.00021428400000000002
5394 0.00166488
5399 8.18022e-05
5400 4.84341e-06
5401 1.7418400000000005e-10
5402 0.00019700599999999998
5403 1.6534400000000003e-07
5409 0.0111691
5411 2.44182e-10
5412 3.71206e-08
5415 0.000703846
5422 1.29525e-08
5425 2.87817e-05
5426 0.026295599999999995
5427 2.00482e-06
5428 6.8929e-11
5432 1.17278e-08
5435 3.2404899999999997e-07
5437 5.165300000000001e-09
5442 4.2528399999999996e-07
5443 0.000120786
5444 2.2350099999999996e-06
5446 0.000626906
5447 2.38136e-08
5449 3.06144e-05
5452 0.00033596699999999995
5456 0.00359825
5458 3.8770300000000004e-05
5459 0.0007581210000000001
5460 0.014633600000000002
5462 1.53182e-05
5463 2.1215300000000002e-09
5464 1.9415299999999998e-07
5466 0.000186355
5468 1.1370299999999998e-10
5472 0.00185253
5473 0.000130743
5474 0.00205503
5476 0.00526692
5477 2.64289e-08
5479 1.0261e-10
5480 2.96357e-11
5482 0.000711899
5484 1.90074e-08
5488 3.69575e-08
5490 9.80317e-05
5491 1.89758e-07
5492 8.02635e-07
5493 6.970599999999999e-10
5494 7.28168e-05
5495 1.92368e-13
5498 5.565169999999999e-06
5500 6.67058e-05
5501 5.04832e-10
5502 1.9844200000000002e-05
5503 3.3381e-14
5504 1.64893e-08
5505 0.00225533
5506 7.703029999999999e-10
5512 7.3026e-05
5513 8.67993e-05
5516 1.18688e-13
5520 3.58638e-08
5523 9.42848e-10
5525 2.99274e-07
5528 0.00473841
5529 0.00629535
5532 0.000317223
5533 4.86314e-06
5534 1.10123e-13
5537 0.0006408540000000001
5538 0.00037307599999999996
5540 3.9207099999999996e-14
5543 1.42275e-08
5545 9.70215e-07
5546 3.85958e-05
5548 0.00025089599999999996
5551 3.4223499999999995e-08
5553 3.2032099999999994e-10
5555 1.46239e-05
5556 7.230039999999999e-06
5557 0.00046939800000000005
5558 6.691779999999999e-09
5560 9.78971e-07
5561 3.03932e-06
5562 1.08126e-06
5564 0.8476049999999999
5565 4.57214e-06
5567 1.69153e-08
5569 5.88321e-05
5570 1.87732e-07
5571 3.02562e-09
5572 0.786559
5575 1.32852e-13
5578 0.25501999999999997
5580 0.00108295
5581 2.1696700000000002e-05
5587 4.33403e-09
5589 1.58009e-08
5594 1.93014e-07
5595 1.54578e-08
5596 3.0029599999999996e-08
5597 4.65112e-07
5598 2.60545e-10
5602 0.111844
5604 2.02822e-07
5607 3.27003e-05
5610 0.00187698
5612 8.67352e-08
5616 0.000378872
5617 0.08459680000000001
5619 7.09715e-11
5621 1.7340699999999998e-05
5622 6.86198e-06
5623 1.77953e-07
5626 1.62287e-07
5627 3.90212e-06
5628 1.3045999999999998e-05
5632 1.04239e-05
5633 3.18622e-05
5634 0.00543542
5635 1.26572e-10
5638 0.0003497
5642 3.6171100000000003e-05
5643 6.98784e-06
5646 5.88053e-05
5649 1.4070200000000002e-08
5650 6.68146e-05
5651 0.00750381
5656 1.05318e-06
5659 1.01537e-06
5661 1.19447e-06
5663 6.22305e-06
5665 1.9605099999999998e-08
5666 0.0145602
5667 0.000275745
5670 9.02908e-06
5671 6.7440300000000005e-06
5673 4.73251e-06
5675 1.44315e-06
5677 0.00327467
5678 4.07301e-10
5681 0.000342726
5683 1.0258800000000002e-09
5684 0.0162241
5688 3.44338e-10
5689 2.18992e-07
5690 2.3488099999999997e-08
5691 8.4685e-06
5692 0.0473606
5694 1.8321899999999999e-09
5698 6.12776e-10
5703 6.84549e-06
5706 7.89528e-06
5707 0.00305527
5708 1.54532e-05
5709 4.28287e-07
5711 0.371318
5712 0.12212200000000001
5717 4.100249999999999e-06
5720 2.70343e-05
5721 1.07921e-06
5722 0.0107271
5724 1.54136e-07
5725 9.40177e-06
5726 8.56777e-09
5727 5.490449999999999e-06
5733 8.165680000000001e-05
5734 0.000244867
5737 3.39545e-10
5739 8.95518e-11
5744 2.66883e-07
5745 2.30277e-05
5746 2.7205599999999997e-08
5748 1.0001799999999998e-06
5750 1.03788e-07
5751 8.495e-06
5753 2.85632e-06
5754 1.0578399999999999e-05
5758 2.81551e-08
5759 2.1039100000000002e-07
5763 1.07236e-06
5766 2.72395e-05
5767 7.32987e-07
5770 1.01412e-07
5771 0.0192932
5772 0.012919299999999998
5774 6.10914e-08
5775 1.16215e-06
5776 0.00707878
5777 5.35698e-09
5778 7.02296e-06
5785 0.00090322
5787 2.62909e-06
5792 5.54838e-06
5793 2.12836e-07
5795 0.105708
5797 0.029199799999999998
5798 9.542630000000001e-08
5800 3.1037900000000004e-06
5801 1.3432999999999999e-07
5802 1.2528299999999999e-06
5804 6.76549e-06
5807 2.8631500000000002e-05
5808 5.95742e-06
5809 6.49286e-08
5810 0.000170866
5816 2.1629099999999997e-12
5820 4.3716899999999995e-05
5822 0.246783
5823 1.8632100000000002e-07
5827 7.73066e-08
5832 1.1262799999999998e-06
5833 3.34932e-05
5834 6.23126e-11
5835 0.000272512
5837 4.14216e-08
5842 1.16434e-09
5844 3.8568599999999995e-10
5846 0.0235598
5847 3.53003e-08
5848 1.8507799999999999e-09
5849 0.00037615699999999996
5855 6.47439e-13
5857 5.94941e-06
5858 0.0171712
5862 8.03699e-07
5865 0.000469475
5866 1.5329499999999999e-06
5869 5.6016e-07
5870 9.06483e-13
5871 6.16248e-06
5872 3.6614200000000004e-09
5876 0.5997399999999999
5880 5.71227e-05
5882 3.7789300000000003e-06
5883 0.00140984
5886 0.0921409
5887 1.91631e-05
5890 0.000542888
5891 1.0883599999999999e-05
5892 0.021600900000000003
5896 8.436269999999999e-06
5898 1.2865599999999999e-08
5900 2.70828e-05
5902 3.37166e-11
5904 7.31102e-07
5907 3.9978099999999997e-07
5913 0.000614773
5915 0.00027528
5916 0.201678
5921 6.33381e-05
5922 5.526479999999999e-05
5924 9.86974e-07
5925 1.31347e-05
5926 2.24618e-06
5927 9.751430000000001e-08
5929 4.77811e-09
5931 0.00176912
5932 2.02632e-05
5933 1.0021899999999998e-06
5934 4.20894e-09
5935 2.99676e-06
5936 4.91137e-05
5937 4.06131e-08
5939 9.27415e-07
5941 1.3261400000000001e-06
5942 2.18257e-05
5943 4.3247e-07
5944 0.00029867
5945 9.2914e-05
5946 1.8293900000000002e-06
5949 0.00021423299999999998
5950 9.87449e-08
5953 6.13908e-05
5955 0.00021899599999999997
5957 3.68145e-05
5958 4.31421e-06
5959 4.33059e-10
5962 3.14787e-09
5965 3.85013e-07
5966 6.3395800000000005e-06
5967 0.000943012
5969 2.89294e-05
5972 5.22992e-07
5973 0.0013885
5974 4.58559e-09
5976 3.69935e-06
5977 1.4374600000000001e-09
5978 0.00147267
5982 0.000717463
5986 1.67404e-07
5987 1.1209e-05
5993 0.00014364100000000002
5994 0.00018278900000000001
5997 0.00172497
5999 1.0583500000000001e-07
6002 0.00024075599999999998
6003 1.0042999999999998e-11
6006 9.02717e-08
6007 0.1912
6008 4.3546e-06
6010 0.000208852
6013 0.0182497
6014 4.1273400000000004e-05
6015 1.8173599999999998e-05
6016 3.29602e-07
6017 8.764470000000001e-10
6019 1.48159e-07
6021 0.9526450000000001
6022 3.56183e-05
6024 6.58549e-07
6031 1.15035e-06
6032 5.1301400000000005e-06
6034 2.40913e-07
6036 0.00384816
6037 0.00309227
6039 0.313626
6040 4.5816800000000003e-07
6044 0.0006634239999999999
6047 3.08094e-07
6048 7.196030000000001e-06
6049 0.000232739
6050 2.22562e-05
6051 8.63825e-06
6052 4.98902e-07
6053 7.5129e-09
6054 3.5158099999999997e-06
6056 2.2556100000000002e-07
6057 1.69854e-08
6059 1.62939e-05
6060 0.0028816
6063 2.39332e-09
6064 3.55602e-05
6068 1.89578e-09
6072 2.80005e-06
6075 3.16536e-08
6076 0.00020228099999999998
6077 4.7904899999999996e-05
6080 1.31534e-10
6081 5.06822e-05
6082 1.97092e-09
6083 1.63336e-11
6085 0.220914
6086 1.4340399999999999e-05
6087 6.43302e-05
6090 3.81525e-10
6092 1.13925e-05
6093 4.1099899999999996e-05
6094 0.00125873
6099 0.0033710000000000003
6101 1.3148800000000002e-05
6102 0.000309429
6106 0.230215
6109 0.00015937
6110 0.00163908
6112 0.029050700000000002
6113 2.1697e-07
6114 0.00196527
6115 1.4857999999999999e-05
6116 1.6673e-16
6118 5.45309e-05
6119 1.8216900000000002e-10
6121 1.764e-10
6122 0.000150806
6126 4.15444e-07
6127 1.11545e-05
6132 2.03932e-14
6137 1.0335e-06
6138 7.29303e-06
6142 5.955040000000001e-07
6143 0.021050599999999996
6144 3.35298e-06
6145 1.27872e-06
6147 7.731610000000001e-06
6149 0.00011004299999999999
6152 1.0865799999999998e-06
6154 9.30055e-06
6155 0.000168961
6157 0.00017831900000000003
6160 0.00203666
6164 0.0172142
6165 7.913780000000001e-10
6167 0.00022564900000000002
6168 1.24729e-05
6169 6.0801e-06
6173 0.0974423
6178 7.95874e-05
6182 0.46858900000000003
6186 5.06958e-07
6191 8.80846e-08
6192 2.58814e-07
6193 2.52653e-07
6194 0.00199048
6195 2.1431100000000002e-05
6197 0.00010153299999999999
6199 2.9378799999999998e-09
6200 4.86392e-05
6204 3.54506e-05
6205 7.49962e-05
6207 0.000390163
6211 3.87782e-05
6213 1.58004e-05
6217 0.042351099999999996
6226 1.22845e-05
6227 0.028079200000000002
6228 1.1444000000000001e-07
6231 2.6418499999999998e-05
6232 0.000766306
6237 0.000883978
6239 4.435580000000001e-06
6242 3.24139e-09
6244 0.057695
6245 0.00060007
6246 9.2719e-06
6248 1.0009e-06
6253 0.000538364
6255 1.2958699999999998e-05
6256 2.92686e-08
6257 2.19987e-08
6263 3.7921e-15
6265 4.380229999999999e-05
6266 0.000404271
6268 2.48606e-14
6271 3.54197e-07
6273 4.3907e-07
6274 2.0020199999999998e-07
6278 6.31858e-07
6280 3.00706e-05
6283 5.16729e-07
6287 2.2359e-07
6288 4.25268e-05
6292 2.58569e-10
6293 1.49008e-07
6294 2.36346e-05
6297 4.36065e-07
6298 6.78499e-07
6302 1.6680900000000003e-06
6303 3.71402e-07
6307 3.132e-06
6308 2.76589e-11
6310 0.0006826310000000001
6311 1.0650499999999999e-05
6312 2.7624900000000004e-06
6313 6.94707e-07
6315 7.2836399999999994e-06
6316 0.9935790000000001
6317 7.07678e-08
6322 1.08241e-05
6324 5.04648e-08
6326 2.73366e-11
6327 6.843549999999999e-08
6328 0.0008965939999999999
6331 4.1776599999999996e-08
6332 1.51687e-05
6333 1.1360100000000001e-12
6334 4.89544e-09
6336 5.75619e-07
6340 8.915919999999999e-10
6342 0.000401279
6343 0.013665799999999999
6345 5.846260000000001e-07
6347 7.14427e-07
6354 0.00114516
6356 1.03229e-09
6358 2.72355e-05
6359 3.8081300000000004e-06
6360 1.4985399999999999e-05
6361 0.00103027
6364 0.000646389
6365 0.049955900000000004
6368 0.00142282
6370 0.00107964
6372 9.91244e-08
6373 9.44088e-05
6376 4.66839e-06
6378 0.9820180000000001
6379 2.2533100000000002e-07
6380 1.44983e-05
6383 3.97117e-06
6384 1.69753e-05
6386 3.6349800000000004e-07
6388 5.01121e-07
6389 1.53812e-07
6390 3.07315e-06
6393 4.42774e-06
6394 1.08522e-07
6397 2.19278e-08
6399 6.99044e-05
6401 5.0541599999999996e-06
6402 9.52093e-08
6403 0.00019794299999999999
6405 0.000154477
6406 1.40467e-05
6407 6.24593e-07
6408 0.00024176200000000002
6410 9.194709999999999e-05
6412 2.654e-10
6413 7.2347e-08
6414 0.055844000000000005
6415 2.79545e-07
6416 9.152379999999999e-05
6420 0.0007488919999999999
6422 3.3498900000000005e-06
6423 6.53882e-06
6426 5.58678e-06
6431 2.88826e-09
6432 6.44726e-06
6435 1.02074e-05
6439 9.17725e-07
6441 0.00017611099999999998
6446 6.4934e-07
6451 3.2308500000000003e-09
6452 8.26085e-08
6453 1.97087e-05
6454 1.18652e-07
6457 0.0005650669999999999
6460 1.05455e-05
6461 5.822759999999999e-06
6464 1.32802e-05
6467 3.22164e-12
6469 1.4662e-08
6471 1.1489100000000002e-05
6477 0.000272333
6478 0.714296
6479 0.00407947
6481 1.38223e-09
6485 2.50849e-07
6487 4.32398e-09
6489 9.30454e-05
6490 0.00021108400000000003
6491 6.5413e-10
6493 1.2323100000000001e-06
6494 1.12049e-08
6496 0.00030734400000000003
6498 9.02642e-09
6500 0.000174072
6502 1.5094899999999997e-10
6504 1.57368e-07
6505 1.09382e-07
6508 1.4391599999999999e-06
6510 1.85611e-07
6511 0.012744799999999999
6513 5.04069e-07
6514 0.000102391
6516 8.39484e-05
6517 6.99783e-05
6518 1.69055e-12
6521 7.5676999999999996e-06
6522 0.326758
6525 0.000208969
6526 0.00012156399999999999
6527 8.92838e-05
6528 0.000226502
6531 0.0967497
6533 3.78481e-12
6535 1.14967e-11
6537 0.0838263
6539 0.00011684799999999999
6540 0.000507317
6541 0.000101886
6544 2.42407e-08
6545 1.22876e-07
6546 3.3075300000000005e-06
6552 2.04714e-07
6554 2.82839e-05
6555 0.0293704
6557 6.68981e-05
6558 1.42098e-05
6559 0.0047119
6561 1.10606e-11
6563 5.61242e-05
6566 0.000130646
6567 7.18977e-14
6568 0.00408331
6571 0.0143545
6573 0.955534
6574 1.3097300000000002e-07
6577 3.5675e-06
6579 0.00100526
6580 4.73147e-05
6581 1.2155999999999998e-05
6582 3.45402e-07
6586 0.014335299999999999
6589 0.847783
6590 6.097459999999999e-08
6591 0.161589
6592 1.1330299999999999e-05
6594 2.63483e-07
6596 3.65577e-05
6598 0.00023002099999999999
6600 4.573909999999999e-06
6601 3.68105e-07
6604 1.18973e-06
6607 1.68799e-05
6608 1.23393e-12
6613 1.85437e-05
6614 0.000274294
6615 2.37533e-05
6616 0.00104776
6620 3.04892e-08
6623 0.0152582
6624 2.97195e-05
6629 1.26941e-07
6630 1.19297e-07
6633 7.30557e-08
6634 8.83519e-05
6639 2.3887900000000003e-08
6640 2.18181e-10
6641 2.1223800000000002e-13
6642 1.5710499999999999e-09
6644 1.40661e-06
6646 3.36797e-06
6649 0.729533
6650 3.6208200000000003e-09
6651 4.29837e-05
6653 2.0000400000000002e-10
6655 0.0021236000000000002
6656 1.31008e-05
6659 0.00607485
6662 4.0822600000000005e-05
6663 3.7068600000000004e-07
6665 0.00020355400000000002
6669 2.96594e-06
6672 0.000730863
6675 0.14114000000000002
6676 1.86048e-08
6680 8.41071e-07
6683 1.53812e-08
6685 2.54066e-06
6686 3.75874e-08
6688 6.08081e-10
6691 5.32465e-09
6692 8.35097e-05
6693 4.4199099999999996e-08
6700 4.04764e-06
6701 2.76829e-11
6705 1.5444e-05
6710 8.9113e-05
6711 1.05852e-06
6712 8.9595e-11
6713 0.00029898
6715 1.90655e-05
6716 2.92055e-08
6717 2.70216e-07
6720 6.14522e-11
6721 2.03395e-07
6723 5.31992e-10
6724 2.8952299999999996e-08
6728 0.00745
6729 0.000421152
6732 5.11327e-06
6733 7.45993e-07
6737 1.68104e-11
6741 7.1218e-07
6742 6.71872e-07
6743 8.65952e-11
6744 4.75066e-05
6745 8.92152e-05
6746 5.399479999999999e-05
6749 4.65879e-11
6750 3.6804199999999997e-06
6752 8.33245e-10
6754 1.61692e-10
6756 0.873498
6757 1.6246399999999997e-08
6758 3.4418e-05
6763 4.3428599999999996e-08
6764 1.6944400000000002e-09
6767 0.00379042
6770 0.8062779999999999
6771 1.33484e-08
6774 1.13208e-05
6775 7.026690000000001e-07
6776 1.10921e-05
6778 0.00037134300000000005
6779 0.00168559
6780 7.665390000000001e-09
6785 0.000184411
6787 7.7714e-06
6788 0.00362644
6790 0.000152495
6791 0.536995
6792 1.08924e-05
6793 0.00034181099999999997
6795 7.519409999999999e-05
6796 2.87009e-10
6798 9.16279e-07
6801 0.00705906
6804 5.4401e-06
6807 9.371120000000001e-05
6809 9.71411e-05
6811 0.0001807
6812 1.4482499999999999e-06
6815 0.9822930000000001
6816 3.7106e-06
6817 8.87031e-07
6818 0.0114625
6820 0.00024119999999999998
6823 1.0437e-05
6826 1.28583e-08
6830 1.21918e-05
6831 8.61796e-12
6832 0.824829
6834 1.2840100000000002e-08
6837 0.020168900000000003
6843 2.48636e-05
6846 0.0263584
6851 0.00184405
6853 1.7926400000000003e-08
6854 1.9997599999999996e-08
6856 2.0936500000000003e-06
6857 2.92599e-07
6861 3.48701e-07
6863 0.00361959
6870 0.000187657
6871 1.2584100000000001e-08
6872 1.3231100000000002e-06
6873 0.0383029
6875 0.0196039
6877 0.000884068
6879 1.44754e-05
6881 0.7817810000000001
6882 5.72471e-06
6885 0.000291019
6888 3.73606e-09
6889 5.4179300000000005e-05
6890 6.658660000000001e-06
6891 2.2484299999999997e-05
6894 0.00057641
6895 1.65017e-07
6897 0.00018371099999999998
6898 9.80147e-05
6901 9.15281e-08
6902 0.000533933
6904 0.000781838
6905 3.7085400000000004e-06
6906 1.5494e-05
6907 0.000443551
6913 4.70067e-11
6915 0.0348592
6920 1.1845599999999999e-09
6921 3.2403800000000003e-10
6923 6.736180000000001e-07
6925 0.000499358
6926 2.1597800000000002e-05
6927 1.53216e-11
6928 0.00164828
6929 5.58348e-13
6936 0.00118862
6937 3.38865e-06
6938 9.71241e-08
6941 1.4069e-05
6942 4.14111e-14
6946 1.6704000000000001e-09
6951 3.88342e-10
6954 0.000166747
6955 7.449939999999999e-06
6957 0.00019900200000000002
6960 1.81066e-11
6961 0.00402791
6964 2.24335e-06
6967 0.000193113
6969 0.00539453
6970 4.11565e-05
6973 0.924075
6974 9.69546e-05
6975 1.09945e-08
6977 1.84072e-08
6978 4.60483e-05
6979 4.52177e-10
6980 1.0957e-06
6982 0.00299912
6984 5.76935e-07
6985 2.5500099999999996e-06
6986 8.45493e-05
6991 0.00606116
6992 5.79668e-05
6993 1.6789500000000002e-14
6996 4.10608e-06
6997 5.2362e-08
6998 0.00121153
6999 1.2495299999999998e-12
7000 0.00010365
7001 6.49189e-06
7005 6.39822e-09
7010 1.20855e-13
7012 3.99472e-07
7013 1.19627e-07
7014 1.7302900000000003e-06
7015 5.85723e-11
7017 9.77399e-06
7019 2.51921e-06
7024 0.16475499999999998
7026 0.000122915
7027 9.56191e-05
7028 0.000664518
7030 3.7038400000000003e-06
7032 5.95207e-07
7034 1.88787e-05
7037 4.98905e-07
7041 2.76955e-07
7043 2.87416e-05
7044 6.92383e-05
7047 0.00408162
7051 2.92939e-07
7053 1.4341299999999997e-06
7055 0.158179
7057 4.3744e-06
7060 6.482949999999999e-05
7061 1.43948e-05
7063 1.27568e-07
7066 0.00183906
7067 1.0164e-05
7069 0.241883
7076 0.0004982459999999999
7081 0.00067818
7082 0.00075506
7083 8.58442e-05
7085 0.00040699400000000004
7087 0.000390814
7091 1.99352e-05
7094 4.92385e-06
7096 6.45085e-06
7098 3.9771500000000004e-05
7099 0.018803599999999997
7102 2.3268400000000002e-05
7103 0.000250461
7106 7.5672300000000006e-06
7107 1.26824e-07
7110 7.57699e-06
7111 1.34899e-06
7112 1.79296e-06
7115 4.00575e-14
7116 1.38406e-07
7118 0.0128447
7119 0.000102831
7120 0.00219366
7124 3.0996e-08
7126 2.58144e-05
7127 0.00104256
7131 3.3205700000000004e-13
7134 0.00037750800000000003
7135 0.00133429
7136 4.10722e-05
7137 6.058200000000001e-06
7142 4.8085100000000005e-05
7143 2.17161e-08
7145 4.66739e-09
7151 1.93533e-06
7155 8.0987e-14
7156 1.48803e-05
7157 1.0420400000000001e-07
7158 0.166734
7160 3.35848e-11
7161 0.000502119
7164 6.2189899999999994e-09
7169 0.000507117
7170 5.98547e-08
7171 5.19406e-07
7173 3.02255e-05
7175 1.1717600000000001e-06
7176 6.80115e-06
7178 0.00132888
7179 0.000418979
7181 1.1976600000000002e-05
7183 8.35622e-05
7186 1.4275899999999998e-06
7188 2.47158e-08
7190 0.0404308
7192 1.23109e-07
7195 0.027759
7196 9.100190000000001e-07
7198 0.179615
7199 4.6192000000000004e-10
7201 4.06914e-05
7202 0.011720999999999999
7203 1.4720500000000001e-08
7206 4.1611e-08
7207 3.7248800000000004e-06
7209 0.00638749
7218 1.99032e-05
7220 4.42414e-06
7221 0.767051
7225 9.62359e-07
7226 1.07033e-07
7228 1.7216499999999999e-06
7229 0.06605880000000001
7231 0.153855
7232 2.58163e-07
7233 6.80113e-09
7235 4.74141e-11
7237 1.5794e-06
7238 1.94109e-09
7239 0.0685138
7240 1.8499000000000002e-07
7242 1.92415e-06
7246 4.61048e-06
7248 2.2051599999999997e-05
7251 2.6235900000000003e-06
7252 0.0175
7253 0.0009164889999999999
7254 0.00029455
7255 3.13823e-07
7257 9.86998e-10
7262 0.000280543
7264 2.42139e-05
7265 0.969073
7267 0.000334759
7268 0.00012459100000000001
7269 4.9971000000000007e-05
7272 2.00753e-07
7273 7.06931e-07
7277 2.3235e-06
7278 0.000693755
7281 3.4668699999999994e-06
7282 1.7559200000000001e-06
7286 2.93555e-07
7287 4.71877e-11
7288 2.82585e-11
7290 7.67935e-06
7291 3.80893e-07
7293 0.00466105
7301 5.63278e-08
7303 0.00560327
7304 0.0135601
7306 3.08161e-05
7307 1.53899e-10
7309 2.14293e-14
7310 0.00100987
7312 0.0007229710000000001
7313 7.444030000000001e-06
7315 3.1124600000000004e-05
7316 4.36445e-05
7317 0.000228343
7319 1.36518e-07
7320 6.283140000000001e-08
7321 1.92511e-06
7324 8.342850000000001e-05
7326 1.76281e-07
7328 4.10329e-06
7331 7.16247e-05
7332 2.29309e-07
7333 3.9159e-07
7335 0.00144163
7337 1.4411600000000002e-06
7338 9.4617e-06
7339 2.2966399999999996e-09
7340 7.07565e-08
7341 3.85968e-06
7342 0.011627799999999999
7345 8.81722e-11
7347 0.000534126
7348 2.84594e-07
7349 1.25844e-07
7352 0.000586878
7353 2.5396999999999998e-05
7354 5.05961e-11
7355 3.13137e-06
7357 8.92806e-06
7358 6.12575e-07
7360 1.70396e-07
7362 3.0395900000000003e-09
7364 5.0885999999999997e-08
7366 0.000452194
7367 1.86937e-06
7368 5.73083e-08
7371 1.0784000000000001e-06
7377 9.492689999999999e-06
7378 0.00131384
7379 4.2827299999999996e-05
7380 0.0897428
7382 2.17065e-05
7384 1.50571e-06
7386 5.33094e-06
7387 4.92588e-10
7391 0.00059349
7392 0.000316683
7393 0.000158348
7395 6.39326e-05
7397 0.0010432
7399 5.85113e-09
7400 0.0355991
7401 2.7644300000000004e-07
7402 0.00947615
7403 3.26616e-11
7404 8.955449999999999e-06
7405 7.906019999999999e-08
7406 6.0034800000000005e-06
7407 0.00195543
7409 4.1643300000000005e-06
7412 0.00366347
7415 6.80411e-05
7418 9.11349e-05
7420 6.36113e-05
7423 2.1692799999999998e-10
7426 5.802e-14
7428 1.58821e-05
7429 2.0497e-07
7430 1.41888e-07
7434 0.0558146
7440 0.0116451
7441 4.96394e-11
7442 8.54979e-06
7444 0.0145257
7447 2.19924e-11
7450 6.59015e-07
7452 0.790376
7453 8.07823e-05
7455 2.4617899999999997e-07
7456 3.6430800000000006e-06
7459 0.00021249599999999998
7462 3.47795e-05
7463 0.000184736
7464 0.00817299
7469 2.97139e-06
7471 1.4738e-05
7472 0.00027941099999999997
7473 1.12539e-07
7476 2.8060500000000003e-05
7478 5.6066e-06
7485 0.00101144
7487 1.11353e-06
7488 8.68856e-05
7492 8.792330000000001e-10
7494 1.1213699999999999e-05
7495 2.1916999999999997e-06
7496 0.000134845
7499 6.72915e-08
7500 5.36845e-05
7501 9.858669999999999e-07
7502 2.48887e-08
7504 2.21471e-09
7505 8.7883e-08
7507 1.97018e-06
7508 8.17097e-07
7509 0.000129928
7510 0.00038904099999999996
7512 2.88592e-05
7514 1.0565399999999999e-05
7515 0.0220456
7516 0.30241999999999997
7518 1.5952600000000002e-06
7520 5.7349e-06
7522 7.73797e-06
7529 1.74184e-08
7531 8.052149999999999e-05
7532 5.54764e-07
7534 0.0006090690000000001
7539 9.63727e-08
7541 2.30118e-07
7542 3.1663400000000003e-06
7545 0.000136805
7548 0.000122256
7549 3.27268e-07
7550 9.681319999999999e-08
7552 0.373764
7553 2.79137e-08
7554 0.00996682
7556 1.46095e-10
7557 1.0267999999999999e-07
7560 0.0664909
7561 1.3089e-11
7562 3.2845599999999996e-06
7564 4.26714e-06
7567 7.83346e-07
7569 9.20128e-05
7573 7.67146e-05
7574 0.0094034
7577 2.53275e-05
7580 3.41152e-07
7581 7.74529e-07
7582 1.55198e-05
7583 0.000218187
7584 7.167850000000001e-05
7587 0.866699
7588 0.000501804
7589 3.42546e-06
7591 2.47065e-08
7593 3.4243199999999997e-12
7595 0.000128818
7596 0.0252793
7597 2.6555200000000004e-06
7598 1.0195e-05
7599 0.996856
7602 0.99931
7604 0.06530830000000001
7607 1.21524e-07
7608 4.0963e-05
7609 0.010112799999999998
7610 0.00401883
7613 8.63687e-07
7616 0.000358321
7617 4.79901e-07
7620 0.00245818
7623 0.000533415
7625 3.27341e-07
7627 2.60296e-08
7628 0.000114923
7630 2.65207e-16
7632 2.7421199999999998e-05
7634 1.4871400000000001e-05
7635 4.8314799999999994e-05
7636 0.0007298830000000001
7638 2.0646999999999997e-05
7641 1.07841e-06
7643 8.88656e-11
7644 5.769770000000001e-09
7645 9.226709999999999e-09
7646 4.8293599999999995e-09
7648 3.03634e-05
7651 5.4835e-07
7652 7.61802e-05
7658 9.176060000000002e-08
7659 0.08164249999999999
7660 0.00112146
7661 1.7825699999999998e-05
7665 9.94303e-09
7669 5.45647e-07
7674 4.78795e-10
7676 0.00010669299999999999
7681 3.0847000000000003e-06
7684 1.8531e-06
7686 0.00117289
7689 0.00129267
7690 3.4084100000000002e-09
7693 0.000222859
7695 0.265065
7698 3.15742e-11
7700 4.26219e-06
7701 1.7102200000000001e-09
7703 0.071921
7706 4.00439e-05
7707 0.00109022
7708 1.5089400000000001e-06
7710 2.06157e-06
7711 0.00238436
7714 1.23157e-06
7716 0.45366599999999996
7717 2.3356200000000002e-08
7719 0.00311473
7722 4.07228e-05
7725 1.5822299999999997e-10
7726 7.20515e-06
7728 3.11936e-05
7730 0.12706199999999998
7733 0.00206708
7734 2.6838799999999997e-10
7737 3.52001e-05
7738 5.70163e-05
7739 3.75979e-05
7741 0.00604928
7744 1.38729e-07
7747 6.767089999999999e-06
7750 0.00121066
7752 0.00026048900000000003
7755 1.91193e-06
7756 5.79591e-05
7757 9.87779e-11
7759 6.86569e-05
7761 1.8347e-10
7764 7.88402e-08
7766 0.00539634
7769 1.04471e-05
7770 0.00036698300000000003
7771 1.13932e-08
7774 0.954282
7778 0.00024942599999999997
7780 1.1753900000000001e-05
7782 1.82763e-05
7783 1.40044e-11
7784 2.0895500000000003e-05
7785 1.74111e-05
7787 0.00118778
7788 2.9902399999999997e-05
7789 0.00062552
7792 2.1714700000000003e-06
7794 0.00124054
7796 0.000442293
7797 2.41986e-07
7800 3.6102e-05
7801 0.000101728
7802 0.0271119
7804 1.10166e-06
7805 0.00306988
7806 0.00277957
7807 5.54079e-07
7808 1.03693e-06
7811 4.0328000000000004e-05
7816 1.8447700000000001e-06
7817 2.31993e-06
7818 0.00025277
7822 0.00134149
7823 1.45862e-06
7825 1.15524e-06
7827 5.9323e-05
7828 0.040864
7829 1.1264000000000001e-05
7830 0.000632919
7832 5.1887e-08
7835 3.33464e-12
7837 1.56252e-07
7839 9.781e-07
7842 7.04876e-09
7844 4.45287e-10
7846 9.95812e-07
7848 2.68137e-06
7849 1.62711e-07
7850 6.882610000000001e-06
7851 0.920952
7852 4.4065800000000003e-07
7858 1.0652100000000001e-05
7860 2.0366e-11
7861 1.58028e-06
7862 8.36692e-08
7866 3.40372e-05
7867 2.28168e-06
7870 6.90001e-05
7871 8.0591e-06
7874 0.000481837
7875 0.000547362
7879 0.14334000000000002
7880 7.31546e-05
7881 2.38375e-07
7882 5.61243e-10
7887 3.5905e-06
7888 8.635e-07
7891 0.000141793
7892 0.00818556
7893 4.862469999999999e-06
7894 9.04431e-06
7895 4.44544e-05
7896 6.96135e-06
7903 3.91908e-08
7904 0.00147228
7906 1.9562e-10
7907 0.00247124
7912 1.45657e-11
7913 2.11737e-06
7917 1.5911199999999998e-05
7918 0.000124351
7922 0.000220588
7927 1.6240000000000002e-08
7929 2.1503299999999998e-05
7930 0.00127833
7934 6.92786e-12
7936 4.525640000000001e-06
7937 9.82251e-07
7938 0.012836600000000002
7941 0.000373978
7942 0.0007710760000000001
7944 4.54434e-08
7945 3.72978e-09
7948 5.54365e-05
7949 4.671980000000001e-06
7951 1.25013e-10
7952 0.000590681
7955 5.58327e-06
7957 4.3170699999999996e-05
7960 1.46117e-08
7961 2.15152e-05
7962 4.2891e-06
7965 2.46972e-06
7966 0.000269652
7967 2.7966700000000002e-08
7969 0.00018680700000000002
7972 0.0037775
7973 1.03632e-08
7975 0.671142
7977 1.51438e-05
7978 8.07125e-07
7981 0.00106148
7982 2.78988e-06
7983 1.03803e-08
7985 0.000101194
7986 6.92678e-06
7988 2.02231e-05
7989 6.72517e-05
7990 5.01641e-06
7992 4.0061e-07
7993 7.27974e-10
7994 1.68359e-05
7995 2.1709900000000002e-08
8000 0.30664600000000003
8003 6.37521e-09
8006 0.00036117
8007 2.95412e-12
8010 0.000148565
8011 9.37466e-05
8013 2.58627e-05
8014 9.150540000000001e-05
8015 1.18707e-05
8016 3.26631e-06
8018 2.36787e-07
8020 3.948169999999999e-06
8021 6.38101e-06
8022 1.60194e-05
8025 0.396282
8027 0.000336411
8028 0.00941805
8030 9.39183e-09
8034 6.64217e-10
8035 0.000171352
8038 9.18779e-06
8039 9.14608e-06
8041 7.2799e-06
8045 1.71071e-06
8046 1.09161e-11
8047 1.05526e-07
8050 6.02712e-08
8052 0.00015217
8054 0.00973619
8055 3.85231e-08
8056 0.00427294
8058 2.35727e-05
8059 5.28937e-05
8065 0.000679922
8066 0.00034287300000000005
8070 7.83497e-06
8071 0.010068
8073 6.564930000000001e-06
8074 4.1737800000000004e-10
8077 6.43552e-08
8078 0.00290799
8080 0.0847475
8081 0.603842
8088 3.4345300000000002e-15
8089 3.20493e-05
8090 0.930668
8092 3.15727e-05
8094 0.00039431300000000003
8097 8.26792e-07
8099 6.6742e-09
8102 0.0271983
8104 2.08208e-05
8109 0.06464199999999999
8110 4.36048e-07
8111 0.374355
8113 1.6926e-10
8114 6.0769399999999995e-09
8118 9.68865e-06
8119 0.00017166599999999998
8120 0.000143646
8123 0.00384067
8124 0.0398515
8126 4.76016e-05
8128 2.23624e-11
8129 8.22464e-06
8131 1.25294e-06
8133 1.1953599999999999e-05
8134 8.74434e-12
8135 1.10412e-06
8136 2.79696e-06
8143 1.00102e-05
8145 0.000360753
8146 0.000588409
8147 0.000557106
8148 5.18289e-11
8149 0.00071232
8152 1.26421e-07
8153 4.02116e-05
8154 2.96339e-07
8155 6.288539999999999e-07
8156 5.8727099999999995e-06
8157 0.0128459
8158 6.224150000000001e-07
8161 1.17815e-07
8162 1.1605799999999998e-06
8165 2.43694e-06
8167 0.0309154
8170 4.222e-07
8172 0.00011049299999999999
8176 0.00661975
8178 6.381319999999999e-06
8179 7.59313e-10
8181 0.00012440700000000002
8182 7.45872e-05
8183 0.0230357
8184 6.85041e-06
8185 5.98386e-10
8187 0.016018200000000003
8192 0.0608356
8193 4.449e-09
8194 8.045429999999999e-08
8195 1.0653399999999998e-06
8196 4.41475e-05
8198 3.98897e-09
8201 0.053593100000000005
8205 0.0005932309999999999
8206 1.10931e-06
8207 3.3194800000000004e-06
8210 1.52548e-05
8212 1.6677499999999998e-07
8214 1.3812000000000001e-05
8215 0.000426656
8217 0.000733947
8219 5.897989999999999e-06
8221 4.21594e-06
8227 0.000213263
8228 0.9746370000000001
8230 3.941e-11
8231 1.13486e-06
8233 1.6254300000000001e-06
8234 2.1261300000000004e-09
8237 6.916069999999999e-06
8238 6.78932e-05
8239 9.534700000000001e-05
8240 4.79012e-05
8242 0.00126506
8243 2.6272599999999998e-08
8245 2.75988e-05
8246 1.37651e-12
8247 2.57257e-06
8249 0.00033040900000000004
8255 1.30622e-11
8256 0.000983906
8257 3.23452e-06
8259 1.27605e-07
8264 1.3293200000000002e-07
8265 7.58075e-06
8266 5.90198e-06
8267 0.00037114099999999996
8270 3.04509e-07
8271 0.00012348
8273 3.93179e-05
8274 3.33184e-11
8276 1.77879e-05
8277 3.21951e-08
8278 7.191139999999998e-10
8283 2.56818e-08
8286 1.69065e-05
8287 9.2597e-08
8288 5.9440999999999996e-08
8289 9.49364e-07
8290 3.17972e-08
8291 3.09165e-09
8298 0.222394
8303 0.000224105
8304 0.779395
8305 8.507370000000001e-05
8308 2.66942e-06
8309 2.09446e-05
8314 0.00102312
8321 8.73547e-05
8324 1.4302999999999999e-08
8325 3.65837e-05
8328 0.000385963
8330 4.85296e-06
8331 1.11105e-07
8333 0.226
8334 0.335569
8337 6.15769e-10
8339 0.000785745
8340 0.020388200000000002
8343 0.0317473
8344 0.905379
8347 4.252e-07
8348 5.11511e-15
8350 2.25946e-06
8352 3.42786e-05
8353 2.58317e-08
8354 0.00381421
8356 0.000147864
8357 2.51359e-10
8358 0.9944780000000001
8361 8.55889e-11
8362 1.4390899999999998e-06
8363 9.66737e-06
8366 1.8572799999999997e-10
8367 1.5172799999999997e-06
8369 3.77569e-10
8371 3.4400900000000005e-05
8373 0.0009674060000000001
8375 0.000365415
8377 6.27207e-07
8378 3.5571900000000004e-08
8379 7.93105e-05
8380 1.9730999999999998e-05
8382 3.2729400000000003e-06
8383 1.12798e-05
8389 4.65491e-05
8392 1.47749e-07
8393 9.69808e-06
8394 1.4549e-05
8395 3.2713e-07
8396 2.66086e-10
8399 0.00010775200000000001
8400 3.54827e-05
8401 0.00020714599999999998
8402 0.000509726
8404 1.20763e-08
8405 1.34079e-12
8406 0.000934437
8407 1.0124e-06
8408 5.19687e-08
8411 6.371950000000001e-06
8412 1.66693e-05
8414 1.36853e-07
8417 4.08708e-05
8418 0.22032600000000002
8419 0.039031
8420 0.0493629
8421 1.22352e-09
8428 1.16326e-12
8431 4.07422e-06
8432 9.856669999999999e-07
8435 2.93363e-08
8436 2.5171e-05
8439 3.5575699999999996e-06
8440 0.000112094
8441 0.427292
8446 3.9591599999999995e-05
8447 3.68179e-10
8448 0.000497481
8451 1.38174e-07
8455 2.10554e-07
8457 4.4568699999999996e-10
8458 5.11169e-05
8459 0.000301719
8460 0.00020455400000000002
8463 2.49122e-05
8464 0.00999641
8469 2.17672e-08
8471 1.0347000000000001e-05
8473 1.7961000000000001e-10
8474 3.6386599999999997e-06
8476 0.938198
8479 5.3365e-08
8480 1.1385799999999999e-05
8481 5.78328e-05
8486 3.8100299999999996e-07
8487 4.65226e-06
8488 9.34345e-07
8489 0.000131884
8490 8.14374e-07
8491 1.51228e-05
8493 0.00825645
8496 5.90335e-05
8497 0.00878702
8500 3.73851e-06
8501 0.0032441
8504 2.05043e-09
8505 1.5166500000000001e-05
8507 3.06873e-08
8508 1.39874e-12
8510 8.243059999999999e-09
8511 1.08348e-11
8515 6.74822e-09
8516 0.00046563199999999995
8520 1.2385899999999999e-08
8525 6.831989999999999e-06
8527 0.8443200000000001
8528 2.73129e-08
8531 1.62863e-05
8532 0.00706928
8537 1.2478e-07
8538 7.34904e-05
8539 5.674310000000001e-06
8540 1.7197300000000001e-13
8543 3.5892199999999995e-05
8544 0.0031463000000000003
8545 8.06765e-10
8546 1.3573400000000001e-10
8547 1.1764799999999999e-08
8548 3.25849e-06
8551 6.16893e-11
8552 0.000303759
8554 0.000123294
8555 2.58994e-05
8560 1.9604599999999997e-08
8561 3.22798e-11
8563 6.00987e-07
8565 1.26924e-05
8566 4.71471e-05
8567 0.000116959
8569 7.332719999999999e-10
8570 7.86319e-08
8571 2.2494400000000003e-06
8574 0.000168055
8575 1.04973e-07
8577 5.005439999999999e-05
8578 6.72701e-05
8579 2.54874e-08
8580 4.2551899999999995e-05
8583 4.46645e-06
8589 8.17386e-09
8590 0.0262607
8591 1.45867e-11
8593 0.005306100000000001
8594 0.10343499999999999
8597 1.2544799999999998e-08
8598 0.109319
8599 0.0172136
8600 1.03346e-06
8603 0.30055
8605 0.00924238
8609 7.48518e-09
8611 5.733530000000001e-06
8613 5.50069e-05
8614 2.9057900000000002e-08
8616 5.33665e-06
8619 2.18855e-10
8622 2.14778e-10
8623 4.2682299999999994e-09
8625 3.0288099999999996e-06
8626 2.09084e-07
8627 3.26237e-05
8629 2.6736e-05
8630 2.68027e-07
8631 5.457140000000001e-06
8632 1.3870099999999999e-06
8634 2.6535900000000005e-06
8637 0.913676
8640 2.5736999999999998e-05
8641 9.74899e-05
8642 2.43691e-07
8643 4.60089e-11
8646 1.31804e-06
8648 0.00371678
8649 0.000210646
8650 8.45604e-07
8651 0.00126088
8652 0.00170589
8656 2.2963499999999998e-05
8657 7.75583e-05
8658 2.88784e-06
8659 4.97397e-08
8660 5.77936e-09
8661 1.3812200000000001e-06
8662 3.6461e-15
8664 0.00498577
8666 3.73549e-05
8668 0.000150174
8669 0.00100973
8671 5.6386699999999995e-06
8672 0.000760287
8673 9.7658e-08
8674 7.59312e-05
8675 2.11616e-06
8677 9.773579999999999e-09
8678 2.6487e-06
8679 1.06448e-05
8681 7.80254e-08
8682 3.75859e-05
8684 8.94652e-09
8685 0.00748347
8686 8.622710000000001e-08
8689 2.69005e-12
8693 7.29043e-08
8694 3.74409e-06
8696 3.97363e-09
8697 1.5245199999999999e-06
8700 6.070830000000001e-06
8703 7.94727e-11
8704 1.2714399999999998e-06
8705 0.0012452
8707 6.477619999999999e-06
8708 0.00258001
8711 3.3274500000000002e-06
8712 5.887020000000001e-09
8714 3.61628e-15
8715 2.3258700000000002e-07
8719 0.000337505
8721 1.50191e-06
8724 1.51845e-05
8726 8.68908e-06
8729 1.15036e-08
8734 5.07921e-07
8735 4.33558e-05
8736 0.000168457
8737 7.4052100000000005e-06
8740 2.38609e-05
8743 1.0665699999999999e-05
8745 3.5039700000000004e-07
8746 0.0459967
8751 6.85314e-05
8754 3.8564e-06
8758 0.595022
8761 0.000766274
8762 7.24638e-05
8763 0.997966
8765 7.245699999999999e-11
8767 2.09833e-05
8774 1.98388e-05
8777 1.16515e-11
8778 1.18588e-05
8779 4.09044e-08
8780 1.01925e-05
8781 0.0122519
8782 5.089689999999999e-13
8785 1.13961e-06
8786 0.0112883
8787 8.66857e-09
8788 1.65559e-11
8789 3.29368e-08
8791 2.89512e-08
8792 0.00017413900000000002
8795 0.000169549
8797 9.55509e-07
8798 6.98569e-05
8800 1.50585e-09
8802 0.000575546
8803 1.6869099999999999e-07
8804 0.000653633
8807 0.000157981
8808 9.856879999999999e-06
8812 0.0410057
8816 1.24225e-05
8818 0.00025221900000000003
8820 0.000224998
8821 8.77619e-07
8824 7.553330000000001e-09
8825 3.16443e-10
8827 0.0459796
8828 0.000225083
8829 6.65682e-09
8830 1.5693e-05
8832 0.00116409
8834 2.55348e-08
8839 4.4669200000000005e-09
8842 0.00022542599999999998
8844 2.82867e-06
8845 3.734969999999999e-10
8846 3.12399e-05
8850 1.44934e-05
8851 4.8141899999999996e-08
8852 2.3580400000000004e-10
8853 0.9896149999999999
8855 1.68707e-08
8857 3.6870100000000005e-05
8860 0.00041775199999999997
8861 0.00013837799999999998
8863 0.254305
8864 1.2375799999999999e-06
8866 0.00535179
8868 1.7709e-05
8869 1.91615e-05
8870 4.25237e-11
8875 8.55576e-05
8877 3.18697e-06
8881 1.0745000000000001e-10
8882 2.28022e-07
8887 2.30586e-10
8889 3.87646e-05
8893 4.62309e-06
8894 4.1351599999999996e-06
8895 1.3022500000000002e-07
8896 7.718289999999999e-08
8897 4.782970000000001e-07
8898 0.00191024
8899 0.000723043
8901 7.75744e-07
8902 0.00554958
8903 3.54883e-05
8904 9.902629999999999e-05
8906 1.6269e-05
8907 0.00375482
8908 3.82337e-07
8910 2.2934100000000002e-07
8912 0.00033549599999999996
8915 1.00334e-07
8916 4.6181800000000006e-05
8918 4.92848e-07
8922 1.29387e-06
8924 1.99017e-05
8925 5.968260000000001e-10
8928 0.000341328
8934 5.97809e-16
8935 3.90418e-08
8937 1.95622e-06
8938 0.000132924
8941 3.46073e-05
8945 5.672350000000001e-05
8946 1.3914100000000001e-05
8947 6.46467e-06
8949 2.95865e-09
8950 5.3487e-14
8952 9.68843e-06
8954 1.45042e-06
8956 2.9271899999999997e-15
8957 7.66067e-08
8959 2.0276800000000002e-05
8963 2.45382e-05
8964 0.22646999999999998
8972 9.99765e-10
8974 1.75981e-07
8977 9.01745e-05
8981 2.2227399999999997e-09
8984 8.91927e-05
8986 7.164399999999999e-07
8990 4.69735e-07
8991 4.55194e-07
8992 0.499517
8993 0.00212146
8994 1.70749e-05
8996 0.0009626330000000001
8998 0.0008478369999999999
9001 2.74065e-05
9003 8.648049999999999e-05
9008 2.36803e-12
9009 1.0323499999999999e-05
9010 2.47816e-07
9011 4.52149e-05
9012 1.6258599999999998e-09
9013 1.09205e-05
9014 0.32045799999999997
9017 2.2509100000000001e-07
9021 1.69951e-07
9023 2.68151e-11
9025 0.0007596980000000001
9026 0.00073788
9028 8.526870000000001e-13
9030 3.15872e-06
9031 0.379666
9033 9.318600000000001e-06
9038 5.6253e-10
9040 7.33845e-05
9041 3.26174e-12
9043 1.18577e-05
9044 5.97103e-11
9046 0.000136806
9047 1.19103e-11
9050 1.5991799999999999e-12
9052 1.65459e-06
9054 0.000148191
9055 0.00020142400000000001
9056 1.54208e-06
9057 7.70203e-08
9061 0.000440016
9062 5.548809999999999e-08
9065 4.75854e-08
9067 0.00105518
9069 4.4452700000000006e-13
9070 1.8794899999999998e-07
9071 3.72586e-10
9074 2.19284e-07
9075 7.72908e-06
9076 0.000410165
9077 0.00010900100000000001
9081 3.01166e-07
9082 0.872052
9083 4.3424900000000005e-06
9084 3.55156e-06
9088 0.00519726
9090 6.286549999999999e-07
9092 2.28555e-07
9093 5.041020000000001e-05
9095 4.33287e-06
9096 4.54161e-09
9097 2.64167e-09
9101 3.41678e-05
9102 0.00139483
9103 1.60972e-05
9104 0.0009381519999999999
9107 0.00504724
9109 2.9453299999999998e-05
9110 0.000492204
9111 3.46983e-10
9115 1.03343e-05
9118 4.147659999999999e-09
9119 2.5603500000000003e-07
9120 0.542297
9122 6.858609999999999e-05
9124 0.000175324
9125 0.000179606
9127 4.1340600000000004e-07
9130 0.00147377
9132 0.000118365
9134 2.3640500000000002e-08
9135 5.89664e-10
9137 1.26935e-05
9139 2.8964299999999997e-09
9140 5.11084e-05
9142 0.0600302
9143 2.30373e-08
9145 5.944300000000001e-15
9146 1.3183000000000002e-06
9149 3.87086e-06
9152 0.00011473100000000001
9154 5.76193e-06
9156 1.84992e-08
9158 2.1706900000000003e-12
9164 5.0519399999999996e-05
9165 3.25754e-09
9167 4.74396e-17
9169 0.962778
9170 0.722314
9171 9.03813e-06
9172 6.74179e-08
9176 0.0746705
9182 3.77006e-07
9183 6.01483e-12
9188 1.99807e-11
9190 0.237432
9198 2.67578e-16
9199 0.0162503
9201 0.000177695
9203 4.40962e-06
9204 0.0124903
9206 6.5612800000000005e-06
9207 0.00138872
9210 2.38602e-05
9211 2.26317e-16
9216 9.674870000000001e-05
9217 2.40623e-12
9219 0.00144689
9220 3.4005199999999996e-06
9222 1.5373e-08
9223 0.0881974
9225 0.0007493210000000001
9226 8.59897e-11
9228 8.0804e-05
9229 4.0846499999999997e-07
9231 0.00046573599999999996
9232 7.7653e-05
9233 0.0553175
9234 1.14298e-05
9235 0.000496926
9237 4.55944e-10
9240 8.94803e-06
9241 0.00407455
9243 8.931889999999998e-09
9248 1.13928e-06
9253 4.64751e-06
9256 9.8867e-13
9257 7.27964e-07
9258 7.3624e-11
9260 1.4239099999999999e-06
9261 8.61163e-05
9262 8.443589999999998e-08
9263 8.48385e-07
9264 0.95416
9265 3.90809e-05
9266 0.000603396
9267 8.06607e-07
9274 4.5582699999999996e-08
9275 0.0006426369999999999
9276 0.000428911
9277 6.083319999999999e-10
9280 5.3322e-07
9284 0.0168851
9292 4.7846e-05
9293 1.80293e-05
9294 0.00021244599999999998
9297 4.22256e-06
9298 1.0725799999999999e-08
9300 7.87463e-05
9301 0.957526
9302 9.97209e-09
9304 3.16358e-05
9305 2.97296e-13
9310 0.00253624
9311 4.11096e-06
9313 8.454139999999998e-08
9314 0.000685049
9317 9.33516e-10
9319 2.86122e-10
9320 0.046238
9321 2.64985e-07
9322 3.1124e-06
9328 1.5370600000000002e-06
9329 2.96186e-07
9332 0.000336307
9335 2.6256499999999997e-07
9338 6.49258e-13
9340 0.000136271
9341 1.93496e-07
9344 5.2385e-05
9345 2.86302e-06
9346 9.879729999999999e-05
9352 0.00311726
9353 2.9118499999999996e-09
9355 1.88056e-11
9356 9.31306e-05
9357 3.19475e-07
9360 1.0895299999999999e-06
9361 2.84805e-07
9363 4.426310000000001e-09
9364 2.1264700000000003e-06
9366 5.12884e-14
9367 1.43359e-05
9369 0.000807537
9370 9.264019999999999e-10
9372 1.16482e-05
9376 6.95179e-07
9379 1.36047e-05
9380 0.000117661
9381 2.02967e-10
9383 0.00213448
9384 0.0007491939999999999
9385 1.3355700000000002e-06
9387 1.89113e-06
9390 1.22976e-12
9391 0.000239402
9395 5.828770000000001e-09
9396 0.00300107
9397 8.871260000000001e-08
9399 6.52661e-07
9400 0.2515
9402 1.54916e-05
9403 0.00177053
9404 1.34955e-05
9415 0.039184699999999996
9416 4.2050400000000003e-10
9423 4.79562e-05
9425 0.000107496
9426 9.251020000000001e-05
9427 3.02637e-06
9428 0.000259681
9430 1.8423099999999998e-10
9431 0.000323403
9435 0.00124465
9436 0.00033977300000000003
9441 2.9310500000000003e-05
9442 3.7077099999999995e-06
9444 0.000148568
9447 2.195e-13
9449 0.00028230400000000004
9450 0.688997
9451 8.35952e-06
9452 1.4361000000000001e-06
9453 1.08754e-05
9462 1.99905e-09
9467 0.0042382
9471 0.000126727
9473 5.84212e-06
9474 3.5267300000000004e-08
9475 5.38767e-07
9478 0.00029422599999999997
9482 1.1699999999999999e-07
9483 4.07736e-12
9485 0.00035393800000000004
9486 7.704960000000001e-08
9487 2.43754e-05
9489 0.110642
9492 4.7279e-08
9493 1.40909e-07
9495 0.00012156700000000001
9498 1.44467e-08
9501 6.83086e-08
9503 3.29891e-07
9505 0.000791562
9506 6.0597e-07
9509 1.82641e-05
9510 3.5873599999999998e-12
9511 6.019830000000001e-06
9513 0.00466971
9514 7.89875e-06
9521 9.099860000000001e-06
9522 0.00060391
9525 3.85008e-06
9529 1.57059e-06
9530 0.00017193700000000002
9534 1.50306e-07
9535 0.000395336
9536 4.03653e-10
9538 0.000995025
9539 9.980770000000001e-05
9544 4.42354e-06
9547 4.17654e-06
9548 6.40011e-09
9552 6.01435e-07
9553 1.58557e-07
9554 7.95764e-07
9555 0.000379749
9556 0.0005277519999999999
9559 2.77656e-06
9561 1.7684500000000002e-08
9563 4.50243e-09
9564 3.4855e-05
9569 0.145318
9570 0.00031256400000000004
9572 0.0160087
9574 3.66186e-05
9575 0.00014819600000000002
9578 0.518162
9581 1.9985099999999998e-07
9582 0.000225564
9583 3.49444e-06
9589 1.31802e-05
9590 1.9453200000000003e-08
9592 0.00298887
9593 9.46998e-08
9594 1.0918e-05
9595 7.3373e-06
9599 1.4408500000000001e-06
9601 3.68958e-06
9602 4.15314e-11
9604 0.0197487
9606 1.85914e-05
9607 0.0030932
9608 3.03082e-07
9610 4.22844e-05
9612 9.09568e-05
9616 2.9570999999999996e-06
9622 1.2657499999999999e-09
9624 0.027885300000000002
9625 4.43216e-05
9626 6.520179999999999e-08
9628 4.4706200000000004e-07
9630 5.429969999999999e-06
9631 1.1959899999999998e-06
9632 1.37118e-06
9633 9.18011e-07
9635 0.00140519
9639 2.66166e-06
9640 6.68689e-10
9642 0.0006263659999999999
9643 6.5163e-05
9645 2.75784e-07
9646 1.7291499999999997e-10
9648 1.74662e-08
9651 5.75426e-05
9652 7.036260000000001e-12
9653 1.5987399999999999e-06
9657 3.7897399999999996e-07
9660 8.79531e-07
9661 0.00264891
9662 5.435719999999999e-07
9663 3.03052e-07
9665 0.0058159
9669 5.34778e-06
9672 8.20242e-05
9673 7.08443e-10
9674 7.93909e-11
9675 2.92534e-10
9677 5.06224e-06
9680 1.73239e-08
9682 2.36152e-08
9683 1.0381700000000001e-09
9688 4.20447e-07
9689 7.38438e-08
9690 6.92433e-06
9694 0.000569219
9696 0.000248885
9697 6.58948e-07
9701 5.698200000000001e-06
9704 0.00262615
9705 1.2582e-08
9708 5.62706e-08
9714 0.0009533930000000001
9715 2.38575e-06
9716 1.16884e-14
9720 3.81285e-12
9722 0.00555831
9723 3.747630000000001e-08
9725 1.0320999999999998e-05
9727 5.81101e-06
9728 0.000504189
9730 0.0006733160000000001
9731 8.4335e-11
9736 5.63194e-06
9739 2.2108200000000003e-05
9740 6.3394e-08
9741 5.12465e-06
9742 1.71386e-06
9744 0.130509
9750 0.00027039999999999996
9751 3.6806699999999994e-06
9752 7.45918e-05
9753 0.000337655
9757 7.4412e-08
9759 1.09999e-06
9760 0.9833629999999999
9765 4.07529e-05
9766 5.69592e-08
9768 0.23809
9769 0.00015386
9770 1.2738599999999999e-05
9771 0.8338270000000001
9775 2.1331299999999998e-10
9777 7.49932e-06
9779 4.29626e-05
9782 4.5712599999999995e-06
9783 5.54972e-05
9784 3.09346e-05
9786 0.000468061
9787 2.0905500000000003e-06
9788 3.6371800000000005e-12
9791 6.18453e-05
9793 7.733639999999999e-07
9795 2.04051e-09
9798 1.213e-05
9799 0.00918646
9802 1.3799700000000001e-06
9803 0.035504400000000005
9804 2.8124e-09
9806 8.680280000000001e-06
9811 0.00010436799999999999
9812 3.98659e-05
9814 0.00012174299999999999
9815 1.81985e-06
9817 1.53142e-05
9818 0.22557800000000003
9820 0.00315706
9821 1.31105e-09
9824 0.0006236319999999999
9826 2.9505599999999998e-09
9827 1.1505699999999999e-09
9829 6.77953e-06
9835 3.43001e-07
9837 6.92133e-08
9838 3.56911e-05
9840 1.6437500000000001e-10
9843 0.00712062
9844 7.67521e-08
9846 1.22378e-09
9847 6.74234e-05
9849 1.17987e-05
9850 2.98391e-08
9853 1.1201400000000001e-05
9854 3.4029900000000004e-06
9856 0.00040489
9857 7.21032e-05
9861 0.187611
9864 2.03873e-06
9866 8.66709e-11
9871 6.01796e-07
9873 1.8581900000000002e-06
9875 0.000234717
9876 5.2416800000000006e-17
9883 9.01112e-05
9885 0.00035861599999999997
9888 2.52897e-07
9889 0.508935
9890 5.33724e-12
9891 1.45665e-05
9892 2.54548e-05
9893 5.51922e-09
9895 1.87361e-07
9899 0.000833054
9901 7.4268e-05
9903 0.00755014
9906 1.54062e-07
9907 8.16964e-05
9909 0.9928520000000001
9910 4.61148e-06
9912 0.992576
9914 1.05152e-05
9915 5.76301e-07
9916 2.229e-08
9919 5.56245e-06
9921 0.00145346
9922 0.0871
9924 1.07066e-06
9925 1.19554e-10
9927 1.88574e-06
9928 6.6897000000000005e-06
9929 4.9657700000000004e-05
9930 1.43085e-06
9931 0.0027715
9933 0.479337
9934 0.00199955
9936 7.31148e-07
9937 0.0196612
9941 5.7455100000000005e-05
9943 2.80708e-08
9948 8.14603e-06
9951 0.00479976
9952 0.000454774
9953 1.51565e-11
9956 1.54397e-08
9957 0.000212201
9960 5.1708099999999994e-08
9962 2.5121100000000002e-05
9963 3.3568899999999996e-05
