1 3.2619699999999995e-05
2 0.00015505399999999998
3 0.0256579
4 0.000124892
6 0.0044049
8 0.109425
10 0.000594072
11 0.000165952
13 6.50509e-05
14 1.1722799999999999e-05
15 1.57397e-07
18 6.19071e-07
22 5.34856e-06
25 0.000819068
27 7.04406e-05
28 4.73382e-07
29 7.37905e-06
31 5.476e-08
37 2.09422e-06
38 2.7917600000000004e-13
40 3.35385e-14
43 0.0400646
45 2.09758e-06
49 0.00816547
53 0.000447678
54 1.2858899999999999e-08
55 6.541360000000001e-07
56 0.000168039
57 7.37538e-19
58 5.81517e-05
59 0.00233248
62 2.6237399999999997e-05
67 7.316030000000001e-10
68 1.48947e-16
69 1.17614e-05
70 0.0923489
71 5.54809e-11
74 1.8105400000000001e-06
75 0.000826163
76 5.68125e-06
79 4.30738e-07
80 4.84664e-05
82 2.80633e-08
84 0.331215
85 0.014225100000000001
86 0.000238872
87 0.000425807
88 0.00172187
90 0.0612303
92 9.78412e-06
94 1.26546e-07
96 0.000646172
97 0.0043658
98 8.717729999999999e-05
100 2.95827e-06
103 1.93973e-05
105 4.60938e-07
106 1.04579e-13
108 2.23277e-05
111 0.000188033
114 0.0009143830000000001
115 2.3113999999999998e-08
116 6.09787e-05
119 3.04813e-06
124 0.0051467
126 0.00183203
127 0.00127426
128 4.54142e-06
135 4.9369399999999995e-05
136 0.022066
137 0.00316829
139 2.68052e-11
144 0.0725691
145 0.00010283200000000001
148 9.054790000000001e-21
149 5.3860500000000004e-05
151 0.00332203
152 4.26259e-09
155 1.0366300000000001e-05
157 0.00795597
160 0.00322208
166 0.000532673
167 4.55995e-12
168 0.0005289369999999999
172 4.56596e-10
175 2.18407e-06
176 2.9335300000000004e-05
178 0.000588958
179 3.39004e-06
181 0.00873151
182 0.000602399
183 4.876509999999999e-07
185 0.00168835
186 0.00047142
188 4.941369999999999e-10
191 0.0005011190000000001
195 3.7375199999999997e-07
196 0.0120161
197 2.29914e-08
199 9.9514e-14
201 5.30062e-10
202 0.00396163
204 0.000865566
205 0.00148041
206 0.000709895
212 0.00877307
213 0.000345584
216 4.29806e-11
217 0.305089
223 3.2703e-05
226 0.103939
227 2.4889699999999997e-05
230 9.39383e-08
231 2.4942500000000003e-06
234 0.12542899999999998
237 0.00191533
238 9.5583e-05
239 8.89293e-11
240 4.0492300000000006e-08
243 2.0314099999999997e-12
247 0.0005390530000000001
248 0.000317493
252 2.0170099999999998e-06
253 4.70529e-08
254 4.33306e-05
255 2.7625300000000004e-09
258 0.0110601
260 1.38598e-08
261 5.58266e-12
264 0.00157208
265 0.000142244
267 3.6587599999999998e-06
271 0.000254483
272 0.105706
273 0.000216593
274 5.41795e-12
277 0.000775135
279 0.0009207369999999999
280 0.00279828
281 0.000121812
283 4.94112e-14
284 4.41184e-08
286 0.000965633
287 0.0009932
290 5.87448e-06
291 0.000171536
292 3.36446e-05
293 7.98846e-06
295 0.000423146
297 0.0200873
299 0.000779878
300 0.000152117
301 1.86815e-05
309 4.5398e-13
310 0.00250008
313 6.89867e-07
314 0.307886
315 0.00034203099999999996
316 2.54246e-06
319 0.000516366
324 1.1015899999999999e-05
326 9.69053e-05
327 0.000580242
330 0.00173009
333 6.80552e-08
335 0.00050015
339 0.00320429
341 2.3726500000000003e-07
342 0.000452095
345 8.21778e-06
346 0.00328917
348 2.0428e-11
350 2.57186e-12
351 9.97023e-08
353 9.95103e-11
356 0.00018278900000000001
357 1.6629100000000002e-07
358 2.95998e-10
360 2.3820700000000002e-08
361 1.087e-06
362 2.1260499999999997e-06
364 1.92579e-15
365 9.38373e-08
366 0.134492
368 0.00809874
369 0.0380366
371 0.000464503
375 3.2323800000000004e-05
376 0.000580338
377 0.23091599999999998
378 5.912809999999999e-06
383 4.41966e-12
384 0.00274631
385 0.016184399999999998
386 0.000108995
388 0.00126896
389 0.0391689
390 3.4674699999999994e-06
392 1.5308e-05
393 0.000266797
397 0.00871016
398 2.49369e-06
399 7.05526e-08
401 1.29277e-05
402 9.833889999999998e-06
405 0.00904893
409 3.24315e-05
410 2.64782e-05
412 1.13975e-06
413 0.000816738
414 4.36339e-06
415 1.86755e-07
418 9.90033e-05
421 0.00341528
422 1.3912100000000002e-06
423 0.000915491
425 3.69111e-07
426 4.77979e-05
429 0.0426604
432 0.000110119
434 0.00022700299999999998
436 3.2904900000000004e-08
437 5.18896e-07
440 1.07078e-07
441 1.76683e-07
442 1.7347999999999998e-08
444 1.25896e-07
445 9.520219999999999e-06
447 0.00196908
449 1.935e-05
451 3.82801e-08
452 0.0240291
453 1.43451e-08
455 0.0005142580000000001
456 2.11576e-06
457 0.00248778
458 3.35433e-05
465 8.87228e-08
466 5.68588e-05
467 2.0176400000000002e-10
471 9.762610000000001e-05
472 2.80627e-18
473 0.000526414
475 8.42886e-07
478 6.82929e-06
479 0.055192599999999994
481 0.00286953
485 9.79076e-05
487 0.028584
488 6.200640000000001e-09
490 0.00333303
493 0.0121112
495 0.00217562
497 4.88266e-12
502 0.000837692
504 1.3768e-05
505 5.12102e-07
506 0.000274855
507 5.688770000000001e-05
510 0.0544135
511 6.6383000000000005e-06
512 6.9193500000000005e-09
517 0.00027546
521 1.4021200000000002e-06
527 8.693600000000001e-14
529 0.00039287800000000004
532 2.96931e-09
533 0.00214969
534 0.00415845
536 1.17428e-11
538 5.61488e-07
539 0.000936109
542 5.62157e-07
546 0.00010699200000000001
547 0.11723599999999999
548 2.3076299999999999e-07
551 0.0232237
553 7.0007e-12
556 2.25166e-07
557 8.0383e-06
558 0.000560236
560 0.000657868
561 4.33081e-12
562 4.0532099999999996e-10
566 0.000294987
567 1.1558499999999999e-09
568 1.99522e-08
569 1.41179e-12
570 4.630069999999999e-09
571 9.503200000000001e-05
572 1.2833500000000001e-09
573 0.000780438
574 8.659100000000001e-07
575 0.00367941
576 1.35999e-05
578 0.00160214
580 1.1782999999999999e-07
584 6.97099e-07
585 1.25211e-08
586 9.651569999999999e-06
587 0.040731300000000005
593 4.60215e-10
594 2.2886399999999998e-07
595 0.100481
596 5.09547e-05
600 0.0159165
602 4.902e-05
603 0.00746655
604 5.4528900000000006e-05
606 0.00559344
607 1.82896e-07
611 6.53405e-05
614 2.56512e-13
615 0.00149224
616 0.000573054
617 0.0534512
618 0.000362101
621 0.00563668
623 0.00025063
624 1.4887299999999999e-07
627 7.40835e-06
629 6.18964e-06
630 3.21755e-11
631 0.015354900000000001
634 2.97564e-05
636 4.79773e-08
638 9.58771e-07
639 0.000469111
640 5.16501e-11
641 6.178439999999999e-05
642 0.0084369
643 0.00142716
644 8.38491e-09
646 5.7241400000000005e-08
649 4.991600000000001e-06
650 6.667609999999999e-05
651 0.0007184180000000001
652 0.0111804
655 1.18553e-09
658 0.00555824
659 1.2908100000000003e-06
662 3.0834e-09
664 0.00370529
665 2.76104e-13
666 3.39579e-05
668 1.07388e-08
669 0.000141036
670 0.00222343
673 6.45276e-05
674 0.00322519
678 2.56602e-07
679 8.805240000000001e-07
681 5.59865e-05
683 0.000590565
687 2.25862e-09
691 2.81233e-07
692 0.0008704510000000001
693 7.88792e-06
696 3.30353e-07
697 2.2732e-07
698 0.0005547390000000001
701 0.00046786099999999997
703 1.24201e-05
704 0.000769331
706 2.3125099999999997e-06
708 0.00975437
715 2.59637e-07
716 0.000319343
718 0.000388092
719 2.99828e-08
721 4.5346499999999996e-07
722 9.27908e-07
723 3.6493899999999996e-07
724 8.957649999999999e-09
725 0.000520032
727 1.0365000000000002e-06
732 5.71615e-06
734 5.36924e-07
735 1.06942e-05
736 1.23837e-09
737 0.08305560000000001
741 3.30305e-08
743 0.000196761
744 0.239472
745 0.1521
747 1.05361e-09
749 0.659772
751 0.00360666
757 6.44019e-09
758 7.808660000000001e-08
759 1.47219e-07
762 0.021690599999999997
765 0.0681972
766 0.000586974
769 0.00109505
773 2.41154e-07
775 3.3664899999999996e-09
778 1.17137e-06
779 6.40206e-07
781 0.000180959
783 0.000556519
784 0.000548844
785 9.02447e-05
788 1.10894e-06
789 3.40232e-08
790 0.0287845
792 5.64517e-05
795 9.75861e-06
798 2.07768e-10
801 3.37504e-10
803 0.00070412
807 0.00125664
809 1.0790899999999998e-08
811 7.551969999999999e-12
813 4.7237699999999997e-07
817 0.000188864
819 8.83076e-06
821 1.00242e-09
824 1.82553e-05
825 1.2150399999999998e-10
833 8.31104e-06
835 2.22151e-09
836 7.46668e-06
837 8.460870000000001e-05
838 4.3126100000000005e-16
839 0.000171633
840 0.000314269
841 7.7333e-05
844 4.14379e-08
846 4.8967800000000006e-06
852 3.17099e-05
853 1.7623e-08
856 0.0261157
858 2.1742499999999998e-08
861 8.1393e-06
864 8.009919999999999e-12
866 2.9245999999999997e-05
869 0.00301926
870 0.0883451
873 0.000253542
875 6.611020000000001e-07
877 0.00889422
881 6.75893e-09
883 2.67495e-05
884 3.6945300000000005e-07
886 0.00870341
890 0.0101101
891 2.61329e-06
893 0.000135077
894 4.2411700000000004e-07
897 1.12701e-05
901 0.0117818
905 0.00884752
907 0.00108076
909 0.0265605
910 4.6903599999999996e-05
913 0.0008379860000000001
914 0.0007671310000000001
916 5.0252e-12
922 0.00030194
924 4.62015e-10
925 2.1948399999999998e-07
927 0.036948
928 8.44138e-05
930 5.940699999999999e-11
932 4.66788e-07
933 0.011370100000000001
938 0.00116465
939 0.030978700000000005
940 5.8217299999999996e-05
941 5.88497e-05
942 4.7314999999999997e-07
944 0.00916955
945 2.51569e-09
952 0.0160149
953 0.0625609
955 0.00640462
956 0.0319795
957 8.651979999999999e-05
959 0.018839099999999998
960 0.00945367
961 0.022946900000000003
963 6.31846e-07
968 2.25473e-09
969 0.00028194900000000003
970 6.64048e-05
974 1.4596400000000001e-05
975 9.996090000000001e-05
976 0.0009229069999999999
978 0.0006796110000000001
979 0.00019497099999999997
981 0.00280133
983 0.0422139
984 2.6115799999999998e-05
985 6.71988e-08
986 0.00237469
988 0.00246843
990 0.020175799999999997
992 4.32286e-06
994 4.2931899999999995e-05
995 1.2486399999999998e-06
998 1.23484e-07
1000 3.7360000000000003e-06
1003 5.651010000000001e-09
1005 1.92996e-08
1006 0.0025828
1007 2.92176e-06
1013 1.78398e-05
1016 8.52546e-05
1019 2.66312e-07
1020 0.0113303
1021 7.47945e-07
1022 9.95207e-07
1023 0.306086
1025 7.065989999999999e-08
1026 7.53177e-05
1029 1.7890799999999998e-06
1030 3.49534e-06
1031 3.26035e-07
1032 2.4596599999999997e-07
1033 2.99404e-07
1034 7.55888e-06
1035 0.00667842
1037 0.00993684
1038 0.0162685
1039 0.00159124
1040 0.043906099999999997
1044 0.000675932
1046 4.11325e-06
1047 0.000555083
1048 0.000732472
1049 1.33874e-05
1051 1.0909599999999999e-15
1054 1.46477e-05
1055 0.00362319
1058 8.78806e-05
1059 2.35934e-05
1063 0.00195425
1065 0.00668338
1067 1.61222e-05
1070 6.7382e-05
1075 0.000261047
1076 0.00309808
1080 3.58982e-05
1081 0.022349599999999997
1085 1.43964e-10
1086 0.027503899999999998
1087 0.00963542
1088 7.04844e-05
1089 4.3064700000000003e-07
1090 2.75913e-06
1094 1.31846e-05
1095 0.022111000000000002
1096 2.5364400000000002e-14
1098 2.2338400000000002e-09
1099 0.00159147
1100 0.011397
1103 0.00130469
1105 0.00148044
1108 0.00571347
1111 0.000502064
1114 0.000160868
1115 3.63e-08
1116 0.0008384
1117 0.00022841400000000003
1118 0.00258544
1120 0.000743992
1122 1.1523800000000001e-09
1123 0.0076451999999999996
1126 3.1128699999999996e-13
1128 1.98016e-05
1131 1.53822e-05
1132 0.010451100000000001
1133 0.00477632
1134 6.878760000000001e-10
1135 5.75012e-07
1138 0.0047199
1139 0.30899899999999997
1141 5.37874e-05
1146 2.129e-06
1150 9.76563e-08
1153 3.0412e-06
1155 1.69342e-06
1157 2.57262e-10
1159 0.00602087
1162 0.00162333
1163 0.00693203
1165 0.000848232
1167 0.00285989
1169 0.00533203
1173 0.000930304
1177 0.012850899999999998
1178 4.36928e-07
1179 0.10998499999999999
1180 0.00310349
1181 1.9603799999999997e-18
1183 0.00069482
1188 8.76688e-09
1189 0.65899
1190 7.64022e-05
1193 6.09898e-08
1195 0.000506456
1196 1.0828899999999998e-08
1197 0.0167808
1198 4.255600000000001e-11
1202 8.72935e-05
1208 0.0009013210000000001
1210 0.000410286
1213 0.00034785199999999995
1216 0.000779851
1217 0.00042887199999999996
1218 9.106239999999998e-10
1219 0.020782400000000003
1220 5.5420299999999995e-05
1222 2.30379e-05
1223 1.79775e-10
1227 0.00016035799999999998
1228 0.0121527
1232 0.00011191200000000001
1235 2.3507599999999997e-06
1238 2.10783e-14
1242 0.00104796
1243 0.00240663
1244 0.00334576
1245 1.8931599999999997e-06
1246 0.00378731
1249 0.00117363
1251 0.00194061
1252 2.61327e-07
1253 0.00321495
1255 0.000611815
1256 7.73386e-05
1257 7.2126499999999995e-06
1261 0.0283569
1262 2.43047e-20
1264 1.20196e-10
1267 1.0750400000000001e-07
1271 0.00166256
1275 4.13028e-07
1276 0.0609799
1278 8.93939e-08
1280 7.49816e-09
1282 0.00832983
1283 4.7272399999999997e-07
1285 3.37372e-07
1291 3.95425e-06
1295 2.5880700000000003e-06
1296 2.23937e-11
1297 0.000728998
1300 0.000898558
1301 1.9504700000000002e-08
1302 0.408249
1303 0.00680834
1305 0.0007329289999999999
1306 1.3524300000000002e-07
1307 4.67904e-05
1308 4.97141e-05
1313 0.000199622
1317 1.0863599999999999e-05
1318 4.907e-07
1319 0.00978414
1320 0.000109072
1321 3.7681300000000003e-07
1322 3.45522e-06
1328 0.00013545200000000002
1329 2.8381999999999997e-05
1331 3.12116e-08
1335 4.4586000000000005e-07
1336 2.97144e-12
1338 1.4166600000000001e-05
1339 0.000804745
1340 0.00766226
1342 1.71178e-05
1344 9.884780000000001e-05
1347 0.00691851
1349 0.00580053
1351 0.00277396
1353 5.96904e-07
1354 0.032541900000000006
1355 2.4492600000000003e-05
1356 1.34453e-09
1357 1.63673e-07
1358 1.67124e-05
1359 1.7128799999999998e-06
1363 4.30916e-05
1366 4.48614e-06
1367 6.89748e-05
1368 0.0151426
1369 8.78269e-12
1370 2.4181e-11
1372 0.00396426
1373 3.06753e-09
1374 0.019173
1376 0.000249804
1377 6.953149999999999e-05
1379 6.00218e-08
1380 0.09282699999999999
1381 2.6605000000000003e-07
1382 0.00233413
1389 0.00463198
1391 2.1934799999999997e-06
1392 2.11811e-06
1394 3.05134e-07
1396 0.000437412
1398 7.40814e-07
1399 6.013919999999999e-06
1401 0.000160078
1403 2.98467e-08
1407 0.000981143
1410 1.10566e-06
1411 0.00012369
1412 0.000227955
1415 8.197139999999999e-05
1416 3.20475e-06
1417 1.6106500000000002e-05
1419 0.000237875
1422 4.00782e-07
1423 0.00596101
1424 0.000149355
1425 0.000261077
1428 0.0318287
1429 0.0185325
1431 0.0160031
1433 1.14211e-06
1435 1.0533e-06
1437 4.5352700000000004e-05
1438 0.172354
1440 5.86894e-14
1446 2.62149e-09
1447 2.33991e-11
1448 0.00139437
1449 4.66851e-06
1452 0.000346534
1454 5.68646e-05
1456 0.041462
1458 0.000327839
1459 0.0157896
1461 0.000335739
1462 0.00108277
1469 0.00022167200000000001
1471 3.26611e-06
1473 0.0033611999999999995
1474 3.6206100000000004e-09
1476 8.09921e-11
1477 1.13379e-06
1478 0.0142075
1482 0.000636677
1487 0.000296315
1489 0.156401
1491 4.63828e-08
1495 0.016524900000000002
1496 4.02736e-16
1500 0.000789824
1502 2.7621599999999996e-08
1503 0.000362246
1505 7.97025e-05
1506 0.000461078
1507 0.00011618
1508 0.00232204
1511 5.09152e-12
1513 0.00766141
1516 2.0608500000000002e-14
1518 0.018454400000000003
1519 0.0110994
1520 0.000150961
1525 1.06344e-08
1527 1.0388600000000001e-07
1530 8.55819e-05
1533 0.00489894
1534 0.21422
1535 7.49579e-05
1538 5.39521e-08
1540 0.00862454
1542 0.00134687
1546 4.2704700000000005e-05
1547 3.25849e-13
1549 1.5731299999999998e-06
1550 1.8912099999999997e-10
1551 5.2104999999999995e-06
1552 1.13117e-08
1558 0.0115608
1560 4.93052e-10
1562 4.07584e-06
1564 0.00110836
1566 0.00293923
1567 2.26546e-06
1568 3.20872e-05
1569 0.00223857
1570 5.1873500000000004e-05
1572 1.95676e-12
1573 9.28636e-06
1574 0.036579400000000005
1575 3.6822399999999995e-05
1578 4.95543e-07
1581 0.00246949
1583 0.000595819
1584 0.00764511
1585 0.00463575
1587 1.64772e-05
1589 0.00112112
1591 5.41167e-11
1592 0.00511366
1596 0.000892126
1599 0.0359043
1600 0.0158768
1601 4.44048e-08
1602 0.000160836
1605 0.00046131300000000003
1606 3.05893e-09
1609 0.343452
1613 1.4767799999999998e-07
1615 3.1488e-08
1616 2.89795e-05
1619 1.8103e-09
1620 3.02904e-11
1621 2.01711e-09
1623 4.822899999999999e-09
1624 0.00020569900000000002
1625 5.41026e-05
1626 7.139039999999999e-12
1629 0.11326199999999999
1631 0.00112681
1634 4.75333e-06
1635 1.31801e-05
1637 6.41835e-05
1639 9.03477e-07
1641 1.25373e-05
1644 1.4703499999999999e-05
1645 7.28678e-05
1646 3.33258e-05
1648 0.0005385380000000001
1652 0.00633593
1655 2.90392e-06
1656 0.000273549
1657 0.013497799999999997
1658 3.63257e-08
1659 8.99615e-07
1660 5.83309e-11
1663 0.000291016
1664 2.41919e-05
1665 0.00015684
1666 0.0241828
1667 3.05146e-05
1668 0.000117566
1670 0.0008557160000000001
1671 0.05124490000000001
1672 1.5699100000000003e-08
1674 0.00392283
1679 3.36105e-08
1681 3.0208e-07
1687 1.58686e-05
1692 4.77002e-05
1694 1.24233e-07
1695 2.0443800000000002e-05
1696 0.00598586
1697 0.00042005
1698 3.77425e-07
1700 5.7448900000000005e-05
1701 2.13814e-06
1702 1.3979200000000001e-06
1703 0.00024177099999999997
1704 2.22476e-06
1705 2.81286e-06
1706 0.00506501
1709 1.2399100000000001e-08
1710 3.7854899999999996e-05
1712 0.0204607
1715 0.010852299999999999
1716 0.00654237
1719 4.90137e-07
1720 0.0206929
1722 0.042865499999999994
1728 0.00744434
1731 0.004719300000000001
1735 0.0271973
1736 7.591259999999999e-07
1737 1.06465e-12
1740 0.00309682
1742 0.420029
1743 0.00206143
1744 3.59798e-09
1745 0.000344509
1748 3.46281e-09
1751 0.0033983000000000004
1753 0.000166251
1757 0.023247099999999996
1760 0.00032741
1762 0.00248618
1763 0.00383143
1764 8.19227e-07
1767 0.00251302
1769 0.000103326
1770 0.00267771
1773 0.00457391
1774 0.0186858
1776 7.751560000000001e-05
1779 0.000272538
1781 0.07980319999999999
1783 0.000237073
1786 0.00847822
1788 1.67255e-07
1790 4.1958e-07
1791 0.000119974
1792 0.0037071999999999995
1794 3.48964e-06
1796 1.03604e-07
1798 8.8557e-13
1802 9.74944e-05
1803 5.41107e-05
1804 2.08014e-08
1805 0.0165989
1808 1.68075e-08
1811 0.0112449
1812 0.00290089
1813 0.0530254
1814 0.0612251
1815 5.46904e-06
1817 0.00130541
1819 9.66989e-06
1820 3.08181e-07
1822 1.50737e-07
1823 4.25726e-05
1824 1.0403e-06
1826 0.0331959
1829 6.74799e-05
1831 3.23516e-05
1835 9.967290000000001e-05
1838 2.47147e-12
1839 5.95743e-06
1844 2.5541299999999997e-12
1846 0.00456938
1848 3.94441e-12
1850 0.00018675200000000002
1851 7.882060000000001e-05
1852 1.30575e-05
1856 0.11045899999999999
1857 1.5483900000000003e-05
1859 1.60626e-09
1863 2.21015e-08
1865 8.809709999999999e-05
1866 0.000576336
1867 5.7205e-05
1868 8.56415e-05
1869 7.79494e-07
1871 3.70927e-07
1873 3.46098e-09
1874 1.3323800000000001e-05
1876 1.28804e-07
1879 0.00447921
1880 0.00168424
1883 1.8972e-07
1884 0.00041065800000000005
1885 0.000446404
1886 1.8817e-05
1889 1.6312699999999998e-10
1890 1.08621e-05
1891 2.3312299999999998e-06
1893 5.8294799999999996e-05
1895 1.3125699999999999e-05
1897 2.01195e-11
1900 0.000140716
1905 0.00182582
1908 4.5464400000000004e-08
1909 1.20132e-06
1910 0.000164873
1912 1.722e-17
1913 1.07687e-07
1914 6.90112e-05
1916 8.63395e-12
1917 7.75233e-06
1919 2.2434499999999997e-09
1921 0.0115556
1923 9.619069999999999e-08
1924 1.9961200000000003e-07
1925 2.94335e-08
1926 0.00168465
1929 7.06417e-15
1935 3.97877e-07
1939 8.91648e-06
1942 1.58193e-05
1943 0.001639
1946 0.000608725
1947 0.000562889
1949 0.627239
1951 1.2840100000000002e-06
1953 1.6318600000000002e-06
1955 0.0030918000000000005
1956 2.9487399999999998e-05
1957 0.00582776
1959 1.51076e-16
1961 0.00172909
1965 0.00042113800000000005
1966 0.00017831599999999998
1967 2.36853e-13
1968 0.000251916
1969 0.0531735
1973 0.000705705
1974 4.0001e-05
1975 0.00129697
1979 0.00126292
1983 1.0714600000000001e-09
1984 0.000106886
1986 0.00314579
1987 9.024060000000001e-10
1988 2.2176300000000003e-09
1990 0.320671
1991 2.07724e-12
1992 0.000170445
1993 0.0322089
1994 2.89238e-09
1996 9.75943e-09
1997 7.96577e-21
1998 3.99933e-09
2003 3.95713e-07
2005 7.0011600000000006e-06
2007 1.95424e-11
2008 6.032220000000001e-13
2009 7.81179e-05
2010 7.63148e-06
2013 0.00346981
2014 3.2800199999999996e-06
2016 6.71675e-06
2017 6.623600000000001e-07
2018 4.34767e-05
2026 0.00165075
2028 0.000549138
2029 1.83072e-07
2031 7.66067e-05
2032 2.4184099999999998e-05
2033 2.6320100000000002e-05
2035 0.000258614
2038 0.00171398
2040 7.41075e-07
2041 0.00021215400000000002
2044 4.45734e-12
2046 0.000187708
2048 5.6413500000000005e-05
2050 0.000203052
2052 1.18989e-06
2053 7.797159999999999e-07
2057 0.000262851
2059 9.67211e-06
2060 5.94813e-05
2062 0.000200692
2065 0.00677397
2066 6.90141e-05
2071 0.0006967389999999999
2072 0.000608036
2073 0.000213482
2074 0.00630552
2075 4.31904e-06
2076 0.00149673
2077 0.00184415
2078 2.56787e-10
2079 0.0022946
2080 4.7401000000000005e-07
2081 2.8279200000000002e-05
2084 2.95362e-05
2085 6.31454e-05
2087 0.00516586
2089 1.2655399999999999e-12
2092 0.00308022
2093 1.87075e-07
2097 0.012757
2100 4.37074e-05
2103 2.12662e-12
2105 2.18924e-11
2106 6.394280000000001e-08
2107 0.0186822
2110 0.000128427
2111 0.0003232
2113 8.28044e-06
2115 3.90689e-05
2118 9.41075e-07
2119 0.023444200000000002
2121 0.00383853
2122 0.0049265
2123 0.08286669999999999
2127 6.98303e-05
2128 0.000308519
2130 2.0181699999999999e-07
2131 7.3833e-07
2133 0.000972542
2137 1.13305e-05
2138 1.7481099999999998e-05
2141 0.00019081599999999998
2143 2.94832e-11
2144 0.0015264
2147 6.982760000000001e-06
2148 2.89341e-10
2149 1.0724200000000001e-05
2150 0.00023075
2154 2.8264299999999997e-08
2157 3.10636e-08
2159 0.00195483
2160 8.48439e-07
2161 0.0184935
2162 0.00024138
2164 0.000986235
2167 0.0275187
2168 2.13434e-11
2173 1.90427e-05
2175 7.12145e-12
2177 5.62283e-09
2185 6.1059e-09
2188 0.028428
2189 0.0106107
2195 0.0306491
2198 0.00123655
2200 0.00108091
2203 0.0041298
2204 0.00115386
2205 1.722e-05
2206 1.10598e-09
2207 1.65648e-06
2210 3.22839e-06
2211 0.00032618400000000003
2216 8.70983e-07
2217 7.69788e-11
2222 0.00018412799999999998
2223 3.8011099999999998e-06
2225 2.5400399999999998e-05
2227 4.72604e-10
2229 9.44264e-11
2230 0.018451
2231 0.000990759
2232 0.000827449
2235 0.0297878
2236 5.686540000000001e-07
2239 2.22277e-07
2240 0.000999953
2242 2.17807e-10
2243 0.00218543
2245 3.0329799999999997e-07
2246 1.27391e-06
2250 0.048961000000000005
2252 0.000352657
2254 0.0062751000000000005
2258 1.3497499999999999e-06
2262 0.00247114
2264 0.034415
2269 0.0008884639999999999
2271 2.59992e-12
2274 2.22676e-08
2275 1.17964e-07
2282 0.010770100000000001
2283 3.9573e-05
2286 3.5285100000000005e-05
2289 4.62667e-06
2292 3.58853e-08
2294 1.29443e-07
2295 0.00416351
2296 0.29275
2297 0.00940217
2298 0.00211456
2299 0.000155229
2301 0.261868
2303 0.000195902
2304 1.28254e-05
2309 2.30883e-15
2312 0.00019030099999999998
2313 2.90132e-06
2314 0.000312263
2316 9.17562e-08
2317 7.10677e-06
2319 5.34331e-08
2322 0.0287911
2325 0.00010211399999999999
2326 4.09342e-07
2327 1.18349e-07
2331 1.21467e-05
2336 1.26865e-10
2338 3.1085799999999996e-07
2339 0.000687855
2341 7.49337e-05
2344 0.000161205
2346 2.0074200000000002e-08
2349 6.15008e-08
2351 2.02565e-07
2353 0.028794999999999998
2356 0.00397618
2357 0.000217903
2358 0.000571015
2360 0.000113599
2363 0.000463811
2365 0.0206671
2370 3.96604e-08
2379 2.50724e-10
2380 1.09735e-07
2381 0.00190685
2383 3.18297e-09
2386 0.00019250000000000002
2388 0.00170404
2389 0.635409
2390 0.000593577
2394 0.0134929
2395 1.07324e-05
2396 2.6804899999999998e-05
2397 2.75717e-09
2398 2.38693e-05
2399 2.54248e-05
2400 4.59223e-10
2402 1.2458899999999999e-08
2406 6.995239999999999e-08
2408 3.45752e-05
2409 0.000156079
2412 2.9863000000000002e-05
2414 0.00963805
2416 2.51207e-06
2418 3.7733e-05
2421 6.6851e-05
2422 2.23085e-06
2424 1.2943100000000001e-06
2426 9.107419999999999e-10
2428 0.00872206
2429 0.0033445999999999997
2430 4.42625e-05
2431 4.4771099999999996e-05
2432 0.000849358
2434 6.0449700000000005e-05
2438 0.00843072
2440 1.09685e-07
2446 9.638190000000001e-09
2447 0.0005019369999999999
2449 0.000695678
2451 0.00081799
2453 2.97623e-05
2455 0.000769605
2457 0.000181746
2463 0.0134847
2464 9.471410000000001e-06
2467 8.7961e-12
2469 0.00231452
2473 1.2842800000000002e-07
2474 1.46362e-07
2475 4.4541699999999997e-10
2482 0.000255374
2484 8.85358e-05
2485 0.000531054
2486 3.38928e-09
2487 6.0199700000000006e-05
2488 8.87206e-11
2489 0.000163588
2495 2.9892700000000003e-06
2498 0.00651944
2499 0.21018
2503 0.000550299
2506 0.14471199999999998
2507 5.18201e-07
2509 0.00039189300000000004
2510 5.55115e-08
2511 0.000622218
2515 3.3651199999999995e-06
2516 0.00236184
2517 5.73507e-09
2521 1.56029e-07
2522 4.1414199999999996e-06
2526 3.19648e-07
2527 9.624209999999998e-09
2528 0.0011977000000000001
2530 4.58487e-11
2531 1.11048e-11
2532 2.6521899999999996e-07
2535 1.94541e-06
2536 0.349137
2538 0.00751518
2541 2.97352e-05
2543 7.91614e-05
2548 7.72178e-07
2550 0.0023257
2551 0.00499972
2552 0.0395471
2553 0.00029676
2556 0.000210518
2557 8.78527e-05
2560 0.00286721
2562 8.22654e-06
2568 1.33783e-10
2570 0.02453
2573 0.00274331
2574 7.60385e-05
2575 0.0278815
2576 5.2033699999999996e-05
2577 3.4064e-11
2580 5.84613e-05
2581 0.213444
2582 0.000141854
2583 6.79936e-05
2587 6.95776e-05
2588 0.012901900000000001
2591 0.00912422
2592 9.38233e-12
2596 1.66736e-05
2597 0.00121737
2601 1.1224600000000001e-05
2602 2.6439599999999998e-06
2604 0.010512200000000001
2607 4.0611800000000005e-06
2608 0.00011417299999999999
2610 0.000825145
2612 6.16677e-10
2614 0.108491
2616 0.00152574
2617 0.0804827
2619 2.18975e-08
2620 0.10705
2622 0.000342287
2623 1.02456e-07
2624 0.217969
2626 1.46642e-06
2628 1.76396e-06
2629 4.0774899999999995e-05
2630 1.6237399999999999e-10
2631 6.15171e-06
2638 0.00072051
2639 0.00344629
2640 6.1850000000000005e-09
2642 6.3166e-05
2644 0.022116099999999996
2650 0.00917761
2651 0.00118718
2652 0.00245781
2654 0.00882771
2655 0.00033512099999999996
2656 0.000239005
2660 0.00778251
2661 7.331630000000001e-14
2663 3.6583e-05
2665 0.000161509
2671 0.058051900000000003
2672 4.15716e-05
2673 2.51313e-05
2674 0.5565829999999999
2676 0.00106072
2679 0.000788472
2681 1.2393700000000002e-06
2685 0.00013866600000000002
2686 7.44582e-06
2687 0.018153
2688 6.04658e-06
2692 0.000112574
2694 0.00019433400000000003
2698 7.28098e-11
2700 0.000145661
2701 3.85763e-05
2703 0.000595119
2705 0.00877028
2707 5.64112e-05
2708 0.000607032
2711 8.96343e-05
2712 0.0005012980000000001
2716 2.2739899999999998e-07
2719 0.0009602980000000001
2720 3.30242e-05
2724 0.20027799999999998
2725 2.48968e-05
2726 0.00043476699999999997
2728 0.004926399999999999
2729 6.694489999999999e-09
2731 1.3256800000000001e-09
2733 2.6622700000000005e-10
2736 1.6693400000000003e-06
2739 4.2513399999999995e-07
2740 1.39907e-05
2742 5.95114e-06
2743 0.00445507
2746 7.02334e-05
2748 2.9089200000000003e-07
2750 0.00134788
2752 0.00031972799999999997
2753 0.145701
2754 1.6045500000000002e-07
2756 0.000155134
2758 8.54304e-07
2761 0.0634831
2764 3.60978e-13
2768 0.00044627
2769 0.00431921
2770 0.00020741900000000003
2771 3.75707e-06
2773 0.0200656
2777 0.190469
2780 0.000190538
2781 0.00510984
2787 0.000416144
2788 0.134071
2789 6.667569999999999e-06
2790 2.6162799999999997e-06
2792 8.11992e-06
2793 1.3014000000000001e-05
2797 5.16194e-06
2799 0.0931733
2802 3.3581300000000005e-06
2805 1.69847e-05
2806 3.65205e-10
2808 8.94708e-09
2809 0.00717692
2811 2.22541e-06
2813 0.000528897
2814 1.21709e-07
2818 4.46412e-05
2819 0.000220017
2821 0.0014689
2822 2.51222e-06
2823 4.35488e-07
2824 0.00051706
2825 2.2264e-15
2828 0.000302261
2829 1.2946199999999998e-05
2830 1.63428e-12
2831 6.0409000000000005e-09
2832 5.49562e-06
2837 0.000995108
2839 4.53606e-12
2840 1.12259e-07
2843 4.64761e-07
2846 0.000156288
2849 0.00213227
2850 0.00206975
2851 7.10853e-05
2852 0.00018067700000000002
2853 0.00022947900000000002
2856 0.202044
2857 3.15083e-05
2860 4.21566e-06
2861 1.10802e-08
2862 0.212191
2863 0.000967738
2865 5.12783e-06
2871 1.03934e-06
2872 0.0117509
2874 5.735169999999999e-06
2876 2.2411e-05
2877 0.00035829599999999997
2878 0.00152873
2882 2.3031700000000002e-05
2883 0.104978
2885 0.00017294
2887 0.19104100000000002
2888 0.00101278
2890 2.1878599999999996e-06
2892 3.29951e-11
2894 0.000533567
2895 0.000242865
2897 2.7132600000000002e-05
2898 4.42609e-06
2900 2.96925e-06
2902 0.00349465
2903 0.000270691
2904 0.137201
2905 0.016357399999999998
2907 0.0072941
2908 1.4938800000000002e-09
2909 1.0986800000000001e-05
2911 0.0150513
2918 6.52348e-05
2920 4.3625e-05
2921 6.262909999999999e-05
2922 6.45112e-07
2923 3.4918599999999997e-06
2925 0.00219613
2926 0.0171125
2927 1.11182e-08
2928 0.00784774
2929 1.49457e-05
2930 0.5100439999999999
2936 8.358870000000001e-07
2945 0.0728381
2948 5.41328e-05
2949 8.106689999999999e-08
2950 0.038878699999999995
2951 0.028729200000000003
2955 1.1486900000000001e-07
2959 3.5837800000000004e-05
2961 6.72973e-09
2964 0.00017359099999999999
2968 1.5419299999999999e-10
2970 3.4686300000000005e-06
2971 0.00115893
2972 0.00554916
2973 5.38323e-07
2974 0.0280524
2979 0.00263043
2980 9.915069999999999e-05
2981 0.000210709
2982 0.00250116
2983 2.88327e-06
2985 7.56889e-05
2991 2.04331e-07
2993 5.3369700000000005e-05
2996 8.15068e-06
2997 0.000171371
2998 1.62943e-11
2999 7.48933e-14
3001 9.78529e-06
3006 3.90971e-10
3010 0.00375672
3012 0.00408312
3014 7.25609e-05
3016 8.92184e-07
3018 0.000225
3019 0.00052495
3020 0.00678589
3022 6.88106e-05
3025 8.035180000000001e-06
3026 0.0353704
3029 0.00021053
3030 0.00020133599999999998
3033 6.7982200000000005e-09
3035 0.0029523
3036 0.00276012
3037 0.0085703
3040 7.37319e-05
3041 0.00155426
3043 2.30431e-05
3046 3.23037e-11
3048 0.000399265
3049 0.0156083
3050 6.39955e-08
3052 1.94117e-05
3055 3.38541e-05
3059 6.35236e-07
3060 1.99458e-06
3062 0.000268145
3067 3.09526e-06
3068 6.70397e-09
3069 1.86776e-07
3070 0.0007913730000000001
3071 0.00316123
3073 1.63527e-08
3075 0.000162758
3076 3.53277e-05
3079 0.00300654
3080 4.55327e-06
3081 2.8863600000000003e-05
3084 9.11941e-05
3087 6.504550000000001e-07
3091 0.0164604
3095 0.0130201
3096 0.00503019
3097 1.29235e-05
3099 8.23895e-06
3101 1.1842499999999999e-07
3104 0.000142192
3109 1.58881e-07
3111 5.735439999999999e-09
3113 2.66147e-06
3114 0.00264861
3115 0.0006885330000000001
3119 3.52021e-08
3123 0.078273
3125 4.62385e-08
3128 0.016948500000000002
3130 8.74455e-14
3131 0.0098562
3132 0.00380194
3136 1.0846300000000002e-05
3139 0.00566938
3141 0.0953356
3143 1.28923e-07
3144 0.000304531
3148 0.000305308
3151 7.20415e-08
3152 9.917819999999999e-05
3153 0.0883697
3156 7.79131e-08
3158 0.00886618
3160 4.49341e-06
3166 0.00020882
3167 0.00143914
3168 5.536749999999999e-06
3171 2.8048400000000005e-06
3172 0.00210784
3173 0.00325855
3174 1.88192e-05
3179 0.000234445
3180 4.29013e-06
3182 0.00185499
3187 0.00170718
3190 5.2729e-07
3191 4.29247e-06
3192 0.00020500099999999998
3193 3.2162099999999997e-06
3196 0.000281726
3197 0.00014115200000000002
3198 0.000285567
3201 0.00014782399999999999
3203 3.15976e-08
3206 0.0464668
3208 6.733839999999999e-06
3209 5.77629e-06
3212 0.0375315
3215 0.000320783
3217 1.8982900000000003e-08
3220 1.66787e-09
3221 0.0602889
3222 1.14975e-05
3224 0.000721015
3225 0.00158874
3226 0.0054268
3227 1.97078e-06
3230 6.2184699999999994e-06
3232 0.0010974000000000001
3234 0.00341603
3235 0.000302158
3237 0.000667497
3238 3.3418800000000004e-06
3241 0.013306899999999998
3245 0.10331400000000002
3246 2.59685e-06
3248 1.16523e-05
3249 3.76155e-11
3251 0.534829
3252 0.00990911
3257 5.4782e-08
3263 0.000746805
3264 0.00025927599999999996
3265 6.54364e-08
3266 4.35781e-06
3267 1.75268e-12
3268 6.88976e-09
3275 0.000174721
3276 1.2239800000000001e-05
3277 1.1285299999999998e-06
3278 0.00040763199999999995
3281 0.000105341
3283 4.95597e-07
3286 1.51988e-07
3287 4.2295900000000005e-07
3288 0.00293423
3289 8.933549999999999e-05
3291 1.4871899999999999e-06
3295 3.00769e-06
3297 0.113799
3298 5.77241e-05
3302 1.72655e-08
3304 1.2182000000000001e-05
3305 3.17498e-08
3306 1.5926800000000002e-10
3309 1.73407e-06
3310 4.335569999999999e-09
3312 4.3578900000000006e-09
3314 0.000127582
3315 3.95175e-08
3317 0.000485443
3318 6.0796e-06
3319 0.00109275
3321 5.86715e-08
3322 0.00887916
3323 0.008680799999999999
3324 0.000288935
3326 6.93465e-09
3328 2.0699699999999998e-05
3329 0.000182095
3332 8.21538e-08
3333 2.7426799999999995e-09
3334 8.94824e-06
3340 0.000125241
3341 0.000164419
3342 5.77277e-06
3345 0.5636220000000001
3346 2.4865599999999997e-08
3347 0.000138868
3348 3.26308e-07
3352 7.46488e-05
3353 6.38383e-11
3357 5.1722e-12
3358 1.77886e-06
3361 3.98541e-05
3364 7.176839999999999e-08
3366 3.11761e-06
3368 0.00143137
3371 3.0025700000000003e-05
3372 4.83819e-08
3375 6.85292e-07
3378 0.00189535
3381 2.00662e-09
3383 0.00813581
3384 0.00100785
3385 0.00035829199999999996
3387 2.64264e-11
3388 1.09268e-07
3389 0.00011431299999999999
3393 2.09388e-07
3394 8.61608e-09
3399 5.482819999999999e-08
3400 1.04539e-08
3402 1.07625e-05
3405 1.17349e-10
3409 1.70989e-08
3411 2.1084299999999997e-05
3414 1.5188499999999999e-06
3418 0.00211231
3423 0.030013799999999997
3426 0.00456662
3427 1.32305e-05
3428 8.77048e-06
3431 0.00405991
3432 0.00099133
3434 0.00020829
3437 0.00554952
3438 0.0353971
3440 1.0397799999999999e-06
3442 0.000115192
3445 7.27827e-08
3446 0.0203851
3447 5.77825e-06
3448 0.00108432
3454 0.000533034
3456 5.8763300000000004e-08
3457 2.3446799999999997e-05
3459 0.162447
3460 1.237e-06
3463 0.00101066
3467 2.2059900000000002e-14
3471 3.44337e-05
3472 0.029100099999999997
3473 0.00387162
3474 4.6328e-09
3475 3.57675e-05
3476 0.0889557
3478 0.000581383
3479 0.000298685
3480 3.7123000000000004e-05
3481 0.00016933400000000002
3482 0.00023615099999999998
3483 0.00674225
3485 0.00810475
3486 8.219629999999999e-05
3488 0.00223975
3490 0.00370894
3494 6.040770000000001e-09
3495 0.000461576
3498 7.9494e-05
3501 3.02607e-06
3502 0.518748
3503 1.26385e-09
3504 0.000117281
3505 8.0764e-12
3507 0.00138206
3512 3.57282e-08
3513 3.4513300000000003e-06
3514 2.26329e-08
3515 4.74499e-05
3517 1.3423699999999998e-05
3520 0.0071481999999999995
3523 5.39055e-08
3526 0.0278226
3527 4.80711e-06
3531 1.71278e-05
3532 0.0271328
3533 0.000230862
3534 8.355690000000001e-13
3535 8.04396e-07
3538 4.52644e-07
3540 0.013930000000000001
3541 0.00124651
3542 1.8699400000000003e-08
3543 5.438869999999999e-06
3544 0.0149106
3545 1.08463e-08
3547 1.3563999999999998e-06
3552 2.7401999999999996e-07
3553 2.4192099999999998e-08
3557 0.00110402
3558 0.000908618
3559 0.000308035
3560 1.03825e-06
3561 0.126386
3562 0.00406868
3563 0.00557155
3568 7.22097e-07
3569 3.65355e-05
3570 3.8175400000000004e-07
3571 6.5123e-05
3572 2.0466199999999997e-09
3573 0.0110659
3574 3.85173e-13
3578 4.3764999999999995e-09
3579 0.0008524060000000001
3581 0.000905188
3582 0.030601999999999997
3583 0.00123923
3584 2.53153e-05
3590 0.00145878
3591 0.0936986
3592 0.000234309
3595 0.000568315
3598 0.000867174
3600 5.2408400000000005e-05
3601 1.72488e-08
3602 0.00185814
3607 2.2008799999999998e-08
3610 8.44258e-05
3612 0.010834700000000001
3613 0.01253
3615 6.781e-06
3616 0.355363
3617 0.00172389
3619 0.000878297
3624 0.0800368
3626 4.24211e-05
3630 9.57241e-09
3631 0.0015802
3633 0.00011130299999999999
3637 6.25231e-06
3641 0.00125336
3643 0.00575434
3647 1.84723e-07
3649 0.006945499999999999
3650 0.000199355
3652 0.000825882
3653 5.76238e-06
3659 0.000304914
3661 4.05712e-05
3665 0.00292514
3666 2.5663e-09
3668 0.457196
3670 4.35575e-13
3672 0.00294309
3676 0.0272937
3677 7.812889999999999e-08
3680 0.000223734
3682 2.3065900000000002e-05
3683 2.6914599999999996e-10
3686 3.13643e-08
3687 1.15543e-05
3689 9.37482e-08
3692 0.00091686
3693 1.37828e-05
3697 0.000184518
3701 1.88096e-05
3702 4.3168100000000004e-05
3707 0.027478500000000003
3710 2.8421300000000002e-05
3712 0.0032286000000000003
3715 5.88662e-07
3716 0.252128
3718 2.97922e-07
3719 8.33338e-06
3720 0.00246683
3723 0.000292838
3724 0.000275016
3725 0.00346619
3726 5.29095e-07
3728 1.18353e-05
3730 4.71756e-13
3731 0.000465595
3733 1.4721399999999998e-07
3734 0.000847813
3736 0.000923709
3737 3.85124e-05
3738 0.05777809999999999
3739 1.10372e-06
3741 0.000150872
3742 0.00228899
3744 1.76809e-05
3745 0.0150031
3746 2.2687700000000002e-12
3747 0.00088214
3755 0.0195918
3756 0.00456533
3757 4.728030000000001e-06
3761 0.400889
3762 0.000413281
3764 4.5874499999999996e-05
3765 6.49752e-06
3766 2.8017800000000002e-09
3768 8.59378e-08
3769 1.29023e-09
3770 0.0986046
3771 0.0128607
3775 0.00324672
3776 2.26487e-07
3777 3.59281e-07
3778 0.000120555
3782 0.00016319200000000002
3785 1.2747e-07
3787 2.7520299999999996e-06
3789 0.000241205
3794 0.00266947
3795 1.0856e-08
3799 0.0374414
3800 0.0780018
3801 4.17005e-10
3802 1.10761e-06
3804 8.11768e-07
3805 1.3304399999999998e-06
3810 4.84347e-08
3812 0.000126281
3813 4.85408e-07
3815 6.622539999999999e-07
3816 4.1687e-07
3819 2.4994299999999997e-06
3822 3.2277799999999998e-15
3823 5.08705e-07
3825 1.61269e-05
3829 8.162100000000001e-07
3831 0.000522631
3832 0.000174935
3833 1.0998100000000001e-12
3836 0.000121351
3839 0.00019946599999999998
3840 1.31165e-08
3841 5.0553e-05
3842 1.5424e-08
3843 1.27625e-06
3850 0.000286763
3851 4.44354e-06
3852 0.0006096680000000001
3853 0.00110924
3854 2.36136e-05
3858 0.00500839
3862 0.017649400000000003
3864 5.71092e-10
3867 0.00125458
3870 0.000253747
3873 1.00609e-07
3875 0.0019319000000000003
3878 3.66352e-06
3880 3.82498e-05
3881 0.166431
3882 0.00576968
3883 1.07075e-07
3884 8.153529999999999e-05
3888 7.017460000000001e-06
3892 4.9294e-10
3893 1.35433e-09
3894 0.0839955
3896 0.00118666
3897 0.006800399999999999
3900 1.67689e-05
3901 2.41138e-05
3902 0.0705413
3903 0.029409699999999997
3904 0.00150463
3906 5.49734e-06
3908 1.20369e-06
3909 9.72684e-05
3910 1.1205e-07
3914 6.958350000000001e-08
3916 5.159060000000001e-07
3917 2.44133e-09
3920 0.00195876
3922 0.00022680900000000002
3925 2.3429499999999996e-05
3927 0.0006032640000000001
3928 1.25021e-05
3929 0.000155335
3930 0.000149276
3931 0.0111705
3933 2.0197e-06
3934 0.000305613
3938 1.37293e-05
3940 2.5091500000000002e-05
3942 0.0273851
3943 0.011077799999999999
3944 0.00170024
3950 0.045969499999999996
3951 0.00160857
3952 1.05559e-11
3955 0.00484538
3958 0.00259175
3959 0.029675
3962 7.08836e-06
3964 2.04574e-06
3967 0.00023239700000000002
3968 0.00039856300000000005
3972 0.00122931
3975 0.000826818
3976 3.14119e-13
3977 1.28328e-07
3978 0.000388328
3980 2.4278e-05
3981 4.54947e-05
3982 0.000469797
3985 6.892889999999999e-12
3989 2.0894099999999999e-10
3995 0.00407277
3999 1.1103799999999999e-06
4000 1.53358e-05
4001 0.0105252
4002 4.39985e-05
4004 0.0214803
4006 0.00010575
4007 9.70977e-05
4018 1.65707e-09
4021 6.161919999999999e-08
4022 3.6952899999999996e-05
4024 4.2876800000000004e-07
4026 6.02472e-07
4027 9.33304e-05
4029 0.00116105
4030 1.1867700000000001e-08
4032 0.03438959999999999
4036 2.82911e-13
4038 0.00749637
4040 0.37399299999999996
4041 0.0162132
4042 0.0116274
4043 3.4239e-05
4044 0.00464368
4045 1.19683e-06
4048 6.626889999999999e-06
4049 0.0008795760000000001
4050 6.93828e-11
4053 0.0439499
4054 0.00599017
4055 0.00327625
4056 1.35153e-05
4059 1.59564e-08
4061 0.0391875
4062 9.63044e-05
4063 0.000141232
4064 3.06889e-05
4065 3.2446899999999998e-06
4068 0.000694475
4070 1.78453e-13
4071 6.27445e-07
4072 0.00193803
4074 0.00503997
4078 1.55805e-06
4079 0.000240849
4080 1.99224e-06
4081 0.000680253
4083 9.274700000000001e-17
4084 1.7561900000000002e-05
4086 0.00268254
4088 1.8954100000000002e-07
4090 0.00042306099999999997
4094 1.78397e-08
4096 0.000506536
4097 1.3119799999999998e-08
4098 0.22493400000000002
4099 1.30608e-06
4101 7.97162e-06
4103 1.62715e-06
4104 1.54366e-05
4107 0.00022264599999999998
4109 0.00564792
4112 2.26913e-07
4114 8.20821e-06
4115 2.22585e-06
4116 0.00177802
4118 0.000705565
4119 0.158023
4123 2.12586e-06
4124 3.37211e-07
4125 5.97711e-06
4126 6.52576e-05
4127 0.00326169
4128 0.0005305209999999999
4130 0.000216792
4132 0.000200035
4134 0.000611069
4139 8.3521e-05
4144 4.10288e-05
4147 4.98667e-06
4151 4.33221e-05
4153 1.22841e-07
4154 1.13387e-06
4155 0.00649901
4156 0.0008792610000000001
4157 1.19213e-05
4159 0.010804600000000001
4160 2.2135399999999998e-09
4161 1.45066e-07
4162 9.55362e-05
4165 0.000509749
4166 0.00043901
4167 3.07858e-07
4172 3.11673e-06
4173 0.058443600000000005
4175 0.00238977
4176 7.467460000000001e-16
4177 2.94669e-05
4179 0.000247303
4180 0.00414567
4181 2.50998e-10
4182 2.59516e-07
4183 9.24112e-07
4184 0.15949000000000002
4187 0.0007082989999999999
4188 1.71235e-05
4197 0.026513099999999998
4198 2.62938e-08
4199 1.7964599999999996e-10
4202 0.000270154
4206 2.35883e-10
4207 0.00285504
4208 6.62458e-07
4210 0.00211317
4211 0.00027105200000000003
4213 0.000465326
4214 1.1190700000000002e-10
4216 0.00022647599999999998
4217 2.80863e-11
4218 0.00304204
4219 0.040148
4222 0.0134578
4225 2.6257e-12
4226 0.000127529
4227 0.000208853
4233 4.3472800000000004e-08
4234 0.000563799
4235 5.26423e-06
4236 0.0023704999999999998
4238 0.000155205
4240 0.000303527
4243 1.42715e-07
4245 2.2076399999999998e-05
4248 0.00249735
4249 8.517440000000001e-07
4250 0.000175037
4251 1.05797e-18
4252 0.00370869
4254 6.1719e-12
4260 8.25435e-07
4261 6.51959e-06
4262 0.21295999999999998
4266 2.47186e-05
4267 6.307300000000001e-06
4268 0.000264115
4276 0.00341336
4277 0.00246057
4278 4.57808e-08
4282 0.00020874200000000001
4285 0.0324138
4288 6.75193e-07
4289 0.00275494
4290 8.078619999999999e-08
4294 4.1365699999999996e-05
4297 0.000186915
4299 8.83124e-11
4301 1.0488500000000001e-06
4302 8.848410000000002e-08
4305 9.85603e-06
4306 0.00123902
4308 0.000265581
4309 0.00563384
4311 0.0167655
4313 6.41809e-07
4314 1.0020100000000001e-10
4316 0.0489713
4317 0.000100146
4319 0.0479583
4320 1.8548e-07
4324 2.6756199999999995e-09
4328 3.28724e-05
4330 8.71865e-08
4332 0.00100697
4334 0.000952837
4335 1.4960199999999998e-09
4336 0.000562612
4337 5.32978e-09
4340 5.58269e-10
4342 1.25343e-06
4343 7.45983e-05
4344 2.2769099999999997e-09
4348 0.00369373
4350 7.78794e-11
4353 5.1380999999999995e-08
4355 0.00738766
4357 0.0004986109999999999
4358 9.03641e-07
4362 2.53505e-15
4363 0.00314737
4366 0.000347307
4373 4.56021e-05
4374 8.66763e-12
4375 7.02949e-07
4377 0.000665267
4378 0.00019533299999999998
4381 0.000155083
4382 8.9503e-10
4383 1.6594600000000002e-05
4385 0.0782786
4388 1.58072e-07
4393 0.00010565100000000001
4394 2.46007e-13
4395 1.2656e-12
4398 7.13925e-08
4399 0.00032937300000000005
4400 8.486889999999999e-13
4401 3.14323e-05
4402 5.63491e-11
4403 4.0001300000000005e-22
4406 2.1516e-14
4407 5.18994e-06
4408 0.00374731
4410 0.000273691
4412 0.000192844
4413 9.50125e-11
4414 1.29661e-07
4415 1.1779899999999998e-08
4416 1.4497799999999997e-06
4417 3.36894e-11
4418 1.79207e-06
4419 0.000379355
4420 0.0006880810000000001
4422 0.00190403
4425 3.48246e-18
4426 2.8690599999999997e-08
4427 7.35202e-05
4428 0.0124211
4431 0.161918
4435 0.00857323
4440 0.00145276
4442 1.96851e-05
4443 0.26089
4444 6.1434e-06
4445 1.26102e-06
4447 5.11071e-06
4448 6.618860000000001e-12
4449 0.000208823
4451 0.00114578
4453 1.39036e-06
4454 0.000157739
4456 3.4493699999999996e-06
4458 2.40752e-07
4460 3.40689e-06
4461 2.0778700000000001e-10
4462 9.99343e-07
4465 0.000147527
4467 4.1605400000000003e-07
4469 0.00368675
4472 2.8839200000000002e-08
4473 4.09072e-10
4475 7.11952e-06
4476 0.00366683
4477 9.83709e-05
4478 4.36191e-09
4480 0.00234723
4482 0.00355553
4483 3.86215e-06
4485 0.0212173
4486 0.028107099999999996
4489 0.00408634
4491 0.00284073
4492 5.85145e-05
4497 0.027442
4501 0.000592777
4503 3.74801e-09
4504 2.77771e-05
4505 4.53785e-07
4506 0.466437
4511 0.000405205
4513 0.000301073
4515 1.1826199999999999e-05
4516 4.97746e-05
4521 2.6145599999999997e-06
4522 3.13208e-05
4523 3.2413e-05
4525 0.29531
4529 1.20709e-09
4531 8.07763e-06
4533 1.09803e-07
4534 2.26586e-05
4536 0.00027577200000000003
4538 7.58464e-05
4541 1.02471e-06
4543 1.52258e-06
4545 4.06232e-06
4546 0.000142376
4547 1.5656099999999997e-09
4550 0.0007034439999999999
4554 1.04977e-05
4556 1.5564700000000001e-09
4557 0.000163435
4559 0.000236753
4560 4.2714599999999995e-07
4561 0.0003082
4564 1.79378e-05
4567 0.00102565
4568 1.2258899999999999e-08
4569 0.00023695200000000002
4572 8.659919999999999e-07
4573 8.767130000000002e-06
4575 0.00630108
4577 3.6571e-05
4578 2.5765099999999998e-08
4580 1.31608e-05
4582 1.18926e-05
4583 0.000175832
4586 1.58452e-05
4589 0.000255919
4590 0.0212268
4593 0.000943591
4594 0.014127100000000002
4596 5.27997e-05
4598 0.00223324
4599 4.4900100000000004e-07
4602 6.80421e-07
4603 0.000126516
4608 3.28729e-05
4610 6.18501e-05
4613 0.00015839899999999999
4614 2.7296500000000002e-05
4615 8.78641e-05
4616 0.000114756
4617 3.6601100000000004e-05
4619 0.000326781
4620 0.0316313
4621 0.00564894
4624 6.115509999999999e-06
4629 0.018524799999999998
4633 0.00223892
4635 0.00120513
4637 1.0838e-20
4638 1.04603e-07
4639 0.00737186
4640 0.00807999
4641 3.3395900000000005e-08
4642 0.00473378
4645 1.9514e-14
4646 0.018192700000000003
4650 1.26926e-08
4657 0.00041031199999999997
4658 0.357204
4659 0.00151513
4661 2.11476e-06
4663 8.220470000000001e-07
4664 0.0194828
4665 9.66202e-09
4666 2.1966599999999997e-09
4667 1.41217e-06
4668 0.000845878
4669 0.00033067599999999996
4670 6.03663e-05
4677 0.0192723
4678 1.46884e-05
4680 1.1846399999999999e-15
4681 8.66898e-06
4684 1.4879200000000001e-05
4688 4.07634e-11
4690 3.68782e-05
4695 0.0331663
4696 0.000162466
4697 1.5415700000000001e-10
4698 0.00043263599999999997
4700 0.00045353900000000004
4703 5.07021e-10
4704 0.00252448
4709 0.0104573
4711 2.16926e-08
4712 0.198173
4713 0.0013594000000000002
4716 0.000176882
4717 3.91012e-05
4720 0.012890200000000001
4721 0.00203554
4724 5.11134e-10
4725 5.03132e-08
4726 0.00290955
4728 0.00178525
4729 8.118489999999999e-08
4730 1.13029e-07
4731 0.00550379
4733 0.00178276
4734 2.0006400000000002e-05
4736 8.37305e-05
4738 0.00017888
4739 0.0333805
4740 0.013176499999999999
4741 0.000160265
4744 0.00622934
4745 8.100089999999999e-10
4749 0.000176465
4751 1.6758000000000001e-06
4752 3.7068099999999997e-06
4755 2.94515e-05
4756 4.4852199999999996e-06
4757 6.70629e-11
4758 3.49802e-07
4759 1.31294e-05
4762 1.5967e-09
4763 9.812e-07
4764 0.000482931
4765 1.0364599999999999e-07
4766 0.000807298
4767 1.3135699999999999e-05
4769 5.3508900000000005e-05
4771 0.00189587
4772 8.66552e-09
4774 8.331469999999999e-05
4775 0.000461575
4778 0.00476756
4780 1.39428e-07
4781 0.00358665
4784 1.8698599999999998e-07
4787 6.9190399999999996e-06
4791 0.0011868
4795 1.61686e-05
4798 8.71432e-05
4800 9.79679e-11
4802 1.1305300000000001e-07
4803 1.3760699999999999e-05
4804 0.000486854
4806 7.40934e-06
4807 0.000790108
4809 2.24407e-07
4810 2.5258500000000003e-07
4811 5.77577e-06
4813 0.00358367
4817 0.00026624200000000003
4819 0.0568812
4820 0.00940329
4821 0.00016947200000000002
4822 6.415409999999999e-10
4824 3.13056e-16
4827 1.07249e-05
4829 7.845919999999999e-09
4833 6.017680000000001e-09
4835 5.11351e-07
4838 0.0005401669999999999
4843 3.68954e-08
4844 0.000518135
4845 5.77998e-07
4847 6.685269999999999e-06
4851 0.000309761
4853 0.000646501
4854 3.10166e-07
4855 0.0016155000000000002
4858 0.00024688900000000003
4860 3.53623e-08
4861 1.37422e-13
4862 0.00467856
4864 0.00263162
4865 5.5291800000000005e-05
4870 5.1044400000000005e-08
4871 1.93471e-05
4874 4.00765e-05
4875 2.00252e-05
4877 8.423850000000001e-05
4880 0.00890205
4881 0.184066
4883 9.81936e-07
4884 2.32427e-05
4887 8.20194e-05
4888 0.0005078130000000001
4889 6.52735e-05
4891 7.28694e-08
4892 0.00202212
4893 0.03935809999999999
4894 0.00973433
4899 0.000644202
4900 0.0006159669999999999
4901 7.15369e-05
4904 9.067799999999999e-14
4906 1.68951e-07
4908 0.00228628
4909 1.56023e-11
4914 3.85774e-05
4915 1.21283e-11
4917 3.3049199999999996e-12
4918 3.73027e-07
4919 0.000242352
4920 0.00591451
4921 2.5456600000000003e-07
4922 0.000251186
4923 0.000140645
4924 6.483480000000001e-10
4925 0.000856322
4927 5.60045e-07
4930 0.00046503699999999996
4932 8.425790000000001e-05
4933 2.82095e-08
4934 3.79099e-05
4937 5.68461e-05
4940 5.49143e-08
4941 0.00369491
4942 3.5303599999999997e-10
4944 0.0022178000000000002
4945 0.000525857
4947 0.023964700000000002
4949 4.25699e-05
4952 8.7616e-06
4957 0.000806928
4959 3.10018e-06
4964 0.00304629
4965 0.000134585
4969 4.43621e-06
4970 1.20093e-06
4971 7.53233e-05
4975 1.25058e-05
4978 0.00200137
4979 2.79799e-08
4980 0.00028157599999999996
4981 1.86029e-11
4988 0.00011996399999999999
4989 1.56316e-06
4993 9.636209999999999e-05
4996 3.00644e-10
5000 6.882039999999999e-10
5002 3.62909e-05
5005 1.28207e-06
5008 2.2347999999999998e-14
5009 1.2997999999999998e-06
5010 0.000281799
5011 7.342100000000001e-07
5012 0.042194
5013 3.5638300000000005e-06
5015 1.89345e-08
5017 0.000301877
5019 0.00111309
5021 1.22557e-11
5022 1.17685e-07
5025 5.14533e-05
5030 1.51611e-12
5031 5.35009e-05
5034 0.00228562
5035 4.54894e-12
5038 0.00143387
5040 0.00826231
5041 1.6049200000000002e-05
5043 0.000915801
5044 0.0468967
5046 1.5786700000000002e-10
5048 7.23438e-09
5049 0.05545409999999999
5050 1.1128499999999999e-05
5051 1.0338e-05
5053 0.000474105
5059 5.31721e-06
5060 0.00118655
5066 1.5702600000000002e-06
5069 3.55089e-06
5070 1.20701e-05
5074 0.00581675
5075 3.5584000000000003e-11
5076 0.000257198
5080 1.57689e-07
5082 0.0250404
5083 2.95929e-09
5087 3.13613e-14
5088 0.00674002
5089 9.498209999999999e-05
5091 2.3438400000000003e-08
5092 0.000426231
5095 0.00213107
5096 3.6679800000000004e-08
5098 1.0912000000000001e-07
5099 5.96837e-07
5100 0.00280704
5103 0.0017062999999999998
5105 6.04955e-07
5106 0.000366357
5109 4.87889e-06
5112 1.4016299999999998e-06
5113 0.000920838
5115 1.50873e-11
5117 0.000134436
5118 1.58496e-06
5119 7.917710000000001e-06
5120 1.46243e-07
5123 1.4184999999999998e-06
5125 5.78406e-07
5126 7.62017e-05
5127 0.0026669000000000003
5132 0.000801627
5133 6.07069e-11
5137 6.560980000000001e-07
5139 3.58098e-05
5140 0.03665530000000001
5141 0.007778
5142 1.8030900000000003e-06
5147 3.1818400000000004e-06
5148 0.0248653
5149 0.00035359300000000003
5151 0.05701619999999999
5152 0.00019915099999999998
5154 5.312619999999999e-10
5155 4.03077e-06
5157 1.3940200000000002e-10
5158 1.30406e-05
5162 2.362e-07
5163 9.6335e-06
5164 1.57724e-08
5165 0.0008302569999999999
5166 5.97167e-08
5167 0.00210071
5170 4.90278e-05
5172 0.000495247
5174 0.177306
5178 3.0730999999999997e-09
5180 0.00995072
5182 3.2308200000000003e-05
5184 0.0122028
5187 2.3893000000000003e-05
5188 1.27589e-09
5192 1.70218e-08
5193 0.012226
5194 6.99716e-08
5196 7.42554e-06
5197 4.14507e-12
5198 0.000773805
5200 0.000871606
5201 0.00145575
5204 1.7201e-11
5205 0.00050338
5206 0.00419473
5207 8.703390000000001e-07
5211 5.22587e-09
5213 6.5497e-06
5216 0.00078079
5218 0.000398751
5221 0.00127898
5225 9.26145e-06
5226 0.00173846
5227 6.37842e-05
5228 6.62993e-05
5232 1.07368e-09
5233 0.141305
5234 8.02218e-05
5235 0.00040557099999999997
5237 6.68284e-06
5238 3.08606e-12
5240 2.1195500000000003e-06
5241 0.000474262
5243 0.0001908
5247 1.3519e-09
5249 5.73313e-06
5250 5.8442e-05
5251 0.0114475
5252 0.0032960999999999997
5255 0.0257553
5256 1.0413099999999999e-05
5261 0.00225048
5265 1.4187799999999999e-08
5266 0.00352156
5271 1.86445e-07
5272 2.0197500000000003e-08
5275 3.18303e-07
5276 6.98928e-05
5277 1.57102e-05
5279 0.010760200000000001
5280 6.51973e-05
5282 4.8266e-16
5284 1.29232e-06
5286 5.8560299999999996e-05
5287 1.8949400000000002e-05
5289 3.13363e-05
5291 0.0031581
5294 3.70437e-07
5295 0.00518714
5296 8.525870000000001e-07
5299 1.7038e-05
5300 0.00139635
5301 1.1635100000000001e-10
5302 0.00179122
5308 0.000766715
5309 8.5085e-08
5313 0.00306286
5316 9.4863e-06
5317 1.97384e-05
5321 1.46976e-06
5322 0.0008306489999999999
5323 3.09786e-06
5324 5.05292e-06
5329 0.027468400000000004
5330 2.0979e-07
5332 7.953390000000001e-05
5333 1.03935e-05
5334 1.3240199999999999e-05
5335 4.4405e-05
5339 5.79105e-07
5341 0.00210512
5342 0.000140376
5347 7.11273e-06
5353 8.08821e-05
5354 7.20198e-11
5356 7.087760000000001e-06
5357 0.000633546
5359 0.0009845119999999999
5361 2.67875e-06
5362 0.0138364
5364 9.77855e-19
5366 1.86681e-05
5372 0.00017411599999999998
5375 0.011294499999999999
5376 0.000288245
5377 0.0105526
5381 0.000284024
5382 9.90475e-05
5386 0.00761564
5390 3.99367e-06
5392 1.87903e-05
5394 0.00136483
5399 0.00201024
5400 3.85329e-07
5401 1.0269699999999999e-10
5402 0.0007328360000000001
5403 1.7500800000000003e-07
5409 0.000122853
5411 1.4962e-05
5412 9.48793e-09
5415 0.000310279
5422 2.16872e-08
5425 0.000264773
5426 0.026743799999999998
5427 0.000474594
5428 8.75329e-08
5432 4.5074e-08
5435 4.9678e-06
5437 2.6855e-08
5442 0.00046241800000000003
5443 0.010924
5444 0.000131974
5446 0.0008358889999999999
5447 1.4777100000000001e-06
5449 0.00315038
5452 3.01266e-08
5456 0.000234939
5458 8.05272e-06
5459 0.018649799999999998
5460 0.00950065
5462 0.000471968
5463 7.508350000000001e-09
5464 0.0646029
5466 7.41228e-05
5468 1.04037e-10
5472 0.00023637599999999997
5473 0.05543340000000001
5474 0.000397559
5476 5.94395e-06
5477 5.3449300000000003e-05
5479 3.36076e-11
5480 5.01628e-09
5482 0.000365745
5484 3.08205e-08
5488 1.81163e-05
5490 0.030552999999999997
5491 0.000392791
5492 2.3344400000000003e-06
5493 3.99075e-11
5494 0.00342819
5495 1.18836e-16
5498 0.00423353
5500 0.014971
5501 4.02845e-09
5502 2.5459e-05
5503 8.17882e-11
5504 2.05287e-06
5505 0.00262991
5506 2.2433899999999996e-09
5512 9.80071e-06
5513 9.88261e-07
5516 4.080830000000001e-10
5520 4.9286400000000004e-08
5523 1.8546300000000002e-09
5525 7.73204e-05
5528 0.00012758799999999999
5529 0.000207085
5532 5.659239999999999e-06
5533 0.00030445
5534 6.26916e-14
5537 0.000293429
5538 0.046359199999999996
5540 1.31311e-12
5543 6.1241e-05
5545 0.293082
5546 0.00329852
5548 0.00340774
5551 0.000634481
5553 6.71006e-09
5555 0.00522664
5556 0.00265865
5557 3.08351e-07
5558 4.9592e-07
5560 6.82563e-07
5561 2.2711e-06
5562 8.7309e-05
5564 0.0008278830000000001
5565 0.00320968
5567 6.57427e-06
5569 8.83938e-05
5570 0.000761194
5571 8.57097e-10
5572 0.00364539
5575 3.05181e-14
5578 0.00207728
5580 0.00010981600000000001
5581 0.0023616
5587 0.00145469
5589 0.0684125
5594 6.656569999999999e-05
5595 1.38427e-08
5596 3.07752e-05
5597 0.32248699999999997
5598 7.20534e-11
5602 0.000154632
5604 2.85804e-07
5607 0.000619137
5610 0.00031005
5612 0.000778843
5616 3.38668e-05
5617 1.3948800000000001e-05
5619 1.12266e-10
5621 4.2880500000000004e-05
5622 0.07633250000000001
5623 0.587881
5626 2.2745000000000002e-07
5627 1.89086e-06
5628 0.19278199999999998
5632 4.88146e-05
5633 3.44861e-05
5634 0.00847222
5635 4.7607800000000005e-06
5638 0.00150085
5642 0.0006419230000000001
5643 0.00019654
5646 0.0118309
5649 4.4104599999999995e-08
5650 0.0145059
5651 0.000818348
5656 0.00343106
5659 7.768309999999999e-07
5661 0.102853
5663 2.3911099999999997e-06
5665 0.6284350000000001
5666 0.00128694
5667 1.22285e-05
5670 3.2955e-07
5671 2.43458e-08
5673 0.000201798
5675 0.000537697
5677 0.00713334
5678 9.03938e-10
5681 0.00011689799999999999
5683 1.49185e-07
5684 0.00470191
5688 5.4838e-07
5689 6.6707e-07
5690 9.438010000000001e-08
5691 0.000648338
5692 7.0107600000000004e-06
5694 1.68483e-10
5698 1.11498e-06
5703 0.00117386
5706 4.89432e-07
5707 5.91732e-05
5708 3.23827e-05
5709 6.633989999999999e-08
5711 3.3699300000000005e-06
5712 1.2978099999999999e-05
5717 0.0045466000000000005
5720 7.22511e-07
5721 0.00163111
5722 0.0009224789999999999
5724 2.99082e-08
5725 0.012812299999999999
5726 0.102001
5727 0.0661128
5733 5.76552e-07
5734 0.239443
5737 5.636619999999999e-10
5739 5.29517e-09
5744 1.28442e-09
5745 0.00549707
5746 5.080109999999999e-08
5748 0.00333994
5750 4.38536e-09
5751 1.98572e-06
5753 0.00188181
5754 0.00930669
5758 0.0431029
5759 6.47832e-08
5763 6.829529999999999e-07
5766 0.000783258
5767 0.037691
5770 1.7388299999999999e-09
5771 0.000261924
5772 6.802139999999999e-06
5774 3.0584899999999997e-06
5775 7.11102e-09
5776 0.00018784900000000002
5777 2.16932e-07
5778 0.0225599
5785 4.0906100000000005e-05
5787 7.565930000000001e-06
5792 0.026698700000000002
5793 1.57695e-06
5795 6.630189999999999e-06
5797 2.65954e-05
5798 6.742439999999999e-08
5800 9.36765e-06
5801 3.33153e-05
5802 2.4013600000000003e-07
5804 0.00142283
5807 0.0545616
5808 0.00542133
5809 2.64957e-08
5810 3.5582599999999997e-07
5816 3.9927300000000005e-12
5820 1.70125e-05
5822 0.000722634
5823 0.00015481299999999998
5827 0.000666075
5832 0.000609546
5833 8.82431e-05
5834 4.80408e-08
5835 0.000273379
5837 1.29719e-07
5842 2.6550999999999997e-11
5844 0.326644
5846 0.013012799999999998
5847 3.41969e-07
5848 5.44378e-08
5849 0.00882533
5855 3.12488e-12
5857 0.00189722
5858 0.00045136
5862 3.63582e-08
5865 6.5376e-06
5866 2.75307e-05
5869 3.95679e-06
5870 2.3921400000000003e-12
5871 0.00512068
5872 2.89606e-06
5876 0.00096474
5880 2.08875e-07
5882 0.000103206
5883 0.00102422
5886 2.18967e-05
5887 0.0007214410000000001
5890 3.5327399999999997e-05
5891 1.05942e-06
5892 0.00668506
5896 0.0135921
5898 0.0049268
5900 6.6985e-06
5902 7.531839999999999e-07
5904 7.646200000000001e-07
5907 0.00016851099999999999
5913 9.03807e-05
5915 1.21806e-06
5916 0.00046177400000000003
5921 0.00766641
5922 0.00104785
5924 0.00011253700000000001
5925 4.44787e-07
5926 0.00710928
5927 8.22226e-08
5929 2.58766e-09
5931 6.94643e-05
5932 2.41064e-06
5933 2.25969e-05
5934 7.0543e-07
5935 0.0409067
5936 0.00485511
5937 2.32573e-07
5939 0.000219851
5941 0.475545
5942 0.00141741
5943 0.000139306
5944 0.000195307
5945 0.012657600000000001
5946 0.00146225
5949 6.69444e-05
5950 8.59635e-10
5953 0.00132817
5955 9.27345e-06
5957 0.00018966599999999998
5958 0.00250142
5959 4.07184e-09
5962 7.9538e-06
5965 1.22544e-06
5966 0.00882698
5967 0.0009201439999999999
5969 0.000618465
5972 0.00554458
5973 0.000217596
5974 1.01969e-09
5976 0.00532362
5977 7.0008e-07
5978 3.3315599999999997e-05
5982 0.00949306
5986 5.60549e-08
5987 3.79405e-05
5993 0.0406313
5994 0.0194715
5997 0.00483553
5999 9.666629999999999e-08
6002 0.00214812
6003 8.9348e-09
6006 1.7082699999999998e-05
6007 0.00024697200000000003
6008 0.000159155
6010 0.0663697
6013 0.00266962
6014 2.5816e-07
6015 4.476230000000001e-06
6016 4.1191300000000005e-06
6017 1.01106e-10
6019 2.28814e-07
6021 8.80596e-07
6022 7.88893e-05
6024 5.74688e-09
6031 0.00143305
6032 1.61381e-07
6034 1.3085799999999998e-08
6036 0.0123336
6037 0.000298353
6039 0.000687022
6040 0.00315381
6044 3.5405000000000002e-06
6047 0.00219777
6048 7.011969999999999e-08
6049 0.00667807
6050 0.00207394
6051 2.50287e-05
6052 0.000149202
6053 1.99441e-11
6054 9.37859e-07
6056 0.135283
6057 0.612171
6059 4.96282e-06
6060 0.022359099999999996
6063 4.34167e-06
6064 1.34275e-05
6068 0.0008048739999999999
6072 0.000126783
6075 0.017594
6076 0.00129609
6077 4.17785e-06
6080 1.20402e-07
6081 0.0211672
6082 1.78035e-09
6083 1.64217e-12
6085 0.000124264
6086 0.0408367
6087 0.00937134
6090 1.38024e-05
6092 0.0381286
6093 0.029504500000000003
6094 0.00011832
6099 3.6105800000000003e-07
6101 0.00295613
6102 0.00316366
6106 0.00476083
6109 1.48158e-05
6110 0.000602993
6112 7.19125e-07
6113 8.551280000000001e-06
6114 0.00571411
6115 0.00036534800000000004
6116 8.20515e-13
6118 9.342460000000001e-06
6119 1.54206e-11
6121 5.17825e-11
6122 6.24762e-06
6126 0.00263477
6127 1.61668e-05
6132 2.20476e-18
6137 2.7710300000000005e-09
6138 4.55672e-07
6142 0.027644
6143 0.000527427
6144 0.000314117
6145 1.47873e-06
6147 0.00693053
6149 0.0006774410000000001
6152 0.00894314
6154 9.46919e-06
6155 8.11005e-07
6157 0.00221967
6160 7.12849e-05
6164 1.21276e-05
6165 5.4641700000000006e-09
6167 0.00253176
6168 0.00746237
6169 0.00374271
6173 0.00300664
6178 0.000132324
6182 7.891199999999999e-07
6186 0.000123199
6191 6.4462e-08
6192 2.1619599999999996e-08
6193 2.99163e-09
6194 3.76069e-09
6195 0.0102594
6197 0.00018387400000000002
6199 1.06e-09
6200 0.000304884
6204 0.00430204
6205 2.0995500000000003e-05
6207 0.000146272
6211 0.0189904
6213 7.67479e-07
6217 0.0597265
6226 0.09208229999999999
6227 9.85682e-05
6228 1.5481200000000002e-06
6231 0.0008060739999999999
6232 2.6991799999999998e-05
6237 0.000564035
6239 0.000387709
6242 4.06477e-09
6244 1.1133399999999999e-05
6245 6.887789999999999e-07
6246 0.000421821
6248 0.00335946
6253 0.00011436700000000001
6255 0.000980446
6256 2.54714e-09
6257 2.14104e-05
6263 1.12188e-15
6265 0.00019004400000000003
6266 0.00856679
6268 3.20652e-18
6271 0.00208794
6273 0.000166038
6274 0.00397298
6278 5.59938e-07
6280 0.0107645
6283 2.76306e-08
6287 4.7795699999999994e-05
6288 0.027216399999999998
6292 2.37038e-11
6293 0.00122957
6294 2.61065e-06
6297 0.0106186
6298 9.86391e-08
6302 1.5644e-07
6303 0.000777667
6307 0.0103465
6308 1.86316e-08
6310 0.014349100000000002
6311 1.42786e-06
6312 1.17805e-07
6313 0.0008493060000000001
6315 1.7163499999999999e-06
6316 1.6753799999999998e-08
6317 1.97389e-08
6322 0.00381426
6324 8.34599e-09
6326 9.48561e-12
6327 1.0043e-06
6328 8.63732e-05
6331 2.40062e-07
6332 4.45991e-07
6333 4.93679e-13
6334 1.78828e-09
6336 2.93181e-05
6340 6.67466e-10
6342 2.53537e-06
6343 7.46353e-05
6345 3.87654e-05
6347 1.53155e-07
6354 2.84649e-05
6356 1.34795e-08
6358 8.482939999999999e-06
6359 0.00463911
6360 0.0376888
6361 5.1712699999999995e-06
6364 6.59217e-05
6365 0.00159616
6368 6.0911899999999995e-05
6370 0.00588078
6372 1.1621100000000001e-07
6373 0.0435865
6376 1.06298e-06
6378 1.0971399999999999e-06
6379 2.0934400000000002e-08
6380 0.06524590000000001
6383 1.86977e-05
6384 0.00116951
6386 7.266269999999999e-08
6388 7.03351e-08
6389 0.00182725
6390 0.00565511
6393 0.017803799999999998
6394 1.06924e-06
6397 8.049609999999999e-09
6399 8.08652e-06
6401 6.90733e-08
6402 0.00014832299999999998
6403 0.00010013200000000001
6405 3.71064e-05
6406 3.34872e-05
6407 9.00722e-07
6408 9.18627e-08
6410 0.00024075099999999999
6412 9.864029999999999e-08
6413 7.423430000000001e-07
6414 0.00324044
6415 3.7148200000000004e-07
6416 0.00023627700000000001
6420 0.0005382890000000001
6422 0.08043389999999999
6423 9.68004e-07
6426 0.00729847
6431 2.8479e-11
6432 0.00534627
6435 0.00892332
6439 6.4277499999999996e-06
6441 0.00237221
6446 0.00170794
6451 6.55918e-06
6452 0.00014511100000000001
6453 0.00306447
6454 7.25398e-07
6457 1.2979300000000001e-05
6460 0.00266476
6461 0.131267
6464 0.00128195
6467 4.92475e-09
6469 5.9031099999999995e-09
6471 0.0372367
6477 0.00353416
6478 3.01163e-05
6479 5.27946e-05
6481 2.17683e-07
6485 1.9681e-05
6487 7.60375e-06
6489 0.135496
6490 9.582520000000001e-08
6491 4.04458e-11
6493 7.353990000000001e-07
6494 4.51932e-06
6496 0.00476545
6498 3.42548e-06
6500 0.021742599999999997
6502 1.3427000000000002e-10
6504 9.656620000000001e-05
6505 0.000169717
6508 0.000317946
6510 3.37958e-08
6511 7.94786e-05
6513 6.81634e-07
6514 0.000600019
6516 0.024284599999999996
6517 0.00429568
6518 3.31065e-12
6521 2.1011099999999997e-08
6522 0.0135067
6525 0.00142716
6526 0.000296484
6527 0.000897047
6528 0.0060845
6531 1.40324e-05
6533 3.05593e-11
6535 6.712660000000001e-14
6537 1.09631e-05
6539 0.0128465
6540 3.86919e-06
6541 0.141003
6544 2.44034e-08
6545 2.16071e-06
6546 0.0265452
6552 0.00017445700000000001
6554 0.000481076
6555 0.00077753
6557 3.23325e-06
6558 0.000468996
6559 0.019036400000000002
6561 1.81186e-11
6563 0.00882442
6566 0.00172219
6567 1.3327999999999999e-15
6568 0.00025494
6571 0.000142083
6573 9.80502e-06
6574 0.000616324
6577 8.918229999999999e-06
6579 3.0774699999999995e-05
6580 3.7138e-05
6581 1.01594e-06
6582 1.35544e-08
6586 0.00767391
6589 0.00011926200000000001
6590 2.43718e-06
6591 0.00178752
6592 4.1607200000000004e-05
6594 7.47691e-08
6596 0.00102516
6598 0.00870053
6600 2.95767e-07
6601 6.330250000000001e-07
6604 7.33773e-09
6607 0.00111018
6608 8.158260000000001e-12
6613 1.0731300000000002e-05
6614 0.00119193
6615 0.0156854
6616 0.000270299
6620 7.95992e-06
6623 0.000188928
6624 0.00937905
6629 1.0942000000000001e-08
6630 0.066865
6633 0.000168712
6634 2.13992e-07
6639 4.1810500000000003e-10
6640 5.09401e-13
6641 1.2537000000000001e-09
6642 9.05742e-11
6644 0.000719755
6646 0.017553299999999997
6649 4.40472e-05
6650 1.56571e-10
6651 3.4355e-05
6653 1.0585799999999999e-09
6655 3.0189599999999996e-06
6656 0.000841087
6659 0.00193654
6662 0.00353456
6663 0.00217169
6665 4.6783e-05
6669 6.739910000000001e-06
6672 0.000203107
6675 0.011216
6676 0.00445825
6680 1.6061e-07
6683 4.91656e-11
6685 2.28379e-07
6686 0.00014775200000000002
6688 2.2311700000000004e-06
6691 1.8929e-06
6692 0.00042269800000000005
6693 3.03796e-08
6700 0.000136453
6701 4.12307e-09
6705 0.00522888
6710 0.00378325
6711 8.61993e-07
6712 7.38925e-08
6713 0.00144425
6715 2.67084e-05
6716 1.31918e-07
6717 6.22687e-06
6720 8.8312e-09
6721 0.254467
6723 2.66235e-10
6724 1.96034e-07
6728 0.00406764
6729 0.00268634
6732 0.00029456
6733 4.70917e-07
6737 4.41955e-12
6741 1.95544e-09
6742 0.00022298400000000002
6743 2.42794e-06
6744 0.00151716
6745 0.0487021
6746 0.0721717
6749 5.196900000000001e-10
6750 0.07041499999999999
6752 8.27931e-09
6754 2.9188e-11
6756 0.000119596
6757 1.7663900000000001e-09
6758 8.41033e-05
6763 3.2795699999999995e-07
6764 8.16348e-07
6767 3.87429e-05
6770 5.0057999999999996e-06
6771 0.00911051
6774 0.00016721900000000003
6775 2.3934e-07
6776 3.99854e-05
6778 0.00155683
6779 0.00018768599999999998
6780 1.13252e-05
6785 1.4816400000000001e-05
6787 0.00174937
6788 0.000486381
6790 2.0304499999999998e-06
6791 0.00039843400000000003
6792 0.00590317
6793 6.897520000000001e-05
6795 0.0464074
6796 1.31747e-10
6798 0.254244
6801 0.000752724
6804 8.220209999999999e-05
6807 0.000321306
6809 0.0389645
6811 1.22169e-06
6812 5.5935100000000005e-09
6815 1.46892e-06
6816 0.00117041
6817 0.000442406
6818 0.000735159
6820 0.000417544
6823 0.000574165
6826 0.316498
6830 0.057913900000000004
6831 1.98916e-09
6832 1.53349e-07
6834 6.30888e-10
6837 0.00241635
6843 0.0001544
6846 0.000142213
6851 0.000123372
6853 1.45598e-09
6854 2.91551e-07
6856 0.00853264
6857 2.15373e-06
6861 0.00118221
6863 0.000129376
6870 2.6116999999999997e-05
6871 1.04724e-06
6872 0.00261322
6873 0.00117903
6875 4.14783e-05
6877 1.1023399999999999e-06
6879 0.00474688
6881 0.000414115
6882 2.57461e-06
6885 5.012380000000001e-06
6888 1.3847400000000001e-09
6889 1.48965e-06
6890 6.13725e-08
6891 0.0174815
6894 0.0258752
6895 0.000112286
6897 2.2228600000000003e-05
6898 0.0019527999999999998
6901 1.48659e-05
6902 0.00205325
6904 0.126506
6905 0.00045777800000000005
6906 0.007895000000000001
6907 0.00066159
6913 4.85762e-11
6915 0.00430351
6920 6.278160000000001e-10
6921 4.9443e-12
6923 0.29333400000000004
6925 8.4427e-06
6926 0.00882762
6927 1.99479e-11
6928 1.5358e-05
6929 1.0735900000000002e-15
6936 7.982430000000001e-05
6937 0.00047629300000000003
6938 0.000432999
6941 0.182632
6942 1.85822e-07
6946 1.35139e-09
6951 6.42893e-11
6954 0.00454444
6955 1.06392e-06
6957 0.028727299999999997
6960 3.5360900000000003e-07
6961 2.19435e-07
6964 0.00690178
6967 1.96716e-05
6969 2.12076e-07
6970 0.00019864400000000002
6973 5.7634700000000006e-05
6974 0.000971081
6975 9.75825e-09
6977 1.5738299999999998e-10
6978 8.75784e-05
6979 2.9302900000000002e-08
6980 0.000759225
6982 1.24676e-06
6984 0.06735260000000001
6985 5.16627e-07
6986 0.0008702019999999999
6991 0.00174333
6992 7.14461e-06
6993 1.58103e-10
6996 1.75891e-05
6997 2.07975e-09
6998 2.4553700000000003e-06
6999 2.46252e-08
7000 0.00380481
7001 4.60314e-07
7005 2.8816900000000004e-08
7010 1.1352799999999998e-06
7012 0.44978599999999996
7013 1.41846e-05
7014 3.39149e-06
7015 3.83948e-12
7017 0.00192187
7019 0.000660821
7024 5.518780000000001e-06
7026 8.30023e-05
7027 2.21384e-05
7028 0.00305286
7030 1.98272e-05
7032 9.772289999999999e-06
7034 1.3945499999999999e-05
7037 1.71487e-06
7041 2.41286e-05
7043 0.010333799999999999
7044 0.00013221200000000001
7047 1.08027e-06
7051 1.08371e-05
7053 0.00113445
7055 0.000208292
7057 0.09440010000000001
7060 0.0016066
7061 4.4970600000000006e-05
7063 5.31482e-06
7066 0.000281682
7067 0.00846261
7069 5.817e-05
7076 1.9487200000000003e-07
7081 0.000554582
7082 0.000556718
7083 0.00147073
7085 0.00037867300000000005
7087 6.331220000000001e-05
7091 0.000107894
7094 0.00019969999999999998
7096 1.51983e-07
7098 2.6959600000000002e-05
7099 0.00426628
7102 1.7498899999999998e-07
7103 9.37994e-05
7106 0.00546969
7107 5.97791e-07
7110 0.057023800000000006
7111 8.395760000000001e-08
7112 7.319710000000001e-07
7115 8.32412e-08
7116 5.75061e-06
7118 8.794940000000001e-05
7119 0.00271071
7120 0.015386700000000001
7124 3.18645e-08
7126 0.00033087599999999997
7127 9.247519999999999e-06
7131 9.45945e-10
7134 0.000262672
7135 7.48655e-05
7136 1.04547e-05
7137 0.000547337
7142 0.0005390659999999999
7143 2.77903e-09
7145 7.5011300000000005e-06
7151 0.00218828
7155 3.6083e-14
7156 2.19687e-05
7157 7.861739999999999e-08
7158 0.000322213
7160 1.24615e-06
7161 0.00375733
7164 8.268210000000001e-10
7169 5.72633e-05
7170 4.89525e-05
7171 4.38375e-05
7173 5.30125e-06
7175 2.0285799999999998e-05
7176 1.99763e-06
7178 0.07018730000000001
7179 0.0129656
7181 3.97696e-05
7183 6.97585e-06
7186 3.0713200000000003e-07
7188 1.84472e-10
7190 3.151e-07
7192 8.456399999999999e-07
7195 0.00488111
7196 0.000370855
7198 0.07750850000000001
7199 2.7012899999999997e-07
7201 3.04024e-05
7202 0.0108494
7203 0.00011545
7206 1.0829500000000001e-08
7207 0.00796484
7209 3.6808700000000003e-07
7218 0.000528642
7220 0.00512262
7221 3.7576199999999995e-06
7225 0.00174208
7226 7.014319999999999e-07
7228 0.10460799999999999
7229 6.989979999999999e-05
7231 2.54386e-05
7232 1.4384e-09
7233 1.29398e-10
7235 7.99887e-11
7237 0.00291281
7238 2.03208e-06
7239 0.00105838
7240 0.0554148
7242 7.158979999999999e-07
7246 9.799969999999999e-06
7248 0.00114985
7251 0.00161278
7252 0.00532415
7253 0.0006531859999999999
7254 4.30103e-07
7255 0.00131134
7257 1.1268200000000001e-08
7262 8.06655e-05
7264 0.0918118
7265 4.6325900000000005e-06
7267 2.4833400000000002e-05
7268 0.000811938
7269 2.1723000000000002e-05
7272 1.94207e-06
7273 7.03701e-07
7277 0.00828358
7278 0.00108337
7281 8.19932e-05
7282 3.01731e-05
7286 6.06084e-07
7287 3.88663e-08
7288 7.97597e-11
7290 6.789960000000001e-07
7291 3.2849300000000005e-06
7293 0.00061907
7301 0.000461449
7303 0.000412899
7304 2.73814e-05
7306 0.0910959
7307 1.5254e-10
7309 1.57075e-11
7310 0.00300855
7312 0.000298431
7313 0.00024380000000000002
7315 0.136244
7316 0.00017416599999999999
7317 0.00113808
7319 9.413459999999999e-05
7320 9.36323e-09
7321 0.0005841430000000001
7324 1.91201e-05
7326 7.59555e-09
7328 0.00515554
7331 2.59246e-05
7332 0.0026349
7333 8.60621e-05
7335 0.000711123
7337 0.000177861
7338 2.1799499999999997e-05
7339 2.18027e-09
7340 1.31694e-10
7341 8.95651e-06
7342 0.00024312900000000002
7345 1.7067999999999999e-13
7347 0.000316497
7348 0.010391200000000001
7349 2.76192e-07
7352 4.04749e-05
7353 0.0414998
7354 3.3267400000000003e-07
7355 0.00017266799999999998
7357 1.7708e-08
7358 2.30498e-07
7360 1.3827999999999999e-05
7362 9.729969999999999e-09
7364 0.00035103699999999995
7366 0.0869494
7367 2.89159e-07
7368 1.71049e-07
7371 2.8932799999999998e-08
7377 6.568429999999999e-07
7378 0.000501255
7379 0.022444099999999998
7380 6.228729999999999e-05
7382 2.96444e-06
7384 1.73574e-05
7386 6.0407e-07
7387 2.23414e-09
7391 0.194939
7392 0.00016706799999999998
7393 0.293419
7395 0.0553649
7397 4.10219e-07
7399 4.17723e-09
7400 0.000191002
7401 0.0718374
7402 7.613330000000001e-06
7403 4.1010500000000005e-10
7404 0.00187303
7405 2.7686700000000002e-08
7406 3.205e-05
7407 0.000138603
7409 1.5791e-05
7412 0.00307933
7415 3.8666e-06
7418 2.5152799999999996e-08
7420 0.0110564
7423 1.6559400000000001e-12
7426 3.706130000000001e-18
7428 8.64722e-05
7429 4.75966e-09
7430 6.97718e-07
7434 4.55148e-06
7440 0.000293216
7441 1.52938e-07
7442 0.10815
7444 0.00169422
7447 8.51216e-13
7450 1.48087e-07
7452 2.8866199999999998e-05
7453 0.000508083
7455 1.4280100000000001e-09
7456 0.00447925
7459 6.6164e-05
7462 1.34364e-07
7463 0.000156654
7464 0.00018333599999999998
7469 1.8419400000000002e-05
7471 0.00504988
7472 0.00565649
7473 4.08653e-06
7476 0.00114973
7478 3.27995e-07
7485 0.00019796900000000001
7487 7.67033e-06
7488 0.000185347
7492 0.000326763
7494 0.0163738
7495 4.64888e-05
7496 5.5866800000000005e-05
7499 1.3496600000000001e-06
7500 0.0169179
7501 3.68275e-08
7502 9.53905e-08
7504 7.40309e-06
7505 2.33023e-08
7507 3.31839e-06
7508 6.13613e-05
7509 2.19166e-07
7510 7.83902e-05
7512 0.000383041
7514 0.00452235
7515 0.0218031
7516 0.00960342
7518 3.71875e-07
7520 0.200595
7522 2.79971e-05
7529 1.5495999999999998e-07
7531 0.000202599
7532 0.00288383
7534 5.84996e-05
7539 1.5770800000000002e-08
7541 1.9271799999999998e-08
7542 3.58709e-05
7545 8.59962e-07
7548 0.00326958
7549 0.00613514
7550 9.38788e-06
7552 7.68963e-06
7553 6.24997e-08
7554 0.0013914
7556 5.81198e-10
7557 3.9031e-05
7560 0.00662072
7561 7.73931e-07
7562 8.24033e-05
7564 0.00153919
7567 0.00048020699999999996
7569 0.00376344
7573 4.3549e-05
7574 0.00119012
7577 0.0780309
7580 9.77784e-06
7581 6.15191e-05
7582 0.000800971
7583 0.00309958
7584 0.00123867
7587 6.16129e-06
7588 0.188897
7589 1.2412299999999998e-06
7591 1.0408e-08
7593 1.01991e-13
7595 0.070449
7596 0.00212123
7597 9.25621e-07
7598 6.74442e-05
7599 2.5256799999999998e-08
7602 2.75792e-10
7604 0.014936600000000001
7607 3.5951300000000005e-06
7608 4.1303999999999995e-07
7609 0.00150107
7610 0.000367869
7613 1.94438e-06
7616 7.60291e-05
7617 1.5447e-07
7620 2.80454e-05
7623 0.000305858
7625 8.912920000000001e-05
7627 3.00481e-10
7628 0.00241124
7630 1.1962799999999999e-20
7632 2.57525e-05
7634 0.0007702410000000001
7635 3.66378e-08
7636 9.9779e-05
7638 3.02018e-05
7641 5.1731e-07
7643 2.58003e-06
7644 9.89184e-05
7645 4.10962e-08
7646 1.1741800000000002e-09
7648 0.025359599999999996
7651 0.103033
7652 0.00590486
7658 7.35702e-08
7659 0.000135907
7660 0.00311842
7661 5.1616099999999995e-05
7665 1.60033e-07
7669 0.00019659599999999997
7674 1.2994e-10
7676 0.000684275
7681 1.13316e-06
7684 5.41538e-05
7686 0.000118445
7689 0.00231848
7690 3.38552e-09
7693 1.18925e-07
7695 0.000373695
7698 3.87578e-11
7700 0.00312329
7701 1.8135000000000002e-09
7703 0.000116073
7706 2.279e-05
7707 0.0056166
7708 0.0450376
7710 8.42016e-06
7711 5.3800699999999995e-05
7714 8.93269e-08
7716 0.00227868
7717 4.9873699999999995e-06
7719 0.00024000400000000001
7722 0.023672099999999998
7725 6.977480000000001e-12
7726 2.0502600000000003e-05
7728 0.050457
7730 0.0007176410000000001
7733 0.00172982
7734 9.399510000000001e-12
7737 6.40369e-06
7738 0.00170574
7739 0.022913
7741 4.87739e-06
7744 0.000224402
7747 0.0902823
7750 1.1213800000000001e-05
7752 0.049599199999999996
7755 0.00863992
7756 0.0447922
7757 1.04498e-11
7759 0.00131041
7761 5.682360000000001e-10
7764 6.994320000000001e-07
7766 9.07243e-05
7769 0.000943123
7770 0.00169763
7771 3.77427e-11
7774 7.21009e-07
7778 0.00880354
7780 0.00990737
7782 0.00512529
7783 1.58555e-08
7784 0.000928908
7785 0.013992099999999999
7787 0.000654453
7788 3.97383e-06
7789 0.000424231
7792 2.65689e-07
7794 3.5873899999999995e-05
7796 0.000317489
7797 1.01347e-07
7800 5.333780000000001e-06
7801 0.021462000000000002
7802 2.08502e-06
7804 5.5333300000000004e-06
7805 0.00644481
7806 0.00119729
7807 9.94237e-07
7808 0.0034558999999999996
7811 0.00385327
7816 0.030947000000000002
7817 0.00241928
7818 6.82898e-05
7822 3.3778500000000003e-07
7823 7.65759e-05
7825 1.60679e-08
7827 2.55762e-08
7828 6.3827e-05
7829 0.010583
7830 0.00038654
7832 0.00537014
7835 4.89891e-08
7837 9.76391e-09
7839 6.84142e-05
7842 1.00966e-06
7844 8.588580000000002e-10
7846 0.000101221
7848 1.75744e-05
7849 0.00913411
7850 2.96823e-07
7851 9.256789999999999e-07
7852 1.9472099999999996e-06
7858 0.0059528
7860 9.85367e-11
7861 3.6589599999999996e-07
7862 0.00015400600000000002
7866 7.97331e-05
7867 1.52883e-05
7870 4.47379e-06
7871 0.061326900000000004
7874 5.7542200000000004e-06
7875 1.7774699999999998e-07
7879 5.8107e-05
7880 0.00022036400000000002
7881 3.01731e-07
7882 5.10576e-11
7887 0.000608159
7888 0.0943171
7891 0.00114087
7892 0.000154307
7893 1.71523e-07
7894 3.42571e-07
7895 0.000478755
7896 0.0061396
7903 6.113400000000001e-06
7904 0.000136728
7906 2.0097299999999998e-10
7907 7.28807e-05
7912 2.57746e-12
7913 0.00041679300000000005
7917 0.014586700000000001
7918 0.000553951
7922 0.00429223
7927 1.5687799999999998e-07
7929 0.00762867
7930 0.00632646
7934 4.28646e-13
7936 1.01832e-07
7937 0.0618654
7938 0.000973152
7941 9.90657e-05
7942 0.00229541
7944 6.900069999999999e-09
7945 1.47295e-08
7948 1.91012e-05
7949 1.93763e-07
7951 2.2115299999999998e-10
7952 3.92137e-05
7955 0.0014809
7957 0.0400356
7960 1.3925699999999999e-09
7961 3.24881e-05
7962 5.986230000000001e-06
7965 0.00111138
7966 0.00315464
7967 1.33009e-07
7969 0.00104515
7972 0.000499924
7973 2.4505400000000002e-08
7975 1.0657e-05
7977 0.00513882
7978 9.20899e-09
7981 0.028272500000000002
7982 0.00566434
7983 6.779e-08
7985 5.94686e-06
7986 0.00146587
7988 0.00336094
7989 0.285301
7990 2.20458e-06
7992 1.4482000000000001e-05
7993 5.41617e-11
7994 1.72292e-05
7995 1.83426e-09
8000 0.00127064
8003 5.7245999999999995e-08
8006 0.000391356
8007 8.75885e-08
8010 7.99606e-05
8011 0.000268705
8013 0.000195191
8014 0.0124719
8015 0.000171373
8016 2.40529e-07
8018 5.02767e-05
8020 1.57362e-06
8021 4.9261300000000006e-06
8022 0.031084800000000003
8025 0.015109899999999999
8027 5.0777699999999995e-06
8028 0.00198891
8030 4.66754e-10
8034 6.59102e-10
8035 9.338639999999998e-06
8038 0.00010671299999999999
8039 0.0010342
8041 0.00445445
8045 0.000841363
8046 2.4630000000000003e-12
8047 3.71077e-05
8050 0.00632806
8052 0.0025960000000000002
8054 0.000489909
8055 3.64507e-07
8056 0.00169586
8058 0.00623693
8059 6.037919999999999e-06
8065 0.00023920200000000002
8066 2.60189e-05
8070 0.00371758
8071 0.021218099999999997
8073 0.00900583
8074 3.4392499999999997e-09
8077 8.10396e-05
8078 0.000391411
8080 0.000107707
8081 0.000129021
8088 1.35202e-15
8089 0.00122684
8090 1.52681e-05
8092 0.000254933
8094 0.00301137
8097 7.561310000000001e-08
8099 1.00527e-12
8102 0.0008230669999999999
8104 2.15799e-06
8109 0.044710400000000004
8110 0.00023678299999999999
8111 0.000684786
8113 0.43303500000000006
8114 1.12643e-05
8118 7.738750000000001e-07
8119 0.153954
8120 0.00111134
8123 0.0163166
8124 0.000257856
8126 0.000397291
8128 4.14406e-11
8129 3.90614e-08
8131 0.0017689
8133 2.2501399999999998e-05
8134 2.5912599999999997e-08
8135 1.18766e-05
8136 3.7507300000000003e-06
8143 9.34748e-05
8145 0.000101505
8146 8.56797e-05
8147 0.00172487
8148 6.9937e-14
8149 1.92669e-05
8152 2.43085e-06
8153 0.012677299999999999
8154 3.85438e-07
8155 0.00707226
8156 1.84757e-05
8157 1.46697e-05
8158 3.45507e-05
8161 4.52374e-08
8162 0.00162236
8165 1.34056e-06
8167 0.00461725
8170 0.00192786
8172 0.000112329
8176 0.038051999999999996
8178 7.51897e-05
8179 5.65969e-07
8181 1.26387e-08
8182 0.000308367
8183 3.72275e-05
8184 0.247466
8185 1.48057e-07
8187 0.00231621
8192 0.00233154
8193 1.76585e-11
8194 3.74948e-07
8195 0.00014970899999999999
8196 0.116648
8198 0.07759989999999999
8201 0.00652636
8205 0.000120566
8206 0.00146287
8207 0.0101985
8210 0.33113000000000004
8212 8.61794e-06
8214 1.28524e-08
8215 0.00731268
8217 4.40649e-05
8219 1.1519600000000001e-07
8221 0.00033014300000000003
8227 5.58788e-08
8228 1.0976600000000001e-05
8230 5.57176e-12
8231 6.57517e-06
8233 0.011266
8234 9.76073e-09
8237 2.3731599999999998e-05
8238 0.0005241930000000001
8239 0.12296800000000001
8240 0.00493651
8242 0.00093014
8243 2.9245100000000003e-09
8245 0.00175084
8246 3.2673200000000003e-12
8247 1.12981e-05
8249 0.00015900299999999998
8255 2.5855900000000003e-10
8256 7.51406e-05
8257 0.027206099999999997
8259 1.5573399999999998e-07
8264 2.20472e-08
8265 0.000514195
8266 1.39716e-06
8267 0.017355799999999998
8270 4.31219e-07
8271 0.00780089
8273 0.00152933
8274 8.19583e-06
8276 0.0174417
8277 0.000354466
8278 5.87366e-13
8283 7.86446e-09
8286 0.00139031
8287 0.00109
8288 0.00034732
8289 0.00191579
8290 1.0837299999999999e-06
8291 3.00916e-06
8298 0.00262745
8303 0.000854555
8304 6.662600000000001e-05
8305 4.1646e-05
8308 0.000182896
8309 0.00418645
8314 3.1872600000000004e-05
8321 0.0113589
8324 9.71373e-08
8325 0.0171205
8328 0.00299033
8330 8.249530000000001e-05
8331 8.74125e-07
8333 4.07205e-06
8334 4.57793e-06
8337 1.1493799999999998e-08
8339 0.0362975
8340 0.00023009200000000002
8343 0.000351745
8344 1.90679e-05
8347 0.00109327
8348 1.51776e-17
8350 3.16179e-05
8352 5.5330499999999995e-06
8353 7.36524e-11
8354 0.000121021
8356 8.03809e-07
8357 2.88036e-10
8358 3.4756300000000005e-07
8361 6.24362e-07
8362 5.03238e-07
8363 0.000995995
8366 6.8541e-11
8367 6.700019999999999e-08
8369 3.90408e-13
8371 2.8157900000000004e-07
8373 5.24355e-05
8375 0.00078334
8377 0.018715700000000002
8378 5.061939999999999e-09
8379 0.000309483
8380 0.00714149
8382 0.07023099999999999
8383 2.05349e-06
8389 2.66212e-05
8392 0.00020832
8393 4.0838400000000007e-08
8394 0.00254007
8395 0.000241787
8396 5.87333e-07
8399 8.48056e-05
8400 0.00726964
8401 0.00543468
8402 0.00774181
8404 1.60567e-05
8405 1.9045200000000002e-07
8406 8.32332e-05
8407 0.00019523200000000002
8408 2.8181999999999997e-07
8411 0.00087391
8412 1.2023299999999999e-05
8414 1.6006e-07
8417 0.000126312
8418 0.00142845
8419 7.42145e-05
8420 2.5262599999999996e-06
8421 5.47692e-10
8428 6.47685e-06
8431 0.197879
8432 2.38626e-07
8435 5.77238e-06
8436 0.00496857
8439 0.000177514
8440 7.814930000000001e-05
8441 7.96409e-05
8446 0.048264499999999995
8447 1.21358e-10
8448 0.00033015599999999996
8451 0.000542714
8455 1.7402000000000002e-07
8457 9.266120000000001e-05
8458 0.0332259
8459 0.00025540299999999997
8460 8.8248e-05
8463 0.000134564
8464 0.000645521
8469 0.000830019
8471 0.015019399999999999
8473 1.26856e-10
8474 0.00263039
8476 2.35751e-05
8479 9.88208e-09
8480 0.00013013
8481 0.000627215
8486 0.00176435
8487 0.0101665
8488 1.82253e-07
8489 2.8387300000000002e-05
8490 0.47580500000000003
8491 3.47571e-06
8493 0.000258611
8496 0.00084838
8497 0.000447433
8500 2.92256e-05
8501 1.0753199999999999e-05
8504 1.1216100000000001e-07
8505 0.0483408
8507 1.9691700000000002e-07
8508 3.57692e-16
8510 5.74069e-07
8511 3.29535e-08
8515 1.57538e-08
8516 0.00366662
8520 0.0014747
8525 0.0009946710000000001
8527 1.92177e-05
8528 0.028334300000000003
8531 8.659700000000001e-07
8532 3.165e-05
8537 4.00047e-08
8538 0.00983335
8539 1.80272e-05
8540 5.29828e-11
8543 0.010014299999999999
8544 0.00212154
8545 8.709589999999999e-12
8546 1.6386900000000002e-10
8547 1.5253499999999999e-05
8548 2.0681e-06
8551 9.91356e-11
8552 0.0001526
8554 0.00023595
8555 8.46048e-05
8560 9.804839999999999e-08
8561 1.2862200000000002e-06
8563 6.36825e-06
8565 6.88368e-05
8566 0.00117459
8567 0.0009367039999999999
8569 8.73874e-07
8570 3.95777e-06
8571 3.81434e-07
8574 0.00579527
8575 7.86184e-06
8577 0.00506527
8578 1.03394e-06
8579 1.4416199999999998e-09
8580 1.08342e-05
8583 0.00314445
8589 2.76119e-08
8590 0.00012872100000000002
8591 0.00734998
8593 0.000113378
8594 0.00012021
8597 6.114e-10
8598 0.029754900000000004
8599 0.00037277699999999997
8600 4.84525e-06
8603 7.672890000000001e-05
8605 0.00785412
8609 9.09663e-10
8611 0.00432441
8613 3.34579e-05
8614 0.00515507
8616 0.00192885
8619 1.21966e-10
8622 1.11204e-09
8623 2.45567e-09
8625 5.89513e-06
8626 0.00995398
8627 0.0234112
8629 7.312720000000001e-05
8630 8.89275e-06
8631 7.46879e-08
8632 3.97883e-08
8634 3.0436999999999997e-05
8637 7.4404e-06
8640 1.61483e-05
8641 0.010001399999999999
8642 5.25779e-08
8643 2.02334e-13
8646 0.0119377
8648 0.00036643900000000003
8649 2.11426e-06
8650 0.00296572
8651 2.37173e-06
8652 0.00746138
8656 1.4490299999999998e-07
8657 0.000110954
8658 1.25519e-07
8659 0.00013979200000000002
8660 0.000705188
8661 9.994849999999999e-08
8662 1.89859e-18
8664 0.025433
8666 0.00205053
8668 2.77204e-05
8669 9.820440000000001e-05
8671 0.0212048
8672 2.8529000000000002e-06
8673 8.584100000000001e-05
8674 8.55035e-07
8675 0.000272268
8677 1.79622e-08
8678 0.00585846
8679 0.00221194
8681 0.000410903
8682 7.76474e-07
8684 2.5872399999999994e-09
8685 0.000377186
8686 0.00179376
8689 6.70098e-12
8693 3.4844200000000003e-09
8694 7.11632e-07
8696 4.36019e-07
8697 0.006871899999999999
8700 0.00110962
8703 6.01052e-07
8704 3.4442699999999997e-09
8705 0.00017951099999999998
8707 0.00029168200000000003
8708 0.00346393
8711 1.17642e-05
8712 2.0922899999999997e-07
8714 1.84624e-14
8715 1.0845599999999999e-07
8719 0.14237
8721 0.000221234
8724 1.93283e-06
8726 1.01798e-06
8729 1.89849e-05
8734 1.9374e-05
8735 0.0273191
8736 0.0193891
8737 1.01756e-05
8740 0.00173467
8743 3.0021199999999997e-06
8745 5.108350000000001e-07
8746 0.000733025
8751 0.00634508
8754 0.12573099999999998
8758 1.69923e-05
8761 0.00844187
8762 0.00555887
8763 5.64383e-10
8765 3.48838e-11
8767 0.00419645
8774 0.00702076
8777 7.68122e-11
8778 0.0113045
8779 0.00302524
8780 0.0259895
8781 1.21525e-05
8782 8.37494e-12
8785 6.51682e-07
8786 7.8551e-06
8787 1.4819399999999998e-06
8788 9.018060000000001e-12
8789 1.2779200000000002e-08
8791 3.34084e-09
8792 2.09106e-06
8795 0.000140055
8797 4.036230000000001e-06
8798 7.29453e-06
8800 1.85528e-06
8802 0.000209016
8803 0.00355091
8804 9.50662e-05
8807 1.6008499999999998e-05
8808 0.0467143
8812 0.00285113
8816 0.00759851
8818 0.00125375
8820 5.57766e-06
8821 0.00586531
8824 4.8075500000000004e-09
8825 2.16084e-09
8827 0.00188565
8828 0.000538889
8829 6.621779999999999e-09
8830 0.0527307
8832 0.00342177
8834 3.99986e-06
8839 8.378910000000001e-10
8842 8.60871e-06
8844 0.00322783
8845 1.05968e-09
8846 0.000164635
8850 0.0006078969999999999
8851 0.00025869900000000004
8852 4.24772e-10
8853 6.03397e-08
8855 3.9853700000000004e-07
8857 0.00150109
8860 0.000136314
8861 0.000251786
8863 0.000139962
8864 0.0009544460000000001
8866 0.00024795
8868 2.64753e-07
8869 5.60945e-06
8870 3.9605100000000004e-13
8875 3.7318400000000003e-06
8877 1.6449900000000003e-06
8881 3.32205e-10
8882 3.11284e-08
8887 2.0272100000000002e-05
8889 1.0521199999999998e-05
8893 6.67775e-06
8894 0.00011549600000000001
8895 2.2669699999999998e-07
8896 1.45065e-09
8897 0.000124665
8898 0.0005901
8899 0.000813076
8901 9.86588e-07
8902 0.00555752
8903 1.8166300000000003e-05
8904 0.010504799999999998
8906 0.00176608
8907 0.000551899
8908 2.3909700000000004e-08
8910 5.57196e-08
8912 3.96485e-06
8915 1.1237600000000001e-08
8916 0.00351607
8918 0.00229837
8922 0.012562799999999999
8924 3.12699e-05
8925 8.13463e-07
8928 0.014084399999999999
8934 4.94146e-20
8935 3.3612400000000004e-06
8937 2.1209899999999998e-05
8938 0.27331
8941 0.10555999999999999
8945 0.00138698
8946 0.0168818
8947 0.0178107
8949 6.3648599999999996e-06
8950 6.01378e-14
8952 2.11037e-06
8954 0.00016847400000000003
8956 5.45445e-18
8957 0.00136203
8959 3.3002800000000003e-06
8963 0.0105734
8964 6.87925e-05
8972 2.14984e-06
8974 0.000130279
8977 2.66108e-06
8981 4.25105e-12
8984 4.65989e-08
8986 1.94519e-07
8990 0.000547807
8991 0.00389491
8992 0.00110752
8993 0.0122477
8994 0.000514118
8996 9.03657e-05
8998 0.00014504
9001 8.12607e-06
9003 0.00372969
9008 9.84263e-14
9009 0.146222
9010 0.190288
9011 0.00582322
9012 2.77603e-06
9013 0.0189774
9014 1.63422e-05
9017 0.000128961
9021 1.0546300000000001e-07
9023 9.33673e-10
9025 7.15572e-06
9026 0.000837321
9028 7.68889e-11
9030 4.6233999999999994e-07
9031 2.7544499999999997e-05
9033 4.942749999999999e-06
9038 1.1198900000000001e-08
9040 0.000844476
9041 3.9378e-12
9043 0.0077679
9044 1.37737e-10
9046 1.0057200000000001e-05
9047 9.56308e-12
9050 4.518130000000001e-12
9052 2.91523e-07
9054 0.00115378
9055 0.011918799999999998
9056 0.07828869999999999
9057 0.000122746
9061 6.653579999999999e-07
9062 3.3214e-07
9065 2.3080300000000002e-08
9067 0.000175684
9069 6.4362699999999996e-12
9070 0.0025696
9071 1.9573399999999998e-09
9074 5.38117e-08
9075 0.0323971
9076 2.09522e-05
9077 0.00435118
9081 3.90666e-06
9082 1.20733e-05
9083 2.05059e-07
9084 1.7072299999999999e-07
9088 5.4353e-05
9090 0.09926510000000001
9092 4.40484e-07
9093 2.83505e-07
9095 0.35375300000000004
9096 4.33318e-08
9097 4.3115300000000005e-06
9101 2.6711799999999997e-05
9102 0.00150818
9103 1.18381e-05
9104 0.00012208
9107 0.00257047
9109 0.00668096
9110 6.51808e-05
9111 1.75581e-10
9115 0.00137418
9118 1.0400799999999999e-05
9119 7.10761e-08
9120 0.000267779
9122 7.41199e-06
9124 0.000563062
9125 0.000189767
9127 0.00120514
9130 2.7703200000000003e-05
9132 0.000246416
9134 6.746919999999999e-08
9135 4.0359000000000003e-07
9137 6.696619999999999e-08
9139 4.10835e-08
9140 0.00869346
9142 3.9872399999999996e-07
9143 8.34822e-05
9145 4.3887900000000003e-16
9146 2.98377e-08
9149 1.33734e-05
9152 1.23983e-06
9154 0.35928000000000004
9156 5.34587e-09
9158 7.5297e-14
9164 0.0431347
9165 1.7898800000000002e-05
9167 5.1354900000000004e-17
9169 3.65585e-06
9170 5.4254799999999994e-05
9171 0.0654068
9172 4.37629e-06
9176 0.000924279
9182 1.28207e-08
9183 2.0430700000000003e-08
9188 1.44142e-11
9190 2.6746200000000004e-07
9198 3.9589e-13
9199 5.3882e-06
9201 0.00777862
9203 2.18119e-05
9204 0.011290799999999998
9206 1.86672e-06
9207 0.0732908
9210 5.252280000000001e-06
9211 3.05333e-15
9216 0.00652131
9217 1.1541900000000001e-08
9219 0.0263409
9220 0.00019157
9222 1.5420099999999998e-05
9223 0.000621369
9225 0.00369982
9226 2.1106500000000002e-07
9228 0.00685915
9229 7.191060000000001e-09
9231 4.74926e-05
9232 0.000692617
9233 0.00152896
9234 4.9692700000000006e-05
9235 0.031721
9237 2.47403e-11
9240 1.19309e-08
9241 0.000989215
9243 5.23568e-10
9248 0.000325644
9253 0.00599048
9256 1.29081e-07
9257 0.00142169
9258 5.25928e-10
9260 1.04807e-05
9261 0.00400427
9262 2.68692e-08
9263 0.0183523
9264 4.4934e-06
9265 1.33994e-05
9266 0.00457185
9267 4.2465400000000004e-07
9274 0.000204277
9275 0.0516283
9276 0.00038528900000000003
9277 1.6477900000000004e-10
9280 2.2896900000000004e-06
9284 0.00142817
9292 7.12041e-05
9293 2.81504e-05
9294 0.0341238
9297 0.00349904
9298 1.3544399999999999e-08
9300 1.05174e-05
9301 7.47276e-05
9302 1.8979000000000002e-09
9304 3.21206e-05
9305 1.10768e-09
9310 0.00419442
9311 0.0140578
9313 0.017537900000000002
9314 0.00274551
9317 8.945880000000001e-10
9319 3.4270599999999995e-06
9320 0.00364645
9321 6.053480000000001e-08
9322 2.7185000000000003e-06
9328 0.00019711900000000002
9329 6.636560000000001e-06
9332 2.18228e-05
9335 2.21773e-06
9338 6.241489999999999e-13
9340 1.89532e-06
9341 1.1740999999999999e-07
9344 0.00044239400000000003
9345 0.00142451
9346 0.00154822
9352 0.00237882
9353 4.67573e-06
9355 2.8229600000000003e-07
9356 9.3276e-05
9357 0.00385342
9360 2.64385e-08
9361 1.51093e-07
9363 2.19717e-06
9364 0.00024533599999999997
9366 3.864260000000001e-09
9367 0.00982399
9369 9.029430000000001e-05
9370 7.80711e-11
9372 2.69535e-05
9376 1.13782e-08
9379 0.00223104
9380 0.000299824
9381 9.26997e-10
9383 2.72647e-07
9384 0.00604503
9385 0.207947
9387 1.18355e-06
9390 1.17988e-15
9391 0.00493353
9395 4.85719e-11
9396 9.56395e-05
9397 0.20758000000000001
9399 9.97832e-07
9400 0.015973400000000002
9402 0.00141846
9403 0.00064349
9404 0.00245529
9415 0.0153828
9416 1.5315100000000001e-06
9423 3.31385e-06
9425 0.013135599999999999
9426 6.35726e-06
9427 0.00102761
9428 0.00231595
9430 1.0258e-09
9431 3.1183099999999997e-06
9435 0.053140999999999994
9436 6.97134e-05
9441 0.0007855210000000001
9442 1.76265e-11
9444 0.00208414
9447 3.83988e-11
9449 0.00010494399999999999
9450 5.95572e-05
9451 9.981400000000001e-08
9452 0.038720300000000006
9453 1.8165900000000003e-06
9462 7.8692e-05
9467 0.0253192
9471 0.00478678
9473 0.000611771
9474 3.5113699999999996e-05
9475 5.92739e-09
9478 0.041941900000000004
9482 0.000971897
9483 7.80831e-08
9485 0.00337126
9486 0.000197627
9487 0.00209927
9489 0.00341447
9492 2.69948e-08
9493 1.5001e-08
9495 1.1077e-05
9498 1.76315e-08
9501 2.2374000000000002e-07
9503 5.4456599999999996e-05
9505 0.000204825
9506 3.9040300000000003e-07
9509 5.29013e-06
9510 9.00732e-12
9511 0.102326
9513 5.36449e-05
9514 0.00461547
9521 0.0717961
9522 0.000257367
9525 4.045119999999999e-06
9529 0.000521709
9530 5.20945e-05
9534 4.38936e-10
9535 0.000156925
9536 6.01513e-11
9538 1.88666e-05
9539 9.10947e-06
9544 0.00445737
9547 0.0014068
9548 1.37355e-07
9552 0.0007612439999999999
9553 1.1037799999999998e-06
9554 0.00179444
9555 2.66034e-05
9556 0.000712815
9559 4.28575e-06
9561 4.6966400000000005e-05
9563 3.80614e-09
9564 7.6527e-05
9569 0.029930900000000003
9570 0.00180862
9572 0.027671800000000003
9574 0.00230771
9575 2.70921e-05
9578 0.000562153
9581 2.7908600000000002e-05
9582 0.0217157
9583 0.00015865
9589 0.00038659199999999995
9590 5.58734e-08
9592 0.000101717
9593 2.0974899999999998e-05
9594 0.000835948
9595 0.273208
9599 0.0006018530000000001
9601 2.7275299999999997e-06
9602 6.03266e-06
9604 0.00033282099999999996
9606 0.011039100000000001
9607 0.00016781900000000001
9608 6.147290000000001e-07
9610 0.00843517
9612 0.00544733
9616 3.61237e-07
9622 1.75613e-05
9624 9.873099999999999e-06
9625 0.000131722
9626 0.000105549
9628 0.00223177
9630 0.0225347
9631 0.0100316
9632 0.0719586
9633 0.000146164
9635 0.000237599
9639 2.35152e-06
9640 2.21513e-06
9642 2.01458e-05
9643 0.00023526900000000003
9645 0.0686727
9646 2.17252e-06
9648 0.00026198599999999997
9651 0.00900595
9652 1.44425e-13
9653 0.00181837
9657 8.70509e-07
9660 0.000822823
9661 0.000328477
9662 0.42161400000000004
9663 0.031093
9665 0.00297516
9669 8.80613e-06
9672 0.00146787
9673 2.1515400000000004e-10
9674 6.34681e-11
9675 1.38972e-10
9677 0.00011517600000000001
9680 6.923139999999999e-08
9682 1.82113e-08
9683 4.76843e-10
9688 4.20148e-07
9689 0.00023265700000000002
9690 0.15897
9694 6.84034e-05
9696 0.000189543
9697 0.000975376
9701 3.10598e-07
9704 0.000504181
9705 1.7915700000000002e-07
9708 0.000489161
9714 0.00017109900000000002
9715 0.00702374
9716 5.4951800000000007e-17
9720 2.32534e-08
9722 0.000522274
9723 6.88183e-10
9725 3.93488e-05
9727 1.1298499999999999e-05
9728 2.2297799999999997e-06
9730 0.000604395
9731 2.0507200000000002e-14
9736 0.000216917
9739 0.00205278
9740 2.3844799999999997e-10
9741 0.00052266
9742 0.00184133
9744 6.75952e-05
9750 0.0145955
9751 2.2713400000000002e-05
9752 0.0207669
9753 0.16489700000000002
9757 7.542419999999999e-09
9759 7.005239999999999e-10
9760 4.72665e-06
9765 0.0159465
9766 3.7194e-05
9768 0.00532918
9769 0.000526623
9770 2.9630300000000003e-05
9771 2.28406e-05
9775 3.70487e-13
9777 8.21808e-06
9779 0.000501137
9782 0.00211469
9783 0.00456504
9784 3.14256e-05
9786 1.12262e-05
9787 1.4173800000000001e-05
9788 1.20717e-07
9791 0.0002432
9793 1.60085e-08
9795 0.00290395
9798 0.0415004
9799 2.38257e-05
9802 2.4897399999999996e-05
9803 0.000369025
9804 6.39815e-08
9806 2.06624e-06
9811 1.6777200000000002e-06
9812 0.0131963
9814 4.22864e-05
9815 0.191348
9817 6.95603e-08
9818 6.79293e-06
9820 3.5864499999999998e-06
9821 1.3072600000000001e-10
9824 1.4851300000000001e-05
9826 4.3721300000000006e-10
9827 4.37084e-09
9829 2.55424e-06
9835 9.80823e-08
9837 0.00040620699999999995
9838 7.42835e-05
9840 1.67051e-07
9843 0.00383909
9844 3.77702e-07
9846 3.1088299999999998e-06
9847 4.74551e-07
9849 6.239500000000001e-07
9850 7.149949999999999e-09
9853 0.03712
9854 0.025867599999999998
9856 0.000314753
9857 0.000748706
9861 0.00010772
9864 2.07812e-05
9866 2.9015599999999998e-08
9871 0.00886648
9873 4.26554e-08
9875 0.00107592
9876 2.98695e-16
9883 1.93084e-06
9885 0.00136329
9888 0.00197373
9889 0.00181643
9890 9.13985e-12
9891 0.00143651
9892 8.06282e-05
9893 6.58051e-10
9895 2.02999e-08
9899 1.12714e-06
9901 0.00129613
9903 0.00125883
9906 0.000150887
9907 0.000433456
9909 7.18244e-08
9910 0.00617626
9912 2.47124e-07
9914 0.0232627
9915 0.00131886
9916 0.000308028
9919 1.8833300000000002e-07
9921 0.00046280199999999995
9922 2.50184e-07
9924 7.797330000000001e-06
9925 9.53212e-08
9927 3.04961e-07
9928 0.000321934
9929 0.000277689
9930 0.00077874
9931 0.09791810000000001
9933 5.5785300000000004e-06
9934 0.00438127
9936 2.5327399999999997e-05
9937 0.015686099999999998
9941 0.00525364
9943 4.08471e-08
9948 6.539480000000001e-07
9951 0.000304202
9952 5.65389e-07
9953 3.3327600000000003e-06
9956 2.8602099999999996e-06
9957 1.4304200000000001e-05
9960 3.92638e-08
9962 0.00408193
9963 0.00812506
