1 0.416171
2 3.61038e-07
3 1.58459e-05
4 0.00026916099999999997
6 0.000608012
8 0.000145964
10 0.00657294
11 1.05539e-06
13 0.00623674
14 3.95265e-05
15 2.55708e-09
18 0.7651100000000001
22 0.000893247
25 0.28577600000000003
27 0.00661285
28 6.45515e-10
29 0.7684489999999999
31 1.1398e-09
37 0.865258
38 2.76616e-09
40 2.27021e-11
43 0.00213059
45 4.4625e-06
49 0.010730799999999999
53 0.000156678
54 1.1353200000000002e-08
55 1.1595100000000001e-06
56 0.00383736
57 1.0326e-13
58 3.03779e-05
59 0.000237517
62 0.00370975
67 1.41919e-08
68 4.61692e-13
69 0.00207153
70 7.74986e-05
71 2.8089099999999996e-10
74 1.03704e-07
75 0.0962724
76 2.44073e-05
79 0.878127
80 0.00174375
82 7.794750000000001e-09
84 3.0553500000000003e-06
85 0.00477756
86 0.00685968
87 0.00019575900000000002
88 0.00014976
90 0.00217985
92 5.86783e-07
94 2.20328e-08
96 0.000815873
97 0.000324211
98 0.447484
100 4.8556e-08
103 0.00017791900000000002
105 0.0113845
106 2.74209e-12
108 0.188941
111 0.00150122
114 0.11171099999999999
115 4.49039e-05
116 2.28144e-05
119 1.16307e-08
124 4.186e-05
126 0.000195674
127 0.00277035
128 1.07824e-05
135 2.9612800000000002e-05
136 0.00143931
137 0.018465400000000003
139 4.04911e-09
144 0.00165592
145 4.674359999999999e-06
148 8.590400000000001e-16
149 3.0160700000000003e-09
151 0.00030140799999999997
152 1.96731e-09
155 4.3380699999999996e-05
157 0.00186232
160 0.0014184
166 0.000416105
167 0.9913360000000001
168 0.00164437
172 1.24886e-10
175 0.000662536
176 0.005492100000000001
178 4.1169599999999996e-08
179 4.9947899999999997e-05
181 0.000535735
182 0.106833
183 0.91953
185 0.000246234
186 0.000534113
188 1.84893e-10
191 0.00111453
195 1.44782e-07
196 6.285689999999999e-05
197 4.2627800000000005e-08
199 3.15228e-09
201 3.52917e-07
202 0.00646831
204 1.1667e-05
205 0.0454714
206 0.0008978999999999999
212 0.00144545
213 0.00132819
216 1.03705e-11
217 0.000279155
223 6.9147e-06
226 0.00106409
227 2.08845e-06
230 0.000303554
231 6.65006e-07
234 8.419189999999999e-08
237 0.031671
238 1.18059e-05
239 8.888410000000001e-10
240 1.6558599999999998e-06
243 1.06487e-12
247 0.000150676
248 0.00573086
252 2.24083e-06
253 5.02789e-11
254 1.8167e-05
255 0.9892290000000001
258 0.284693
260 1.86245e-06
261 2.32486e-11
264 0.0040673
265 2.0751799999999997e-05
267 0.000502995
271 0.0012759
272 0.000329154
273 0.00402044
274 2.39027e-09
277 0.000624863
279 0.0319025
280 8.12584e-05
281 1.3099799999999998e-06
283 2.5350599999999998e-08
284 5.6409e-07
286 0.020671900000000003
287 0.000277956
290 0.0218978
291 6.19421e-06
292 5.73965e-06
293 2.31474e-07
295 0.000202165
297 0.0579558
299 0.00139525
300 0.00036195300000000004
301 9.48817e-06
309 2.2666999999999996e-09
310 0.00194259
313 2.5530799999999997e-07
314 0.00010763700000000001
315 0.00022885
316 4.99753e-06
319 0.0161106
324 0.7372479999999999
326 0.00734237
327 0.000448435
330 0.00957375
333 4.69852e-12
335 0.00112097
339 0.0013248
341 6.93443e-07
342 4.33963e-05
345 0.00124641
346 4.85512e-05
348 6.623829999999999e-09
350 7.69116e-06
351 3.26631e-07
353 1.20561e-10
356 0.00573843
357 4.40187e-06
358 7.108600000000001e-09
360 2.47273e-05
361 2.82153e-07
362 0.9173530000000001
364 6.84474e-15
365 9.25492e-10
366 0.000100562
368 0.00504876
369 0.00261855
371 0.00695682
375 0.0009226530000000001
376 0.00350507
377 0.0006688639999999999
378 0.00381581
383 4.28449e-12
384 3.2805700000000003e-05
385 5.27026e-06
386 0.026374099999999998
388 6.29208e-05
389 6.563680000000001e-05
390 8.89713e-07
392 0.00117596
393 0.00806468
397 4.2769700000000005e-05
398 1.16769e-07
399 4.29865e-11
401 9.52025e-06
402 9.079119999999999e-06
405 0.0497353
409 5.57416e-05
410 0.00594341
412 0.000656575
413 0.00221946
414 4.33138e-07
415 7.18304e-08
418 0.000755391
421 2.03525e-05
422 0.609829
423 0.00207052
425 2.10446e-07
426 0.00040584
429 0.000625185
432 0.00208761
434 0.00142986
436 2.89511e-06
437 0.11635699999999999
440 5.51582e-06
441 7.51245e-11
442 1.50107e-10
444 0.00135328
445 7.81306e-05
447 0.00713905
449 0.00889892
451 0.00701242
452 0.000163769
453 4.90305e-07
455 0.00576026
456 3.72948e-07
457 0.00354575
458 0.308177
465 3.0679e-07
466 0.00024003700000000002
467 9.14224e-06
471 0.000298942
472 3.63019e-14
473 0.000933858
475 0.000561385
478 0.6212979999999999
479 0.00160374
481 0.0010327
485 0.000331323
487 0.00010387200000000001
488 7.023519999999999e-08
490 0.00150906
493 0.00106702
495 0.00609989
497 1.43576e-10
502 0.0008159069999999999
504 8.76125e-05
505 3.71034e-07
506 0.022103900000000003
507 0.00154378
510 6.96593e-05
511 6.84115e-07
512 1.2751e-08
517 0.0235852
521 3.95749e-06
527 2.30095e-10
529 0.000613445
532 2.57068e-07
533 0.00676134
534 0.00173775
536 3.49076e-11
538 9.42062e-08
539 0.0121573
542 1.09253e-07
546 0.0304803
547 0.000260176
548 6.476649999999999e-07
551 0.33632399999999996
553 1.76558e-10
556 4.1027200000000005e-09
557 0.00761611
558 0.00526818
560 0.0036195999999999997
561 9.91457e-10
562 9.66418e-07
566 2.3028299999999998e-05
567 4.91415e-07
568 1.25389e-08
569 2.45541e-09
570 3.5095100000000003e-07
571 1.52342e-05
572 6.97393e-10
573 7.59164e-05
574 0.00172528
575 5.3702399999999996e-05
576 0.0002182
578 0.00366038
580 9.106910000000001e-08
584 1.09216e-09
585 4.59594e-10
586 0.000439349
587 0.00041163800000000003
593 1.0030200000000001e-09
594 1.38519e-06
595 0.000160596
596 0.000812021
600 0.000614841
602 0.00013892
603 0.00045770800000000003
604 0.00168852
606 1.58209e-05
607 9.78142e-05
611 0.67796
614 4.89041e-14
615 0.0009377989999999999
616 0.518008
617 8.878940000000001e-05
618 0.000686555
621 0.000554795
623 0.00246392
624 4.03559e-08
627 0.00039397
629 2.9241700000000003e-06
630 5.723580000000001e-09
631 0.00501703
634 0.00157211
636 1.5649999999999998e-08
638 5.3852099999999996e-06
639 3.19755e-05
640 9.56952e-15
641 0.0419173
642 0.0024311
643 0.0184139
644 8.17148e-08
646 3.05701e-07
649 3.04807e-06
650 2.6491700000000004e-06
651 0.00237898
652 0.00294337
655 1.92846e-08
658 7.428859999999999e-05
659 6.65646e-06
662 2.2003000000000003e-05
664 0.000442669
665 1.8050899999999998e-13
666 0.00798702
668 1.37761e-08
669 7.702469999999999e-06
670 0.00050453
673 0.00203743
674 7.41564e-05
678 1.19566e-09
679 1.05325e-06
681 0.0136168
683 0.00119963
687 1.1515000000000001e-07
691 0.000298981
692 0.012619
693 0.00023920700000000002
696 6.29805e-06
697 0.0162498
698 4.100019999999999e-06
701 0.00040826699999999997
703 2.5066900000000002e-06
704 0.00260621
706 1.0591799999999998e-06
708 0.00127952
715 2.73161e-06
716 0.6867949999999999
718 0.014830100000000002
719 6.80445e-08
721 1.3501099999999999e-06
722 0.882458
723 0.000123319
724 1.16559e-07
725 0.09225470000000001
727 9.19961e-08
732 1.39491e-06
734 0.000408865
735 1.1851100000000001e-07
736 2.93012e-08
737 0.00933711
741 2.88026e-13
743 0.000591966
744 0.000106131
745 1.51547e-06
747 1.73951e-10
749 1.10329e-07
751 0.280051
757 1.8546900000000002e-08
758 1.1322e-06
759 0.817068
762 3.98036e-05
765 0.00552613
766 0.0007372769999999999
769 0.0248084
773 1.54247e-05
775 8.16643e-09
778 7.88728e-06
779 1.32357e-05
781 0.000211271
783 0.00531628
784 0.00015716299999999999
785 0.00650711
788 3.81895e-10
789 9.220450000000001e-05
790 0.00129965
792 0.000387625
795 9.18624e-06
798 1.87845e-06
801 5.02441e-09
803 1.2989099999999998e-06
807 0.0128392
809 3.00453e-08
811 4.57809e-09
813 1.04465e-06
817 0.00029147
819 3.90855e-06
821 2.03835e-06
824 8.156660000000001e-08
825 1.44317e-12
833 8.345030000000001e-06
835 6.61027e-13
836 0.00011439
837 7.19374e-05
838 1.52214e-12
839 0.00010235100000000001
840 5.354060000000001e-05
841 0.000347072
844 4.5225099999999995e-08
846 5.15485e-06
852 0.000289417
853 0.9714139999999999
856 0.00258145
858 2.20091e-08
861 0.0237562
864 2.64866e-11
866 0.00047373699999999995
869 0.09692680000000001
870 0.00045788400000000004
873 2.09571e-05
875 3.9518e-06
877 0.115059
881 7.72342e-08
883 1.63308e-06
884 0.00087108
886 0.00045011300000000003
890 0.00175985
891 0.00010942
893 5.8113e-06
894 7.89302e-07
897 0.280853
901 0.0132232
905 0.000801681
907 0.0359198
909 0.000572593
910 0.00215411
913 0.309788
914 0.000388229
916 2.18223e-10
922 0.0006032069999999999
924 4.46266e-11
925 0.000151297
927 0.00147368
928 0.000122523
930 9.055260000000001e-09
932 1.50422e-06
933 1.8569099999999998e-06
938 0.000282518
939 0.0603869
940 0.00021232599999999999
941 0.000246099
942 8.69552e-11
944 0.00580667
945 1.06023e-08
952 0.000324173
953 4.55479e-05
955 0.00294569
956 0.00465854
957 0.000150758
959 0.00010522
960 0.00757532
961 5.11748e-05
963 0.8465030000000001
968 2.44536e-08
969 0.000355609
970 8.96736e-06
974 3.31413e-07
975 0.8205690000000001
976 0.00490434
978 0.013287299999999998
979 0.00382743
981 0.00196181
983 0.00240186
984 4.62003e-05
985 3.2369100000000004e-07
986 0.0238286
988 0.00045529800000000003
990 0.000279351
992 0.000802018
994 2.30298e-06
995 7.18295e-05
998 4.29767e-11
1000 0.670829
1003 2.2655e-09
1005 2.267e-07
1006 0.00501458
1007 3.80297e-06
1013 0.00558061
1016 8.062999999999999e-07
1019 1.37174e-10
1020 0.00856324
1021 2.1834e-05
1022 9.83153e-06
1023 0.000119979
1025 2.05917e-06
1026 0.29957
1029 5.053999999999999e-06
1030 7.8562e-09
1031 2.28536e-07
1032 6.03069e-06
1033 0.000239397
1034 7.053739999999999e-05
1035 0.000431157
1037 0.225487
1038 0.00250143
1039 3.78767e-05
1040 0.000813952
1044 0.29436
1046 1.44068e-05
1047 0.000239079
1048 0.0103931
1049 0.000630705
1051 3.0519099999999997e-12
1054 0.889999
1055 0.00551114
1058 0.000143483
1059 0.00109356
1063 0.00255718
1065 0.000944682
1067 0.0005500069999999999
1070 1.2838299999999997e-10
1075 0.155832
1076 0.00203943
1080 4.04348e-06
1081 1.04178e-05
1085 8.73615e-11
1086 0.00377306
1087 0.0043503
1088 0.608097
1089 9.25314e-10
1090 4.48478e-06
1094 1.43912e-06
1095 0.00451606
1096 1.62306e-12
1098 1.2927000000000001e-13
1099 8.9811e-05
1100 0.0224367
1103 0.18243399999999999
1105 0.00010374
1108 0.00539217
1111 0.00035994300000000005
1114 0.029937599999999998
1115 4.49915e-11
1116 3.4276e-05
1117 0.000343211
1118 0.00309906
1120 0.0187345
1122 1.56914e-08
1123 0.229171
1126 8.888690000000001e-13
1128 0.298902
1131 0.647035
1132 0.219514
1133 0.000346581
1134 1.23331e-08
1135 4.3608599999999995e-08
1138 9.20565e-05
1139 1.85312e-08
1141 0.000246174
1146 0.652523
1150 0.0176746
1153 9.01123e-06
1155 0.000210323
1157 1.4495099999999999e-09
1159 0.00349724
1162 0.00129824
1163 0.00017749900000000002
1165 0.0193953
1167 0.00394131
1169 8.01805e-05
1173 0.000457964
1177 9.45971e-05
1178 4.66083e-09
1179 1.31868e-05
1180 0.00365341
1181 1.46411e-14
1183 0.00570781
1188 3.8492899999999997e-07
1189 4.784620000000001e-07
1190 0.016988099999999996
1193 3.06604e-08
1195 0.788513
1196 1.1119000000000002e-07
1197 6.010729999999999e-05
1198 8.89811e-11
1202 0.100621
1208 0.014610900000000001
1210 0.00260326
1213 4.3273500000000005e-05
1216 0.082095
1217 0.330332
1218 1.1088599999999998e-09
1219 6.76484e-05
1220 0.13425499999999999
1222 6.46395e-05
1223 1.76837e-09
1227 3.03623e-05
1228 0.0025776999999999996
1232 0.369848
1235 3.82194e-05
1238 8.97016e-10
1242 0.000764971
1243 0.00477235
1244 0.000541051
1245 0.00662756
1246 0.00511031
1249 5.97401e-05
1251 0.00178105
1252 4.96669e-08
1253 0.0007512389999999999
1255 0.000487723
1256 0.0007856110000000001
1257 0.8957860000000001
1261 0.000195109
1262 1.04915e-15
1264 1.05415e-10
1267 2.73001e-07
1271 0.11458199999999999
1275 3.1905e-05
1276 0.000114794
1278 1.17792e-09
1280 1.1182600000000001e-07
1282 0.00880183
1283 7.526669999999999e-06
1285 1.2932100000000001e-05
1291 5.08164e-06
1295 3.1431500000000003e-09
1296 1.05931e-09
1297 0.000474025
1300 0.00306138
1301 1.34849e-07
1302 5.94653e-06
1303 7.35368e-05
1305 0.000614793
1306 0.0015696
1307 2.64345e-05
1308 1.4783699999999999e-05
1313 0.442283
1317 0.138997
1318 1.28595e-06
1319 0.00396321
1320 0.000246464
1321 7.36411e-08
1322 0.8998459999999999
1328 0.639333
1329 0.000121662
1331 9.72958e-09
1335 1.37055e-07
1336 1.12541e-11
1338 4.4279499999999995e-05
1339 0.505588
1340 0.00117687
1342 0.0706212
1344 0.00700703
1347 0.00110241
1349 0.00183137
1351 0.00382946
1353 0.762299
1354 0.00237711
1355 2.20813e-05
1356 3.0252199999999996e-09
1357 2.0305299999999999e-07
1358 0.000766486
1359 3.52796e-08
1363 5.55888e-05
1366 0.00727077
1367 2.8986700000000003e-06
1368 0.00017711599999999998
1369 6.89295e-12
1370 1.7549200000000002e-09
1372 0.000603429
1373 3.06991e-07
1374 3.86332e-05
1376 0.00020541599999999999
1377 2.50808e-05
1379 2.89444e-06
1380 0.000128133
1381 2.2361900000000003e-09
1382 0.000696153
1389 0.000741565
1391 3.52537e-05
1392 3.29847e-07
1394 6.223259999999999e-07
1396 0.0014301
1398 0.0423658
1399 5.57109e-05
1401 5.0114e-06
1403 1.53063e-05
1407 0.000171437
1410 0.0008234210000000001
1411 0.00010999799999999999
1412 0.000272851
1415 8.64977e-06
1416 0.300518
1417 0.00023747900000000002
1419 0.0720326
1422 5.87987e-07
1423 0.00175406
1424 2.8806100000000002e-05
1425 0.00046640099999999997
1428 0.0363697
1429 0.00045343699999999995
1431 4.78631e-06
1433 8.822639999999999e-05
1435 2.96798e-06
1437 7.293129999999999e-07
1438 0.000219683
1440 6.055459999999999e-10
1446 6.41843e-07
1447 6.85512e-10
1448 0.00185293
1449 1.14169e-07
1452 0.00449871
1454 0.0202903
1456 0.00875219
1458 0.000198355
1459 0.000259965
1461 0.00238902
1462 2.82224e-05
1469 0.00252885
1471 0.0619563
1473 0.00187699
1474 8.227620000000001e-05
1476 4.6307e-07
1477 0.00207824
1478 0.00019581099999999997
1482 0.00410631
1487 0.000539949
1489 5.3314599999999994e-06
1491 9.84938e-08
1495 0.0324062
1496 5.72096e-14
1500 2.18213e-05
1502 8.21794e-11
1503 3.1124e-08
1505 6.0666000000000005e-05
1506 0.000214033
1507 0.80955
1508 0.019837
1511 5.2923199999999994e-12
1513 0.00019318299999999998
1516 1.6305e-13
1518 1.72723e-05
1519 0.000183912
1520 7.6921e-05
1525 3.79726e-07
1527 0.0004951469999999999
1530 0.00498365
1533 0.00131416
1534 0.00110392
1535 0.00020307599999999998
1538 5.27771e-07
1540 2.50973e-05
1542 0.00036684900000000004
1546 3.7135400000000004e-06
1547 5.96362e-13
1549 0.33000100000000004
1550 8.02102e-10
1551 3.79973e-06
1552 6.0550500000000005e-09
1558 0.000743057
1560 1.13202e-09
1562 0.912493
1564 0.0010113
1566 0.00082215
1567 3.7307399999999995e-09
1568 0.00014427100000000002
1569 0.000188414
1570 0.000506747
1572 3.4975099999999997e-12
1573 1.3439000000000001e-05
1574 0.07007139999999999
1575 0.000395218
1578 1.6755400000000002e-08
1581 0.00388246
1583 0.0113221
1584 0.0682144
1585 0.000301482
1587 1.41458e-07
1589 0.0920067
1591 2.44115e-07
1592 0.0761745
1596 0.029353700000000003
1599 0.000101944
1600 0.000938487
1601 0.923643
1602 9.86611e-08
1605 0.0020662
1606 6.928379999999999e-07
1609 3.77341e-07
1613 8.563750000000001e-10
1615 1.23757e-06
1616 2.32498e-07
1619 3.13792e-07
1620 4.92263e-10
1621 8.09824e-09
1623 3.9922699999999997e-08
1624 0.00363233
1625 0.00387412
1626 5.27188e-12
1629 0.0007894489999999999
1631 2.508e-06
1634 2.3897800000000004e-05
1635 0.0197726
1637 0.00490867
1639 0.7567159999999999
1641 0.00212417
1644 7.61671e-05
1645 0.00958455
1646 0.00102334
1648 4.8721e-05
1652 6.870779999999999e-05
1655 0.914683
1656 0.037189
1657 0.000101761
1658 2.1417200000000002e-07
1659 6.6247e-07
1660 5.42193e-11
1663 4.86156e-06
1664 0.08498700000000001
1665 2.67772e-08
1666 0.0006753289999999999
1667 0.07387010000000001
1668 0.00177701
1670 2.56121e-10
1671 0.00874947
1672 8.90295e-11
1674 1.30944e-06
1679 1.58018e-07
1681 5.163060000000001e-05
1687 0.00026428
1692 0.0022488000000000005
1694 1.41347e-10
1695 1.63252e-05
1696 0.000809009
1697 0.00304165
1698 1.18776e-05
1700 1.0838e-06
1701 5.85019e-07
1702 8.08337e-08
1703 0.020144400000000003
1704 2.56892e-05
1705 0.00017554299999999998
1706 0.000870306
1709 5.2112e-07
1710 0.000994761
1712 0.000751362
1715 0.0045979
1716 0.041611300000000004
1719 0.0329423
1720 0.00020787599999999999
1722 0.0119446
1728 0.00089235
1731 0.00186238
1735 0.000403639
1736 1.09885e-05
1737 1.07869e-11
1740 2.2339300000000002e-07
1742 2.6667300000000002e-06
1743 0.000727813
1744 5.56245e-08
1745 0.000964621
1748 1.2060799999999999e-06
1751 0.00542751
1753 0.000479419
1757 0.00019246400000000002
1760 0.00263872
1762 2.86815e-05
1763 0.00613942
1764 0.000186201
1767 0.160223
1769 5.66823e-05
1770 1.15443e-05
1773 2.9867600000000002e-05
1774 0.00687697
1776 0.000154421
1779 0.000549724
1781 0.00309948
1783 0.000764705
1786 0.000209017
1788 1.7555999999999999e-10
1790 2.3924200000000003e-09
1791 5.27035e-05
1792 0.022055900000000003
1794 6.0142899999999996e-05
1796 8.03284e-08
1798 6.6997399999999995e-12
1802 0.0026969
1803 1.48782e-07
1804 8.452179999999999e-07
1805 0.000573976
1808 1.8238600000000003e-07
1811 3.11775e-05
1812 6.41914e-05
1813 0.00125102
1814 1.222e-05
1815 1.34857e-07
1817 1.58483e-06
1819 4.4666800000000004e-05
1820 4.14702e-07
1822 6.83159e-07
1823 0.000206038
1824 0.000856848
1826 0.00371412
1829 1.8725200000000001e-07
1831 6.34109e-05
1835 0.000401925
1838 2.05924e-11
1839 0.0254967
1844 2.36939e-13
1846 0.00059824
1848 1.7970000000000001e-12
1850 0.00398612
1851 0.171787
1852 0.0744366
1856 0.000394675
1857 3.53479e-05
1859 1.7562099999999998e-12
1863 4.4181300000000007e-08
1865 0.05670940000000001
1866 0.455074
1867 1.1539099999999999e-07
1868 0.000150381
1869 8.22097e-09
1871 2.54576e-07
1873 4.45415e-08
1874 1.45585e-06
1876 1.03554e-10
1879 0.00579671
1880 2.8696499999999997e-06
1883 5.70144e-06
1884 0.0007262719999999999
1885 0.000169458
1886 3.60861e-05
1889 1.2642e-08
1890 5.7343499999999996e-06
1891 1.65019e-07
1893 0.000758553
1895 0.000849665
1897 1.0582299999999999e-10
1900 0.000809102
1905 9.91758e-05
1908 2.16827e-08
1909 1.6873599999999998e-08
1910 7.16734e-05
1912 1.7935000000000002e-16
1913 7.05221e-07
1914 0.028719400000000003
1916 2.4613299999999997e-07
1917 0.00103107
1919 1.40977e-09
1921 0.00792468
1923 5.253999999999999e-08
1924 6.3209e-08
1925 1.5631e-08
1926 0.00945517
1929 1.90899e-15
1935 4.33878e-08
1939 0.015584200000000001
1942 8.71675e-07
1943 0.00304498
1946 0.000767835
1947 0.000192589
1949 3.4027499999999997e-06
1951 3.149e-06
1953 2.40212e-07
1955 1.69465e-05
1956 7.47343e-05
1957 9.38139e-05
1959 9.60965e-12
1961 6.43024e-05
1965 2.19219e-05
1966 0.322254
1967 4.7479000000000005e-11
1968 0.0005796330000000001
1969 0.00233895
1973 0.0155881
1974 0.0123573
1975 0.000287916
1979 0.00124355
1983 8.03363e-10
1984 0.140023
1986 0.00617842
1987 6.14684e-06
1988 1.64179e-08
1990 7.93643e-05
1991 1.63474e-11
1992 0.0516889
1993 0.00262629
1994 6.8940699999999995e-09
1996 5.01097e-07
1997 7.012300000000001e-17
1998 1.6171199999999999e-09
2003 0.000104239
2005 0.00341727
2007 2.28888e-11
2008 4.73955e-10
2009 1.75243e-07
2010 0.00734641
2013 0.00151762
2014 2.6122800000000003e-06
2016 0.00422739
2017 0.00029486599999999996
2018 7.58088e-05
2026 0.000185112
2028 0.0025507
2029 1.6950599999999996e-06
2031 0.000384338
2032 2.85918e-05
2033 0.0144375
2035 1.1380899999999999e-06
2038 0.001714
2040 1.09034e-07
2041 1.02854e-05
2044 4.741430000000001e-09
2046 0.00504738
2048 1.46434e-07
2050 0.0016382000000000002
2052 7.24993e-06
2053 2.34159e-08
2057 3.77608e-05
2059 1.32535e-05
2060 0.00149734
2062 2.81372e-05
2065 0.000368709
2066 6.57341e-07
2071 0.00651679
2072 0.00523012
2073 0.000177671
2074 0.000176765
2075 4.08838e-05
2076 0.35018499999999997
2077 0.0045692
2078 3.9004900000000006e-14
2079 0.00041438
2080 1.2616400000000002e-07
2081 3.1276999999999996e-07
2084 1.16044e-05
2085 0.000167037
2087 0.0010454000000000001
2089 2.4714099999999997e-13
2092 0.00433721
2093 1.19328e-06
2097 0.00635757
2100 0.000472511
2103 2.3037000000000003e-10
2105 1.7131599999999997e-10
2106 3.0273e-09
2107 0.055917999999999995
2110 0.0006551780000000001
2111 0.00647648
2113 3.3056e-08
2115 0.00236151
2118 1.6588099999999998e-05
2119 0.000261791
2121 0.00475349
2122 0.010204799999999998
2123 0.000192125
2127 3.6461199999999996e-05
2128 7.54191e-08
2130 6.77237e-09
2131 0.734158
2133 0.000266956
2137 0.0408334
2138 0.8446739999999999
2141 0.05396889999999999
2143 7.04176e-11
2144 0.012879900000000001
2147 1.92233e-06
2148 4.27987e-14
2149 5.1861800000000005e-05
2150 2.0398499999999998e-05
2154 8.153249999999999e-08
2157 9.105020000000001e-07
2159 0.00135313
2160 0.7159399999999999
2161 0.00020884599999999997
2162 0.062309
2164 0.00018241
2167 0.00102868
2168 2.45362e-08
2173 0.26605100000000004
2175 1.42937e-07
2177 1.7506700000000003e-08
2185 7.977489999999999e-08
2188 1.26113e-06
2189 0.00063474
2195 0.00206759
2198 0.0008318039999999999
2200 0.48860299999999995
2203 0.195001
2204 0.00287126
2205 0.000383589
2206 7.25994e-13
2207 0.331443
2210 4.50991e-06
2211 0.00256245
2216 2.5339400000000003e-06
2217 3.26452e-11
2222 0.000507768
2223 4.74615e-07
2225 5.15341e-05
2227 3.54884e-11
2229 3.5093199999999996e-10
2230 0.00169628
2231 0.00100256
2232 0.00010130700000000001
2235 0.0005363459999999999
2236 1.2546299999999998e-08
2239 1.4482e-06
2240 1.1945999999999999e-05
2242 2.50905e-10
2243 0.0194215
2245 4.29773e-07
2246 3.1508400000000005e-05
2250 0.00375498
2252 0.000528095
2254 0.09351489999999998
2258 5.51149e-07
2262 0.0196451
2264 0.00591579
2269 0.14171199999999998
2271 7.70728e-11
2274 1.40542e-05
2275 1.3947100000000001e-08
2282 0.000238348
2283 0.01652
2286 0.7758520000000001
2289 3.46694e-06
2292 4.41944e-08
2294 1.0568299999999999e-08
2295 0.0059903
2296 0.000209765
2297 0.0008234999999999999
2298 0.0011815
2299 0.0426355
2301 1.33625e-05
2303 0.00352628
2304 2.05585e-06
2309 2.03447e-12
2312 0.000166787
2313 0.16243
2314 0.030132799999999998
2316 0.000331994
2317 8.48275e-05
2319 2.4910000000000003e-07
2322 0.000276287
2325 0.000694018
2326 0.00485819
2327 0.9683
2331 0.00882868
2336 2.39201e-07
2338 0.000632882
2339 3.54195e-08
2341 0.0213238
2344 0.000878161
2346 3.5777699999999995e-08
2349 1.9653700000000002e-08
2351 4.6867e-10
2353 4.3010200000000004e-05
2356 2.91911e-06
2357 0.00037200199999999997
2358 0.000180079
2360 0.000131403
2363 0.00881714
2365 0.00453069
2370 5.997200000000001e-10
2379 2.63918e-11
2380 1.1008199999999999e-05
2381 1.85372e-06
2383 6.31534e-10
2386 1.41953e-05
2388 0.0411936
2389 6.11101e-07
2390 4.9808699999999996e-05
2394 0.000564205
2395 2.51349e-05
2396 0.43527
2397 1.44302e-05
2398 0.000285679
2399 0.00107055
2400 2.48238e-08
2402 2.81466e-08
2406 1.06075e-06
2408 0.0518336
2409 0.00220164
2412 4.14789e-06
2414 0.00511435
2416 5.44895e-06
2418 1.11475e-05
2421 0.000660105
2422 4.20569e-10
2424 5.279269999999999e-08
2426 3.69132e-08
2428 0.00284444
2429 0.00135265
2430 1.2112700000000002e-06
2431 0.0060067
2432 5.39947e-05
2434 9.021280000000001e-05
2438 0.00317729
2440 1.72982e-11
2446 4.4187699999999995e-08
2447 0.456848
2449 0.00421928
2451 0.00010182
2453 0.010592299999999999
2455 0.000319564
2457 0.000173704
2463 0.00127517
2464 0.313257
2467 7.868899999999999e-11
2469 0.000750852
2473 1.15307e-10
2474 1.4350500000000001e-07
2475 1.24337e-07
2482 2.18097e-06
2484 0.000130566
2485 0.699922
2486 4.53143e-07
2487 3.99649e-07
2488 1.38862e-09
2489 0.0010094
2495 7.17613e-06
2498 0.00146336
2499 0.000480132
2503 0.000213202
2506 1.39194e-07
2507 1.7642600000000002e-07
2509 0.00459427
2510 1.28514e-06
2511 0.000960622
2515 2.0063500000000002e-07
2516 0.000532088
2517 4.19631e-09
2521 4.95419e-10
2522 3.2311099999999997e-06
2526 3.214e-07
2527 1.31811e-13
2528 0.00483176
2530 2.3459e-11
2531 2.6888000000000003e-11
2532 3.74057e-11
2535 0.737152
2536 2.41833e-06
2538 0.00152904
2541 0.305704
2543 5.88216e-05
2548 3.3443300000000003e-06
2550 0.00848677
2551 0.0006626710000000001
2552 0.00694976
2553 0.0110326
2556 8.37254e-05
2557 1.29582e-10
2560 5.650399999999999e-05
2562 0.0004997269999999999
2568 2.7329200000000005e-09
2570 0.0253425
2573 0.0347011
2574 0.47091400000000005
2575 0.000507385
2576 0.00117583
2577 2.61491e-11
2580 1.20083e-05
2581 8.23285e-06
2582 0.000391742
2583 0.000165731
2587 0.5125430000000001
2588 0.00129455
2591 0.00140297
2592 2.0986199999999998e-08
2596 0.033466199999999995
2597 0.19458499999999998
2601 1.347e-07
2602 8.24849e-05
2604 0.00046017599999999997
2607 1.9085e-05
2608 0.000548388
2610 0.000316323
2612 1.71139e-08
2614 0.000561331
2616 0.000546219
2617 0.000249204
2619 1.9577900000000003e-08
2620 0.0152298
2622 0.00282544
2623 0.00023621599999999998
2624 0.000434204
2626 0.000249556
2628 0.000331846
2629 6.48212e-05
2630 5.38243e-08
2631 0.000289277
2638 5.66788e-06
2639 0.00528665
2640 2.4775599999999998e-12
2642 1.12935e-05
2644 0.000152689
2650 0.000183545
2651 0.00358765
2652 0.14140999999999998
2654 0.000538402
2655 0.00289682
2656 0.000122978
2660 0.00206506
2661 2.54508e-12
2663 0.575667
2665 0.00032005900000000003
2671 0.00185053
2672 0.00198669
2673 0.000473978
2674 1.3173400000000001e-06
2676 0.12091600000000001
2679 0.0004974080000000001
2681 3.42455e-07
2685 0.0206659
2686 0.000791815
2687 0.038700099999999994
2688 2.6429099999999997e-07
2692 0.000507453
2694 0.00016660900000000002
2698 1.84246e-12
2700 0.00140141
2701 0.000943466
2703 0.00295028
2705 0.00217479
2707 0.00010017799999999999
2708 0.405632
2711 3.5705699999999998e-06
2712 1.2583900000000002e-05
2716 5.62603e-07
2719 0.000614598
2720 0.35896100000000003
2724 2.30246e-05
2725 0.846046
2726 0.00407368
2728 0.00831791
2729 4.5311900000000004e-08
2731 1.9796299999999998e-07
2733 2.4546099999999996e-10
2736 2.24847e-06
2739 0.00044596699999999997
2740 6.76033e-07
2742 1.1180300000000001e-07
2743 6.989910000000001e-06
2746 0.00037662599999999997
2748 1.6768400000000002e-06
2750 0.019079699999999998
2752 3.4962199999999995e-05
2753 0.00227355
2754 3.02793e-07
2756 9.596930000000001e-05
2758 2.99673e-07
2761 0.00164905
2764 1.89568e-08
2768 0.00454204
2769 0.00435266
2770 0.013464400000000001
2771 1.15631e-08
2773 0.00111449
2777 4.07574e-06
2780 0.00561768
2781 0.011876600000000001
2787 0.0973115
2788 0.000634514
2789 0.00246116
2790 0.0070637
2792 6.18317e-05
2793 2.7685000000000003e-06
2797 4.5807400000000003e-07
2799 2.46619e-07
2802 0.0274536
2805 0.546728
2806 2.50904e-08
2808 3.84654e-06
2809 0.000514726
2811 8.10818e-07
2813 0.00043005699999999997
2814 4.4870600000000005e-07
2818 0.045894300000000006
2819 0.0024098
2821 0.0544562
2822 8.380230000000001e-07
2823 5.573340000000001e-06
2824 0.00038671800000000003
2825 4.13499e-11
2828 0.0007989589999999999
2829 1.4995499999999999e-05
2830 1.25235e-10
2831 0.941809
2832 2.39875e-05
2837 0.046846
2839 7.00828e-12
2840 4.76263e-07
2843 1.30956e-06
2846 0.00208935
2849 0.5975020000000001
2850 1.98382e-05
2851 6.25501e-05
2852 0.40319
2853 0.46051400000000003
2856 1.0747e-07
2857 2.27444e-06
2860 2.81242e-05
2861 4.97218e-06
2862 4.04091e-05
2863 0.0015365
2865 2.4553599999999996e-06
2871 3.8406300000000004e-07
2872 0.00205973
2874 8.48926e-05
2876 0.7883399999999999
2877 0.00155776
2878 0.00019161599999999998
2882 0.000113315
2883 0.0209077
2885 9.871020000000001e-05
2887 0.00013095200000000002
2888 6.31871e-05
2890 1.24976e-09
2892 8.068380000000002e-10
2894 0.00367994
2895 0.000257256
2897 2.0849e-05
2898 4.40523e-07
2900 1.77849e-05
2902 0.00010832
2903 0.023431900000000002
2904 1.6203299999999998e-05
2905 0.00176958
2907 0.00037363800000000003
2908 1.23329e-09
2909 0.000189202
2911 0.0245466
2918 0.000811455
2920 4.43477e-06
2921 0.000288625
2922 5.3331e-06
2923 0.89259
2925 0.00712785
2926 0.023203099999999997
2927 1.00814e-07
2928 0.0009944139999999999
2929 1.83838e-06
2930 1.33479e-05
2936 5.76078e-09
2945 0.000941065
2948 1.15098e-06
2949 3.32034e-07
2950 6.96421e-05
2951 0.000100876
2955 2.94956e-07
2959 0.051037599999999995
2961 9.774410000000001e-08
2964 0.0744442
2968 7.7669e-09
2970 2.0558099999999997e-08
2971 6.703279999999999e-05
2972 0.0009333739999999999
2973 0.8985569999999999
2974 0.000313565
2979 1.79379e-05
2980 7.652350000000001e-05
2981 0.0394416
2982 0.00291818
2983 6.22993e-05
2985 2.50461e-05
2991 0.00470255
2993 6.42778e-06
2996 5.487809999999999e-06
2997 9.00525e-06
2998 2.2956199999999998e-17
2999 6.84716e-11
3001 3.73552e-07
3006 6.08545e-11
3010 8.630520000000001e-05
3012 0.010660600000000001
3014 2.0712e-06
3016 2.72027e-06
3018 0.000945148
3019 0.0011027
3020 0.00148969
3022 0.0183386
3025 0.00374006
3026 0.0149566
3029 0.000181242
3030 0.381364
3033 2.6739799999999997e-07
3035 0.00299794
3036 0.00300822
3037 0.00101968
3040 0.127973
3041 0.011718799999999998
3043 4.84339e-06
3046 3.1041200000000003e-10
3048 5.8582299999999996e-05
3049 0.00567467
3050 0.000192628
3052 0.000703853
3055 0.000117908
3059 5.833550000000001e-09
3060 1.64602e-12
3062 9.62751e-09
3067 7.23245e-07
3068 3.4577e-05
3069 0.000714398
3070 8.61077e-05
3071 1.94673e-06
3073 2.34534e-06
3075 0.000403152
3076 2.08697e-07
3079 0.0081198
3080 2.80206e-09
3081 0.00012669799999999999
3084 0.00230222
3087 0.0008323489999999999
3091 0.00190397
3095 0.15898199999999998
3096 0.0400611
3097 1.86893e-08
3099 3.51001e-05
3101 8.635309999999999e-09
3104 0.00178599
3109 5.0557e-08
3111 3.39779e-06
3113 7.030689999999999e-08
3114 0.044296300000000004
3115 2.75733e-05
3119 3.33478e-09
3123 0.000573077
3125 4.9270599999999995e-06
3128 0.00016721900000000003
3130 1.4568000000000002e-14
3131 0.00293131
3132 0.015332499999999999
3136 0.000171139
3139 0.00024838
3141 2.2209499999999998e-05
3143 3.8658799999999997e-07
3144 0.000104585
3148 0.0357331
3151 3.3760400000000006e-06
3152 0.057667899999999994
3153 2.09971e-05
3156 0.0006260619999999999
3158 0.000742615
3160 8.13037e-05
3166 0.000621934
3167 0.000202959
3168 5.85287e-05
3171 0.8968729999999999
3172 0.013382499999999999
3173 0.00453056
3174 0.569738
3179 0.0008420560000000001
3180 0.466429
3182 0.012093600000000001
3187 0.033819300000000004
3190 0.00011293100000000001
3191 0.000108249
3192 1.78277e-05
3193 0.0475204
3196 0.000135776
3197 0.0008009689999999999
3198 0.0244531
3201 0.00533635
3203 2.20185e-10
3206 9.69776e-05
3208 3.34653e-05
3209 9.411210000000001e-06
3212 0.00358752
3215 0.0222101
3217 3.93764e-08
3220 3.5439999999999998e-09
3221 0.00574958
3222 0.00454878
3224 0.029488900000000002
3225 0.0670167
3226 0.00838006
3227 2.64637e-08
3230 1.29246e-05
3232 0.00703928
3234 0.0118601
3235 0.00135447
3237 0.0286837
3238 2.26211e-08
3241 0.0140369
3245 0.04160730000000001
3246 0.649123
3248 3.60577e-06
3249 2.10754e-10
3251 3.7587199999999993e-10
3252 0.000515066
3257 4.36907e-07
3263 0.07050989999999999
3264 0.365753
3265 7.32198e-08
3266 0.8404860000000001
3267 7.87263e-09
3268 6.366839999999999e-08
3275 0.000518165
3276 7.430740000000001e-07
3277 0.000121655
3278 0.000113446
3281 1.20531e-06
3283 0.793733
3286 1.48888e-11
3287 2.29773e-06
3288 0.0389956
3289 0.00016052299999999998
3291 1.20843e-06
3295 4.11654e-05
3297 1.1383800000000001e-05
3298 0.00016536
3302 2.28713e-10
3304 0.00105621
3305 1.28372e-05
3306 1.22002e-10
3309 7.63222e-06
3310 0.948082
3312 3.18452e-11
3314 0.00017715099999999998
3315 4.90375e-06
3317 0.00029568
3318 0.0008808269999999999
3319 0.28620500000000004
3321 2.83623e-08
3322 0.00010377
3323 0.00101876
3324 2.75041e-05
3326 0.9517559999999999
3328 0.00016214700000000002
3329 0.00250676
3332 0.588769
3333 3.56049e-08
3334 4.56633e-05
3340 0.0008700989999999999
3341 0.00570559
3342 1.9527900000000003e-06
3345 4.5327e-05
3346 0.000129524
3347 0.000112836
3348 3.02237e-07
3352 0.171818
3353 1.3411700000000002e-10
3357 7.48873e-12
3358 1.5385499999999999e-06
3361 0.00709942
3364 1.3925499999999999e-07
3366 0.000531874
3368 0.000131871
3371 0.0425872
3372 2.02156e-08
3375 2.42411e-07
3378 0.00202584
3381 1.85681e-08
3383 0.0121765
3384 0.0400034
3385 0.000169285
3387 6.641110000000001e-10
3388 1.65763e-06
3389 4.88628e-06
3393 1.9434099999999997e-06
3394 0.00014063299999999998
3399 2.93596e-07
3400 2.2434699999999998e-13
3402 0.00436951
3405 4.5452899999999997e-10
3409 1.55213e-06
3411 0.664602
3414 3.94848e-07
3418 0.006244899999999999
3423 0.00418749
3426 0.000784035
3427 0.012054700000000002
3428 2.92102e-07
3431 0.00194605
3432 0.0456175
3434 0.00111943
3437 2.9386e-05
3438 1.0671700000000002e-05
3440 0.937314
3442 0.000713695
3445 1.5461700000000001e-06
3446 2.70531e-05
3447 0.00200023
3448 2.6509099999999997e-12
3454 0.00059508
3456 1.2284800000000002e-07
3457 8.08801e-07
3459 0.000149927
3460 3.67598e-07
3463 0.0032539
3467 9.46686e-11
3471 0.045799900000000004
3472 0.020097099999999996
3473 0.038872000000000004
3474 2.33533e-12
3475 9.92791e-05
3476 0.00304197
3478 0.000712355
3479 0.022213999999999998
3480 0.000291186
3481 1.9235e-05
3482 0.00190302
3483 0.00287394
3485 0.00241917
3486 3.56512e-05
3488 4.4055600000000006e-05
3490 0.10346400000000001
3494 1.27337e-07
3495 2.2819e-05
3498 0.000448371
3501 6.89448e-05
3502 3.8671700000000003e-07
3503 2.00434e-08
3504 5.24712e-05
3505 2.7781100000000004e-09
3507 8.41079e-07
3512 5.165459999999999e-08
3513 5.49505e-07
3514 2.45963e-07
3515 3.56936e-05
3517 7.35804e-06
3520 0.000109029
3523 6.72667e-08
3526 0.013987999999999999
3527 0.000986709
3531 0.000201437
3532 0.000114743
3533 0.0108444
3534 2.96421e-12
3535 3.72591e-06
3538 4.40932e-07
3540 0.00883881
3541 0.00386263
3542 1.93066e-07
3543 0.00066582
3544 0.00190166
3545 1.10293e-08
3547 5.47472e-08
3552 2.04162e-06
3553 3.60298e-08
3557 0.0375045
3558 0.00011784600000000001
3559 0.000384748
3560 2.22301e-09
3561 0.000152439
3562 0.125222
3563 1.5132999999999999e-05
3568 2.0180000000000003e-08
3569 0.000228124
3570 3.5489099999999995e-06
3571 0.000146348
3572 4.20265e-20
3573 0.00221343
3574 2.24758e-12
3578 1.09389e-08
3579 0.00503907
3581 0.0024776
3582 0.000409898
3583 0.00920406
3584 0.00163998
3590 0.000302311
3591 0.00013883
3592 0.0995776
3595 0.0518506
3598 0.017106299999999998
3600 0.00293786
3601 4.53245e-13
3602 0.000228528
3607 5.65315e-07
3610 8.70737e-06
3612 0.0246367
3613 0.00329618
3615 1.02145e-06
3616 3.53412e-05
3617 0.000138129
3619 0.00136345
3624 6.547080000000001e-06
3626 6.36396e-08
3630 6.08548e-08
3631 0.000117908
3633 0.007229000000000001
3637 2.19103e-06
3641 0.000146451
3643 0.00048128900000000003
3647 2.2622799999999999e-10
3649 0.000450231
3650 0.0006242940000000001
3652 0.00099186
3653 0.00719333
3659 0.000209491
3661 6.61196e-05
3665 0.00037476800000000004
3666 3.62407e-08
3668 2.78185e-06
3670 4.2128400000000005e-12
3672 0.5834739999999999
3676 0.00463369
3677 4.34114e-06
3680 0.00226375
3682 1.57952e-11
3683 5.43042e-08
3686 7.393869999999999e-07
3687 2.9760100000000003e-05
3689 6.53917e-11
3692 0.000135539
3693 0.05158530000000001
3697 0.0002891
3701 2.34688e-05
3702 6.769729999999999e-05
3707 0.00818492
3710 1.2297e-07
3712 0.233381
3715 1.34828e-07
3716 0.00368684
3718 8.771210000000001e-07
3719 3.5619100000000004e-07
3720 0.010795200000000001
3723 0.00025314900000000004
3724 3.62349e-06
3725 4.7664700000000005e-05
3726 1.95545e-09
3728 0.321397
3730 1.5534700000000002e-09
3731 0.000236287
3733 4.08476e-08
3734 0.030096800000000003
3736 0.0132803
3737 0.476758
3738 0.00120285
3739 0.493418
3741 5.57492e-05
3742 0.00599804
3744 0.000204765
3745 0.00378762
3746 4.45683e-11
3747 0.00158157
3755 0.000150037
3756 0.000238026
3757 3.6768699999999995e-06
3761 4.44188e-06
3762 0.00529486
3764 5.13076e-05
3765 0.00611341
3766 1.06556e-12
3768 1.26807e-06
3769 7.167799999999999e-10
3770 2.2331999999999996e-07
3771 0.00169888
3775 0.00734434
3776 8.85405e-07
3777 5.5679e-09
3778 0.00348254
3782 7.392739999999999e-06
3785 0.9492120000000001
3787 4.40259e-10
3789 0.08518060000000001
3794 0.299075
3795 1.7170600000000002e-07
3799 0.000234613
3800 2.0371900000000003e-06
3801 5.52185e-08
3802 7.62521e-07
3804 3.21716e-06
3805 0.155396
3810 4.16442e-07
3812 1.1499000000000001e-05
3813 4.27746e-09
3815 1.64655e-06
3816 1.82116e-09
3819 0.41292700000000004
3822 9.48095e-11
3823 5.385650000000001e-06
3825 0.000106116
3829 2.33841e-09
3831 0.000593346
3832 0.0798064
3833 1.3832e-09
3836 0.00016775
3839 0.00034583
3840 0.00118039
3841 8.657229999999999e-05
3842 3.3306800000000005e-10
3843 1.2583700000000001e-06
3850 0.00038273800000000003
3851 0.000751363
3852 0.0643934
3853 0.000553604
3854 0.163629
3858 0.00543675
3862 0.000367804
3864 5.755119999999999e-10
3867 0.00457783
3870 0.000328536
3873 3.3493300000000003e-10
3875 8.995860000000001e-05
3878 0.000451454
3880 1.73928e-05
3881 5.34254e-05
3882 0.00180356
3883 1.97273e-10
3884 5.6922799999999996e-05
3888 0.14609
3892 2.2366499999999998e-07
3893 5.4626099999999994e-08
3894 2.36599e-06
3896 0.00346146
3897 0.0121506
3900 2.29456e-05
3901 0.000499032
3902 4.965609999999999e-06
3903 0.000506162
3904 0.00665583
3906 2.7740200000000003e-08
3908 1.33731e-08
3909 1.13921e-06
3910 0.0155709
3914 0.00024824900000000003
3916 2.9358999999999997e-06
3917 2.1191200000000002e-08
3920 0.28629299999999996
3922 0.000721463
3925 1.33906e-06
3927 0.00282559
3928 1.1400299999999999e-07
3929 0.00163695
3930 1.2206799999999999e-06
3931 3.59936e-05
3933 0.9305459999999999
3934 1.4058899999999999e-06
3938 2.20852e-05
3940 2.49192e-06
3942 0.00231506
3943 0.00010432
3944 0.0395796
3950 0.000218642
3951 0.00823786
3952 4.11585e-05
3955 0.163512
3958 0.00762472
3959 0.00167628
3962 4.2855e-06
3964 0.9514600000000001
3967 5.37557e-06
3968 0.00211604
3972 0.000288488
3975 0.000571488
3976 4.95598e-11
3977 0.918832
3978 0.00509909
3980 0.856208
3981 1.2165e-05
3982 0.00166332
3985 1.88937e-09
3989 4.36984e-06
3995 0.0129768
3999 2.8387300000000002e-05
4000 0.00146183
4001 5.2549400000000005e-06
4002 0.5189239999999999
4004 0.0074435000000000005
4006 0.0028542
4007 4.76778e-05
4018 2.62284e-06
4021 0.9539540000000001
4022 0.025383900000000004
4024 1.0676e-06
4026 8.699710000000001e-08
4027 2.69181e-07
4029 0.032510700000000003
4030 4.39117e-08
4032 6.81134e-07
4036 1.48717e-11
4038 3.36462e-06
4040 4.23887e-06
4041 0.0225503
4042 0.000311925
4043 1.8321e-05
4044 0.08606860000000001
4045 1.9055e-05
4048 8.51534e-06
4049 0.000387084
4050 3.47795e-11
4053 0.000253753
4054 0.00137728
4055 1.19638e-06
4056 1.01193e-05
4059 4.7737e-08
4061 0.010798700000000001
4062 0.768629
4063 8.11865e-05
4064 2.02321e-05
4065 2.07727e-05
4068 0.00156795
4070 4.98837e-12
4071 1.1065999999999999e-07
4072 0.0795292
4074 0.00640251
4078 7.71509e-06
4079 0.607527
4080 3.7957999999999996e-07
4081 1.93386e-06
4083 6.62787e-13
4084 0.0122898
4086 0.2124
4088 7.43919e-06
4090 0.0206164
4094 2.33921e-08
4096 0.00037552699999999996
4097 1.6157e-08
4098 0.000112379
4099 2.01397e-06
4101 6.88175e-05
4103 0.00128701
4104 4.028e-06
4107 0.00207413
4109 0.00255105
4112 0.860245
4114 1.9378900000000003e-06
4115 1.21855e-06
4116 0.00184326
4118 0.000154852
4119 0.000394453
4123 0.00209904
4124 2.00007e-12
4125 0.000767
4126 0.00023002099999999999
4127 0.00493761
4128 0.000542874
4130 0.000897097
4132 0.00181431
4134 2.32588e-06
4139 0.00010227700000000001
4144 0.00030248
4147 0.00020490099999999998
4151 8.850190000000001e-05
4153 1.15594e-07
4154 1.87609e-07
4155 3.7838e-08
4156 0.0013085
4157 0.881215
4159 2.49706e-06
4160 1.27195e-06
4161 1.14046e-08
4162 1.30348e-07
4165 9.36384e-06
4166 8.522769999999999e-06
4167 8.10244e-07
4172 1.54153e-05
4173 0.0148439
4175 0.00240146
4176 5.541769999999999e-12
4177 0.0093174
4179 0.0501875
4180 2.50234e-06
4181 1.91859e-05
4182 3.8396999999999995e-09
4183 1.40952e-06
4184 0.0006307919999999999
4187 0.00161369
4188 4.0037199999999994e-08
4197 0.007044
4198 1.56112e-07
4199 3.0099999999999997e-09
4202 0.355702
4206 1.5499000000000001e-07
4207 0.00152758
4208 0.00500624
4210 0.000818713
4211 0.000203471
4213 0.0010737
4214 7.931260000000001e-08
4216 9.53803e-06
4217 5.35392e-10
4218 0.0765373
4219 0.00351942
4222 3.11548e-05
4225 9.3806e-08
4226 0.0018725999999999999
4227 8.936140000000001e-07
4233 2.43581e-05
4234 0.014471799999999998
4235 1.25044e-07
4236 9.40909e-06
4238 0.00105039
4240 0.000226777
4243 4.43256e-07
4245 1.39976e-05
4248 0.0007818619999999999
4249 3.87922e-05
4250 0.000154296
4251 2.17857e-15
4252 6.73128e-05
4254 1.18348e-10
4260 1.5695600000000001e-06
4261 7.1147299999999995e-09
4262 6.1849e-05
4266 0.016833900000000002
4267 0.8984690000000001
4268 5.4759399999999996e-05
4276 0.0009893880000000001
4277 0.0830576
4278 7.860129999999999e-07
4282 0.0005311
4285 0.00302252
4288 0.0923855
4289 0.000918885
4290 2.54806e-08
4294 0.000265119
4297 0.000753738
4299 8.596160000000001e-06
4301 3.18835e-05
4302 2.9366500000000004e-08
4305 1.58145e-05
4306 0.188911
4308 0.00047841699999999997
4309 0.011117
4311 0.00336103
4313 1.9347e-06
4314 1.14049e-08
4316 0.00852666
4317 0.010731200000000002
4319 6.37503e-06
4320 1.4463600000000001e-08
4324 3.6173e-14
4328 0.00443591
4330 2.69049e-07
4332 0.0256594
4334 0.00735153
4335 1.88821e-09
4336 0.0038826999999999998
4337 4.52843e-08
4340 2.01372e-08
4342 1.44089e-06
4343 0.726494
4344 9.99193e-10
4348 0.0009900010000000001
4350 1.7932400000000001e-09
4353 6.49899e-09
4355 0.0006176959999999999
4357 0.0072732
4358 1.57906e-08
4362 7.255430000000001e-13
4363 0.000807816
4366 6.68531e-05
4373 0.140895
4374 2.81873e-07
4375 7.90579e-05
4377 0.00162099
4378 0.000353099
4381 0.00870151
4382 3.6577800000000003e-07
4383 0.020863800000000002
4385 0.013289500000000001
4388 6.407100000000001e-10
4393 3.5307599999999995e-06
4394 2.49912e-11
4395 2.18234e-11
4398 3.6003e-08
4399 0.00492179
4400 6.837e-10
4401 4.39258e-05
4402 1.7176e-11
4403 6.80005e-18
4406 1.98876e-11
4407 0.0114236
4408 0.00379653
4410 0.00036444099999999996
4412 0.00719108
4413 1.4024000000000002e-07
4414 5.421599999999999e-10
4415 2.4928000000000003e-05
4416 6.42704e-05
4417 4.84071e-07
4418 1.071e-05
4419 0.670925
4420 0.00413614
4422 9.24398e-06
4425 2.55052e-13
4426 6.4832400000000005e-09
4427 1.90444e-08
4428 0.030840499999999996
4431 4.71636e-05
4435 0.00257246
4440 0.0195267
4442 0.000135101
4443 7.20942e-06
4444 3.5119100000000004e-07
4445 0.0006935180000000001
4447 0.00118267
4448 1.1959799999999998e-08
4449 0.0222023
4451 1.1175200000000001e-07
4453 9.424430000000001e-08
4454 0.00257996
4456 9.688100000000001e-05
4458 1.82315e-07
4460 8.952469999999999e-06
4461 2.16609e-07
4462 5.38926e-05
4465 0.00277909
4467 1.56021e-09
4469 9.719149999999999e-05
4472 0.9675959999999999
4473 2.0583299999999998e-12
4475 3.17051e-05
4476 0.000651684
4477 0.000205219
4478 1.41085e-07
4480 0.0190699
4482 0.013755400000000001
4483 5.45318e-09
4485 0.025702199999999998
4486 1.5530700000000002e-08
4489 0.00811667
4491 0.000185695
4492 0.00117223
4497 0.0453144
4501 0.35175300000000004
4503 4.83377e-07
4504 5.4573300000000005e-08
4505 1.28551e-09
4506 6.74533e-05
4511 0.00220821
4513 0.000113113
4515 0.00200001
4516 3.0286199999999998e-05
4521 1.49586e-05
4522 0.00177611
4523 0.00022177900000000002
4525 1.54211e-05
4529 1.1842800000000001e-07
4531 0.00036296699999999996
4533 4.961869999999999e-08
4534 7.1722e-05
4536 0.0774918
4538 0.000961508
4541 4.1974800000000003e-07
4543 3.84247e-06
4545 0.000100247
4546 1.46784e-06
4547 4.88249e-06
4550 0.00551584
4554 3.0302299999999998e-06
4556 3.5520000000000006e-07
4557 7.44029e-05
4559 1.2118900000000002e-05
4560 2.25293e-07
4561 0.048989099999999994
4564 0.000203907
4567 0.000708147
4568 9.00393e-07
4569 0.7156319999999999
4572 3.9553000000000005e-07
4573 0.00181899
4575 0.000415977
4577 6.25957e-09
4578 2.6785799999999998e-08
4580 5.730729999999999e-05
4582 0.25390100000000004
4583 3.08606e-07
4586 0.00020150000000000002
4589 0.00122543
4590 0.000110108
4593 0.36539699999999997
4594 5.9021100000000005e-06
4596 5.14871e-06
4598 0.00123937
4599 1.4509700000000002e-06
4602 6.839689999999999e-06
4603 3.26838e-07
4608 0.0112845
4610 0.022049799999999998
4613 0.00080913
4614 0.013827299999999999
4615 2.30978e-05
4616 4.90014e-06
4617 0.00805026
4619 0.000172151
4620 0.283954
4621 0.221293
4624 3.5199199999999997e-06
4629 0.00506274
4633 0.000616408
4635 0.015563200000000001
4637 1.35852e-14
4638 1.69488e-09
4639 0.00752696
4640 2.91464e-05
4641 3.88645e-07
4642 0.0290755
4645 8.80758e-13
4646 0.013683700000000002
4650 2.3671e-08
4657 0.000609359
4658 0.000719546
4659 6.40658e-05
4661 0.000158622
4663 7.61612e-09
4664 0.000275426
4665 4.6083999999999994e-05
4666 5.7402700000000005e-09
4667 3.71923e-06
4668 0.000980716
4669 0.00639779
4670 0.021296700000000002
4677 0.00367554
4678 1.58285e-05
4680 6.7814e-16
4681 2.9013799999999997e-06
4684 1.9344499999999997e-06
4688 5.15584e-11
4690 1.18235e-05
4695 0.000405304
4696 0.10381300000000002
4697 2.44951e-11
4698 0.000267767
4700 6.26069e-07
4703 1.96438e-08
4704 0.00107023
4709 0.000654259
4711 7.62278e-12
4712 0.0005415719999999999
4713 0.00129935
4716 1.48198e-05
4717 2.97161e-06
4720 1.6434400000000003e-06
4721 0.0341764
4724 8.47972e-10
4725 2.6627e-07
4726 0.00105109
4728 0.000803239
4729 6.54391e-07
4730 9.504780000000001e-06
4731 2.3521500000000002e-05
4733 7.4843e-05
4734 1.76949e-05
4736 7.63831e-07
4738 0.00249483
4739 0.00956922
4740 0.000508835
4741 0.0008345960000000001
4744 0.000288437
4745 3.0069299999999995e-10
4749 0.000256337
4751 2.44026e-07
4752 4.15789e-06
4755 9.30059e-05
4756 6.9071e-05
4757 4.28219e-08
4758 0.9513290000000001
4759 2.1167399999999997e-05
4762 1.1465999999999997e-09
4763 7.78064e-09
4764 0.000192431
4765 8.168909999999999e-07
4766 0.000315774
4767 0.757909
4769 1.14606e-05
4771 0.00052651
4772 4.6868599999999994e-05
4774 0.00183485
4775 0.10396500000000002
4778 4.80728e-05
4780 3.6869400000000006e-08
4781 1.5089100000000001e-05
4784 1.18086e-07
4787 0.8402860000000001
4791 0.00030330099999999996
4795 0.000770799
4798 0.693208
4800 3.5717899999999997e-09
4802 2.1615500000000002e-07
4803 0.000980451
4804 0.117579
4806 2.0940100000000003e-05
4807 0.248421
4809 1.1515799999999998e-10
4810 1.31214e-07
4811 1.73202e-05
4813 7.3136e-05
4817 0.00255617
4819 5.30585e-05
4820 0.00309204
4821 0.00205327
4822 1.17149e-07
4824 4.0497300000000004e-17
4827 0.020064099999999998
4829 2.41378e-06
4833 4.6004800000000004e-07
4835 0.00021000900000000001
4838 0.00477504
4843 3.5493800000000006e-06
4844 1.80862e-05
4845 4.3317800000000003e-10
4847 6.76946e-06
4851 0.00887648
4853 1.70756e-05
4854 0.00042843199999999997
4855 0.00158722
4858 0.00180878
4860 2.5281599999999996e-08
4861 3.56931e-10
4862 7.19367e-05
4864 4.36191e-05
4865 0.00221388
4870 1.96036e-07
4871 9.6911e-06
4874 0.198951
4875 0.00033176
4877 0.460374
4880 0.000109257
4881 0.00038166800000000005
4883 5.40505e-07
4884 0.00010438899999999999
4887 0.00153249
4888 0.0241682
4889 0.00010978
4891 1.29865e-07
4892 0.000298276
4893 0.00927539
4894 0.00672203
4899 2.55416e-05
4900 0.00401776
4901 0.0044218
4904 6.5227e-10
4906 1.7143e-07
4908 0.00701006
4909 1.3614100000000002e-09
4914 0.00011954399999999999
4915 8.595789999999999e-10
4917 1.0597900000000001e-10
4918 0.000140145
4919 6.99388e-05
4920 0.00172371
4921 2.20848e-09
4922 0.00236162
4923 0.00011129
4924 7.738300000000001e-10
4925 0.43031499999999995
4927 1.18633e-06
4930 0.0136072
4932 0.048260199999999996
4933 4.29214e-06
4934 0.000938704
4937 0.00034324
4940 3.3055999999999996e-07
4941 8.33329e-05
4942 7.86439e-09
4944 0.00039315199999999997
4945 0.188161
4947 0.000499896
4949 0.00026466799999999997
4952 1.63299e-08
4957 0.00414259
4959 0.000245057
4964 0.000394879
4965 1.43922e-06
4969 0.00203915
4970 4.2475599999999995e-06
4971 0.000247306
4975 1.87313e-07
4978 0.000108333
4979 8.18467e-07
4980 0.07269149999999999
4981 3.67286e-11
4988 0.000322232
4989 5.28249e-07
4993 0.8379340000000001
4996 7.761060000000002e-10
5000 8.21061e-11
5002 1.3402e-07
5005 1.42377e-05
5008 9.13326e-14
5009 5.8259e-07
5010 0.0506391
5011 3.81906e-08
5012 0.06031519999999999
5013 4.58555e-07
5015 0.00774135
5017 0.0459215
5019 0.000277938
5021 2.8839699999999995e-09
5022 0.000160856
5025 0.000623886
5030 6.06565e-12
5031 4.28046e-06
5034 0.000342405
5035 5.6873e-12
5038 0.0467087
5040 0.00771213
5041 1.13451e-05
5043 0.00383395
5044 0.000246996
5046 3.02043e-10
5048 6.41123e-11
5049 3.76891e-05
5050 0.572454
5051 0.20662399999999997
5053 0.00618465
5059 0.000251632
5060 0.00322508
5066 1.25803e-06
5069 5.6928199999999995e-05
5070 5.131969999999999e-07
5074 0.0002859
5075 3.54295e-08
5076 4.8602299999999994e-05
5080 8.30787e-05
5082 0.0017986
5083 6.03176e-08
5087 1.90462e-12
5088 9.44449e-05
5089 9.916579999999999e-08
5091 5.23645e-09
5092 0.139105
5095 0.000302906
5096 5.417e-11
5098 5.9829e-09
5099 5.19623e-07
5100 0.000284388
5103 0.00225248
5105 2.54828e-07
5106 0.00134113
5109 1.15274e-05
5112 0.00017941900000000002
5113 0.0345286
5115 1.6463099999999999e-10
5117 0.21574899999999997
5118 0.000432227
5119 0.000258835
5120 8.9881e-08
5123 7.942440000000001e-07
5125 9.567969999999999e-08
5126 0.000198668
5127 0.16985799999999998
5132 0.00827502
5133 1.53832e-09
5137 4.09947e-05
5139 9.059520000000001e-05
5140 0.000289639
5141 0.223518
5142 2.7227999999999996e-06
5147 0.00422311
5148 0.000665801
5149 0.555926
5151 0.00010541399999999999
5152 0.563819
5154 2.20652e-13
5155 0.000154755
5157 2.2573e-09
5158 2.25856e-06
5162 0.00120488
5163 9.04942e-06
5164 4.6584799999999995e-05
5165 0.44318
5166 8.53657e-08
5167 0.0143543
5170 4.7667000000000005e-06
5172 9.22142e-05
5174 6.35385e-06
5178 2.2459099999999998e-08
5180 3.70443e-05
5182 0.00197039
5184 0.00537267
5187 4.07674e-05
5188 2.62918e-09
5192 4.36072e-08
5193 0.17236700000000002
5194 0.939551
5196 0.000290872
5197 1.4261400000000002e-09
5198 0.0005049340000000001
5200 0.00106551
5201 9.953719999999999e-05
5204 2.7056599999999994e-10
5205 0.0012679
5206 0.0481919
5207 0.000222284
5211 4.9975e-11
5213 0.000594372
5216 6.36126e-05
5218 0.000517076
5221 0.000588867
5225 0.0308072
5226 0.000603302
5227 0.00406103
5228 6.42936e-06
5232 6.918049999999999e-07
5233 0.00031937299999999997
5234 0.00014345299999999998
5235 0.000420943
5237 5.35975e-05
5238 5.00388e-11
5240 3.0681799999999996e-09
5241 0.0268502
5243 3.6822e-06
5247 3.27042e-07
5249 0.00016718900000000001
5250 0.00114875
5251 0.00656195
5252 0.000586818
5255 0.000172586
5256 3.7133899999999996e-07
5261 0.000536193
5265 1.74427e-08
5266 0.000122667
5271 2.68688e-07
5272 5.89523e-06
5275 2.40836e-06
5276 0.00359561
5277 0.694909
5279 1.7751900000000002e-05
5280 3.07079e-06
5282 3.73063e-13
5284 2.2207600000000001e-10
5286 5.31532e-05
5287 4.98826e-07
5289 1.14125e-05
5291 0.000554948
5294 1.8227599999999998e-07
5295 0.000525766
5296 1.6835799999999998e-07
5299 0.000407585
5300 0.00273393
5301 4.5898000000000007e-11
5302 0.000168766
5308 0.0238496
5309 2.1322600000000002e-09
5313 2.49352e-06
5316 2.33434e-07
5317 7.849919999999999e-06
5321 0.0008117710000000001
5322 0.00171915
5323 0.000115338
5324 0.00146666
5329 0.008627600000000001
5330 6.231770000000001e-09
5332 6.67268e-05
5333 0.000278574
5334 0.0106207
5335 0.0256468
5339 0.000402978
5341 0.000108682
5342 0.00011721
5347 0.00011360299999999999
5353 0.00112604
5354 3.5022600000000003e-09
5356 0.5642199999999999
5357 0.00034426
5359 1.3321799999999998e-06
5361 0.800211
5362 0.000789269
5364 4.850889999999999e-16
5366 0.000124411
5372 4.47867e-06
5375 0.00032955699999999996
5376 0.00766788
5377 0.0007858089999999999
5381 0.000148611
5382 0.00229859
5386 0.0161308
5390 1.23239e-07
5392 0.00127043
5394 0.33787
5399 0.00242674
5400 0.43550500000000003
5401 2.5059099999999997e-10
5402 0.000242633
5403 1.04394e-06
5409 0.00250685
5411 2.56678e-06
5412 6.69469e-07
5415 0.030774400000000004
5422 4.64683e-11
5425 0.0162622
5426 0.00891581
5427 5.929840000000001e-06
5428 3.47839e-09
5432 5.4802099999999995e-08
5435 1.57368e-07
5437 2.7539200000000004e-09
5442 0.00161841
5443 0.000555199
5444 7.729770000000001e-05
5446 0.030398500000000002
5447 0.000201447
5449 0.014631799999999999
5452 3.57639e-05
5456 0.00237864
5458 0.00014774
5459 0.00588068
5460 0.41191099999999997
5462 6.20938e-06
5463 5.00767e-12
5464 9.5339e-07
5466 0.00021621299999999998
5468 1.3011700000000002e-09
5472 0.00317604
5473 0.000150949
5474 0.545466
5476 0.8942690000000001
5477 0.000111825
5479 3.15404e-09
5480 2.08254e-09
5482 0.146224
5484 4.50643e-08
5488 6.28119e-06
5490 0.00111806
5491 4.04391e-05
5492 1.5601400000000002e-06
5493 5.5916e-10
5494 0.000787352
5495 7.21185e-13
5498 0.00102652
5500 0.00848517
5501 9.97418e-10
5502 1.94036e-05
5503 1.7334e-13
5504 1.79705e-10
5505 0.00712751
5506 6.62334e-08
5512 0.586519
5513 6.41275e-06
5516 1.61746e-12
5520 8.850710000000002e-08
5523 1.19385e-09
5525 1.0493099999999999e-08
5528 0.6894319999999999
5529 0.00032732700000000003
5532 0.00138897
5533 0.00188131
5534 2.2220300000000002e-13
5537 0.00578008
5538 0.00149855
5540 5.48905e-13
5543 1.00745e-05
5545 6.76725e-05
5546 0.00106055
5548 0.0148986
5551 4.72931e-05
5553 4.67298e-08
5555 0.012243500000000001
5556 0.000101222
5557 0.916954
5558 7.22916e-08
5560 2.25705e-05
5561 1.38886e-07
5562 7.65267e-06
5564 0.0285361
5565 0.000230416
5567 2.26477e-10
5569 4.04233e-06
5570 0.00018915599999999998
5571 1.22686e-08
5572 0.021159200000000003
5575 2.31764e-13
5578 0.112825
5580 0.00690128
5581 4.946719999999999e-06
5587 2.72497e-06
5589 2.2863499999999997e-06
5594 3.76875e-05
5595 6.91923e-07
5596 0.000251204
5597 9.09456e-06
5598 1.47939e-10
5602 0.150635
5604 2.11999e-06
5607 0.00209783
5610 0.000718615
5612 0.00010977
5616 3.48135e-05
5617 0.0105074
5619 7.293370000000001e-10
5621 3.6544099999999995e-06
5622 8.381290000000001e-05
5623 1.49466e-06
5626 2.1557e-09
5627 1.90703e-06
5628 1.33733e-05
5632 0.000173795
5633 0.000974303
5634 0.048143
5635 5.31594e-08
5638 0.0107718
5642 0.000462619
5643 1.15168e-06
5646 0.0065680999999999995
5649 4.84142e-08
5650 0.000792374
5651 0.47999200000000003
5656 0.000422216
5659 4.8514800000000004e-08
5661 3.49457e-05
5663 3.4691400000000003e-07
5665 5.40139e-07
5666 0.00256481
5667 0.0168081
5670 6.593200000000001e-06
5671 0.9081739999999999
5673 6.4926e-06
5675 0.00551994
5677 0.0640174
5678 1.57029e-09
5681 0.00011227600000000001
5683 3.1308599999999997e-10
5684 0.0359268
5688 2.4911799999999997e-09
5689 4.2617299999999995e-09
5690 1.0754799999999999e-10
5691 0.00131974
5692 0.798363
5694 3.45327e-10
5698 4.33174e-05
5703 0.000601163
5706 5.853730000000001e-06
5707 0.000303731
5708 0.000770255
5709 4.6576199999999996e-05
5711 1.55524e-05
5712 0.7872399999999999
5717 0.000494483
5720 0.0005139830000000001
5721 0.000407411
5722 0.00922057
5724 4.29111e-06
5725 0.000543537
5726 8.1127e-09
5727 0.000219268
5733 3.90571e-05
5734 0.000176358
5737 4.4107300000000003e-10
5739 5.158930000000001e-10
5744 6.928730000000001e-07
5745 0.00182813
5746 8.444939999999999e-08
5748 7.62366e-05
5750 7.785510000000001e-06
5751 3.54412e-08
5753 0.00022867099999999998
5754 0.00150533
5758 4.10723e-07
5759 4.1362900000000006e-07
5763 4.56678e-07
5766 0.000168824
5767 7.16349e-05
5770 2.2197100000000002e-08
5771 0.00183258
5772 0.0345873
5774 9.787619999999999e-06
5775 1.0844200000000001e-07
5776 0.05474249999999999
5777 1.02143e-05
5778 0.0008208260000000001
5785 0.7241609999999999
5787 2.06518e-06
5792 0.00105442
5793 3.6292e-07
5795 0.00411461
5797 0.0078671
5798 9.67192e-07
5800 8.036010000000001e-06
5801 0.000290441
5802 8.90822e-05
5804 0.00023773599999999997
5807 0.00197822
5808 0.00179993
5809 4.40895e-08
5810 0.721422
5816 5.60812e-11
5820 0.00014799
5822 0.03320019999999999
5823 0.000165207
5827 4.88238e-05
5832 5.249940000000001e-06
5833 5.1623900000000006e-05
5834 3.92003e-07
5835 0.0243979
5837 3.1785400000000003e-10
5842 1.8054900000000003e-10
5844 1.39964e-07
5846 0.00536193
5847 3.29727e-10
5848 1.4874e-07
5849 0.00936005
5855 2.6446199999999997e-17
5857 3.5060899999999996e-07
5858 0.11888199999999999
5862 3.03248e-07
5865 0.00828518
5866 7.16726e-08
5869 5.228410000000001e-07
5870 2.6928900000000003e-12
5871 2.46505e-05
5872 3.7952499999999995e-08
5876 0.028837
5880 7.748690000000001e-07
5882 0.000146417
5883 0.274582
5886 0.00300851
5887 0.000179674
5890 0.00120402
5891 2.51819e-07
5892 0.08945449999999999
5896 0.0008751319999999999
5898 8.283230000000001e-07
5900 2.0879400000000002e-05
5902 2.4904399999999996e-07
5904 3.1741200000000004e-06
5907 0.000186083
5913 0.78003
5915 0.000409284
5916 0.0752742
5921 0.00631188
5922 9.04629e-06
5924 1.27412e-05
5925 0.000701494
5926 0.000521
5927 7.84527e-07
5929 5.21208e-09
5931 0.137292
5932 3.0681099999999998e-06
5933 3.7602599999999994e-08
5934 7.75105e-05
5935 0.000211265
5936 0.0145708
5937 0.00202756
5939 0.0010763
5941 1.67144e-05
5942 0.00522685
5943 0.000100654
5944 0.00836869
5945 0.00785361
5946 0.000219951
5949 0.00025386
5950 1.7224200000000001e-06
5953 0.00141436
5955 0.737648
5957 0.000560274
5958 0.000461749
5959 1.6050200000000001e-09
5962 1.46685e-08
5965 1.33191e-06
5966 0.00136186
5967 0.00014263
5969 0.00492232
5972 0.00035948800000000004
5973 0.0360095
5974 2.8302199999999998e-09
5976 0.000101511
5977 8.88945e-08
5978 0.000112881
5982 0.0305928
5986 1.29371e-08
5987 2.21002e-05
5993 0.00494648
5994 0.00338689
5997 0.0188446
5999 2.9891900000000003e-10
6002 1.57601e-05
6003 1.77414e-08
6006 1.0199199999999999e-07
6007 0.536292
6008 1.40513e-05
6010 0.00344267
6013 0.00146391
6014 0.00038879199999999995
6015 5.87633e-06
6016 1.23219e-06
6017 3.0427099999999993e-10
6019 8.0557e-08
6021 8.87101e-05
6022 4.75966e-06
6024 5.995309999999999e-07
6031 0.0005552619999999999
6032 7.05826e-05
6034 8.50606e-08
6036 0.0917052
6037 0.000437392
6039 0.213856
6040 0.00021228
6044 0.891753
6047 2.65128e-06
6048 0.00019104700000000002
6049 0.000836834
6050 0.00376262
6051 3.16326e-05
6052 0.00034141300000000005
6053 1.14743e-07
6054 0.000251983
6056 3.05267e-06
6057 4.16253e-07
6059 9.42336e-05
6060 0.0433356
6063 1.03e-08
6064 0.0007584380000000001
6068 2.58372e-06
6072 7.69595e-05
6075 2.47861e-05
6076 0.00248142
6077 7.21267e-08
6080 3.72284e-10
6081 0.00168756
6082 8.287739999999999e-10
6083 7.53653e-11
6085 0.0371798
6086 3.56214e-05
6087 0.014337200000000001
6090 4.03799e-07
6092 0.000702138
6093 0.00266674
6094 0.00021873599999999997
6099 0.9219870000000001
6101 0.000175374
6102 2.0236099999999998e-05
6106 0.364748
6109 1.1473099999999999e-05
6110 0.0174125
6112 0.705254
6113 3.56552e-07
6114 0.0107333
6115 0.00131379
6116 3.4620699999999996e-10
6118 0.00474714
6119 4.00497e-09
6121 4.51064e-10
6122 0.000104605
6126 0.00028801200000000003
6127 5.1684e-07
6132 3.42235e-13
6137 5.73425e-07
6138 4.4165700000000004e-08
6142 2.34895e-05
6143 0.00584386
6144 0.00020308900000000002
6145 0.000926208
6147 0.000507855
6149 0.0840397
6152 0.000100635
6154 3.06143e-07
6155 1.78648e-05
6157 0.000442124
6160 0.000602921
6164 0.00101809
6165 8.20249e-09
6167 0.0367745
6168 0.00246061
6169 0.00274289
6173 0.10144199999999999
6178 0.00020735
6182 0.38721
6186 0.00233188
6191 3.02083e-10
6192 1.3436199999999999e-06
6193 2.25761e-06
6194 0.9812770000000001
6195 0.00334144
6197 7.15093e-05
6199 6.23132e-08
6200 2.8686599999999997e-05
6204 8.161799999999999e-06
6205 0.000403575
6207 0.00036160300000000005
6211 0.000647717
6213 3.9542900000000006e-06
6217 0.037632599999999995
6226 6.29116e-05
6227 0.00723884
6228 3.13712e-07
6231 1.16462e-06
6232 0.000301166
6237 0.033089999999999994
6239 0.00735525
6242 7.643029999999999e-09
6244 0.219479
6245 0.953659
6246 3.88137e-05
6248 0.000109499
6253 0.33315300000000003
6255 0.00125235
6256 9.303459999999998e-09
6257 2.28829e-05
6263 2.0075600000000002e-15
6265 0.0256264
6266 0.0888034
6268 1.91105e-13
6271 1.51172e-05
6273 0.000536734
6274 9.54069e-06
6278 4.79842e-09
6280 0.000391209
6283 3.63364e-07
6287 0.000437005
6288 0.00205998
6292 2.07895e-07
6293 1.58099e-05
6294 2.98895e-05
6297 2.65197e-05
6298 4.8406599999999996e-08
6302 0.000127434
6303 2.37275e-06
6307 0.00042232699999999996
6308 9.186689999999999e-08
6310 0.00220406
6311 1.4504399999999997e-06
6312 8.62052e-06
6313 0.00051004
6315 0.30383499999999997
6316 7.98342e-06
6317 2.2440999999999998e-07
6322 0.00271373
6324 1.7622400000000002e-08
6326 2.00933e-11
6327 3.6626399999999995e-07
6328 0.831399
6331 2.33432e-08
6332 1.0993499999999999e-05
6333 1.45897e-12
6334 2.1912599999999996e-10
6336 1.4056400000000001e-05
6340 8.81265e-10
6342 0.000172587
6343 0.0175873
6345 2.4198e-05
6347 1.5372999999999999e-06
6354 0.5731649999999999
6356 4.35399e-12
6358 1.86931e-05
6359 0.000564313
6360 0.00061539
6361 0.00827277
6364 0.021364400000000002
6365 0.0469037
6368 0.00391942
6370 0.023737599999999998
6372 7.082639999999998e-10
6373 0.00775078
6376 1.08277e-05
6378 0.000293002
6379 1.46492e-05
6380 0.000487119
6383 1.3220699999999999e-05
6384 0.00322655
6386 3.22248e-07
6388 1.0483599999999999e-07
6389 1.32617e-05
6390 0.000582424
6393 0.0008281489999999999
6394 1.2131299999999999e-06
6397 4.3420800000000005e-08
6399 0.312193
6401 0.000196551
6402 1.0682899999999999e-05
6403 0.397534
6405 4.64176e-05
6406 1.68447e-05
6407 5.37028e-07
6408 0.000848925
6410 2.2924e-05
6412 3.0491399999999997e-10
6413 7.4785699999999994e-06
6414 0.07373610000000001
6415 6.13469e-07
6416 2.2094899999999997e-05
6420 0.00104733
6422 0.000294588
6423 4.017e-07
6426 0.00082248
6431 3.7576199999999996e-08
6432 0.00197148
6435 0.000156623
6439 5.205509999999999e-06
6441 0.00040202900000000004
6446 0.000183439
6451 9.75478e-08
6452 6.98895e-05
6453 0.00405241
6454 5.304229999999999e-07
6457 0.8164600000000001
6460 0.000362051
6461 0.000327012
6464 0.0008511889999999999
6467 5.5632e-11
6469 6.5149e-08
6471 0.000280955
6477 0.014841899999999998
6478 0.0181857
6479 0.7930659999999999
6481 4.3368400000000005e-09
6485 3.82784e-09
6487 0.00011729399999999999
6489 0.000241835
6490 0.0343879
6491 1.17944e-08
6493 4.864330000000001e-07
6494 1.54537e-07
6496 0.000228327
6498 3.66235e-08
6500 0.000355091
6502 1.3361700000000003e-10
6504 5.88542e-05
6505 0.000377624
6508 7.94834e-05
6510 2.5379300000000003e-07
6511 0.42766000000000004
6513 2.7764199999999997e-08
6514 0.00534949
6516 0.0007260089999999999
6517 0.00266963
6518 9.644399999999999e-13
6521 0.000212458
6522 0.0530438
6525 0.00046297300000000004
6526 0.00107466
6527 0.0061099
6528 0.0016189
6531 0.005231800000000001
6533 1.33783e-11
6535 9.85435e-11
6537 0.617016
6539 0.00137828
6540 0.000133288
6541 0.00190325
6544 2.45158e-06
6545 0.00181075
6546 6.38584e-05
6552 0.000299815
6554 5.84382e-05
6555 0.0198497
6557 0.013967199999999999
6558 5.80671e-05
6559 0.0386636
6561 8.424069999999999e-10
6563 0.00391584
6566 0.0141299
6567 6.29687e-12
6568 0.664732
6571 0.7244550000000001
6573 0.00122018
6574 0.000148232
6577 3.7567e-06
6579 2.74356e-05
6580 0.0097918
6581 6.991510000000001e-06
6582 9.21828e-06
6586 0.0707439
6589 0.08026069999999999
6590 1.83065e-07
6591 0.0847418
6592 8.22733e-06
6594 2.47369e-05
6596 0.000569172
6598 0.0286748
6600 1.2771399999999999e-08
6601 3.35995e-07
6604 1.4167400000000001e-05
6607 0.000198541
6608 6.33178e-12
6613 8.12005e-06
6614 0.000148128
6615 0.00166133
6616 0.056444600000000004
6620 2.22297e-06
6623 0.44604099999999997
6624 0.00136996
6629 1.71481e-07
6630 1.1336e-05
6633 2.78146e-05
6634 4.90256e-06
6639 2.79682e-08
6640 5.83117e-09
6641 3.38804e-13
6642 2.84541e-09
6644 0.000667415
6646 0.000271868
6649 0.00390497
6650 7.25857e-09
6651 0.000244703
6653 1.01412e-09
6655 0.879124
6656 0.000319306
6659 0.11986400000000001
6662 0.0025708000000000003
6663 0.000220075
6665 0.000580446
6669 8.006110000000001e-08
6672 0.00295776
6675 0.00372811
6676 2.0479300000000002e-05
6680 2.04796e-09
6683 8.07748e-09
6685 1.11382e-06
6686 0.00021557599999999998
6688 1.05223e-07
6691 2.24717e-11
6692 0.000319149
6693 4.7876000000000005e-08
6700 2.2282700000000002e-08
6701 4.6555e-11
6705 0.00363853
6710 0.012391500000000001
6711 6.724339999999999e-07
6712 2.5540599999999997e-14
6713 0.010142700000000001
6715 1.04771e-06
6716 1.25245e-06
6717 5.41315e-07
6720 3.62296e-10
6721 1.03006e-06
6723 2.50458e-10
6724 8.690110000000001e-08
6728 0.126986
6729 0.0288969
6732 0.00529449
6733 2.36856e-06
6737 2.02291e-09
6741 3.30258e-08
6742 7.7579e-05
6743 1.03439e-06
6744 0.00561765
6745 0.00211096
6746 0.000254982
6749 1.2255e-10
6750 1.2941600000000002e-05
6752 3.13137e-09
6754 2.62092e-10
6756 0.00160272
6757 4.3195500000000005e-09
6758 2.80994e-05
6763 2.3190099999999998e-10
6764 5.96593e-05
6767 0.0122314
6770 0.000174622
6771 6.30969e-07
6774 6.746350000000001e-05
6775 1.45016e-05
6776 2.18603e-05
6778 0.00021046
6779 0.100951
6780 0.000204415
6785 0.00039423199999999995
6787 0.00141573
6788 0.0518362
6790 2.30292e-06
6791 0.23086399999999999
6792 0.0007671389999999999
6793 0.000175608
6795 0.00129472
6796 1.21531e-07
6798 9.71082e-06
6801 0.00515583
6804 1.12202e-05
6807 9.52836e-07
6809 0.00594261
6811 2.1611599999999998e-05
6812 2.2824499999999998e-05
6815 0.00148157
6816 2.22948e-05
6817 0.000213852
6818 0.000488717
6820 0.017216
6823 0.000257945
6826 1.16805e-06
6830 0.00112231
6831 2.74606e-11
6832 0.028350599999999997
6834 5.44479e-08
6837 0.0400278
6843 2.00902e-05
6846 0.802721
6851 0.00320694
6853 2.89165e-08
6854 4.73855e-08
6856 0.00043353300000000005
6857 5.33514e-06
6861 2.60371e-06
6863 0.00162955
6870 0.509683
6871 7.4472899999999994e-09
6872 0.0010432
6873 0.00355289
6875 0.00020552599999999998
6877 0.933649
6879 0.00147901
6881 0.00455189
6882 1.00005e-05
6885 0.000374541
6888 2.6702399999999997e-09
6889 0.000173263
6890 1.12536e-06
6891 0.00410018
6894 0.00514416
6895 0.00017919599999999998
6897 0.000274665
6898 0.00259319
6901 0.0008650839999999999
6902 0.2663
6904 0.00518586
6905 0.00031622599999999996
6906 0.00149162
6907 0.000659375
6913 2.09836e-10
6915 0.392235
6920 4.5509099999999996e-07
6921 5.52752e-08
6923 3.4715700000000004e-05
6925 0.000605711
6926 0.00468187
6927 1.06551e-09
6928 0.831564
6929 1.37959e-11
6936 0.00400481
6937 1.0787000000000001e-06
6938 0.00017695400000000003
6941 0.00019244900000000003
6942 9.36304e-13
6946 2.4661599999999997e-09
6951 2.5251399999999994e-09
6954 0.00964298
6955 1.82812e-06
6957 0.0009868589999999999
6960 6.00262e-11
6961 0.9557200000000001
6964 2.87282e-05
6967 1.49879e-05
6969 0.929673
6970 3.3299499999999995e-05
6973 0.00598786
6974 0.00127201
6975 5.06272e-07
6977 2.34505e-06
6978 9.6088e-06
6979 8.170449999999999e-10
6980 2.01523e-05
6982 0.00242548
6984 5.3315299999999994e-05
6985 5.5764699999999994e-08
6986 0.0082262
6991 0.355889
6992 2.5115300000000003e-05
6993 1.09824e-12
6996 3.55605e-05
6997 3.83058e-08
6998 0.8694059999999999
6999 5.31215e-12
7000 0.00655611
7001 4.8302e-07
7005 1.51196e-08
7010 4.50732e-12
7012 9.88494e-07
7013 2.3063099999999998e-08
7014 3.5475199999999996e-06
7015 5.23909e-11
7017 0.0033664999999999997
7019 0.00238204
7024 0.0559328
7026 0.00018455200000000002
7027 0.00173596
7028 0.0314456
7030 2.8174200000000002e-05
7032 0.0108239
7034 0.000108784
7037 1.51708e-08
7041 2.0475e-07
7043 0.00561083
7044 0.00615474
7047 0.0098344
7051 1.21804e-06
7053 0.000747261
7055 0.362095
7057 6.52328e-05
7060 0.00151999
7061 3.2723000000000005e-05
7063 9.58283e-07
7066 0.00448464
7067 0.000166653
7069 0.00405787
7076 0.00021753400000000002
7081 0.393124
7082 0.000627787
7083 0.00900837
7085 5.1638400000000004e-05
7087 0.0005819309999999999
7091 2.0209000000000003e-05
7094 0.00056461
7096 6.29389e-06
7098 0.00967859
7099 0.301528
7102 9.980770000000001e-05
7103 0.00221891
7106 0.00102877
7107 4.07645e-08
7110 1.4003299999999999e-05
7111 2.15398e-07
7112 1.68199e-06
7115 7.14564e-13
7116 0.000241163
7118 0.00102076
7119 0.00468544
7120 0.0121167
7124 2.00861e-07
7126 0.000561363
7127 0.000154394
7131 4.35288e-12
7134 0.0130709
7135 0.00015022
7136 0.00267683
7137 0.000836893
7142 2.98063e-05
7143 3.0851900000000005e-08
7145 6.298340000000001e-08
7151 0.00189966
7155 1.31085e-13
7156 7.256039999999999e-06
7157 2.78533e-07
7158 0.220275
7160 2.90089e-10
7161 0.00532781
7164 9.58361e-09
7169 0.00525584
7170 2.29777e-05
7171 2.82394e-06
7173 4.61132e-05
7175 6.94436e-05
7176 3.61298e-06
7178 0.012973400000000001
7179 0.0176084
7181 0.00338031
7183 0.6576270000000001
7186 7.346079999999999e-05
7188 1.32619e-08
7190 0.9217270000000001
7192 0.00146277
7195 0.0270613
7196 0.000139958
7198 0.04461369999999999
7199 8.653229999999999e-10
7201 0.000909686
7202 0.0007702610000000001
7203 1.5107599999999999e-05
7206 3.79167e-11
7207 0.000269528
7209 0.9347850000000001
7218 0.00376985
7220 0.000786103
7221 0.0211432
7225 0.000252433
7226 2.1813000000000003e-09
7228 6.53684e-05
7229 0.00230979
7231 0.000901398
7232 0.000157553
7233 1.54472e-07
7235 2.3845099999999998e-08
7237 0.0001601
7238 9.696049999999999e-09
7239 0.186754
7240 2.7225300000000002e-05
7242 5.13821e-07
7246 1.4448300000000001e-06
7248 1.17059e-06
7251 6.10534e-05
7252 0.18934600000000001
7253 0.00606796
7254 0.916121
7255 6.98188e-05
7257 1.4046199999999998e-09
7262 0.000399947
7264 0.00141476
7265 0.015143700000000001
7267 0.00850697
7268 0.0199152
7269 0.00748495
7272 2.0728200000000003e-09
7273 2.6118200000000003e-06
7277 0.000620921
7278 0.0005862819999999999
7281 3.92605e-05
7282 2.7166000000000004e-06
7286 8.54783e-07
7287 8.773660000000001e-06
7288 4.50652e-11
7290 5.629490000000001e-06
7291 2.83748e-07
7293 0.00471752
7301 0.00014371299999999998
7303 0.0434635
7304 0.000277878
7306 0.000617944
7307 9.38526e-09
7309 1.43944e-13
7310 0.00168696
7312 0.429573
7313 0.00033503300000000004
7315 0.00039070800000000003
7316 0.000819505
7317 0.010659
7319 3.80473e-05
7320 1.5674600000000002e-06
7321 0.000233767
7324 0.00251387
7326 5.324260000000001e-07
7328 0.0009665019999999999
7331 0.00451694
7332 1.99964e-06
7333 4.61281e-05
7335 4.7107e-05
7337 4.51741e-07
7338 0.000147246
7339 1.16204e-08
7340 1.69865e-06
7341 4.25183e-06
7342 0.00594251
7345 8.084799999999999e-07
7347 0.000508995
7348 0.000165293
7349 3.8318e-09
7352 0.00106365
7353 0.000613853
7354 2.9109500000000003e-07
7355 3.7595599999999996e-05
7357 0.000341161
7358 8.03742e-07
7360 0.00421224
7362 7.56742e-09
7364 2.36127e-05
7366 0.00610975
7367 2.3021500000000002e-08
7368 1.65943e-07
7371 0.00076338
7377 5.54901e-06
7378 0.0423425
7379 0.00109385
7380 0.00039496
7382 2.47758e-07
7384 0.021159200000000003
7386 1.1256e-06
7387 2.15062e-13
7391 0.000966829
7392 0.00114242
7393 0.00165648
7395 0.00122242
7397 0.000520488
7399 8.54455e-09
7400 0.0104234
7401 0.000104832
7402 0.00601391
7403 1.4395699999999999e-10
7404 0.00122151
7405 1.69118e-08
7406 4.742380000000001e-06
7407 0.00348178
7409 0.0152423
7412 0.040923900000000006
7415 4.14718e-06
7418 0.9559639999999999
7420 0.00140517
7423 5.04812e-12
7426 2.57218e-14
7428 0.00585937
7429 2.6959900000000002e-08
7430 2.6843400000000003e-09
7434 0.8410700000000001
7440 0.0019884
7441 8.34345e-11
7442 4.35896e-05
7444 0.09742200000000001
7447 7.04814e-10
7450 1.2781499999999998e-07
7452 0.015436199999999999
7453 0.036654900000000004
7455 1.6081000000000001e-06
7456 0.000256282
7459 0.000534956
7462 0.00188881
7463 0.000603194
7464 0.000658576
7469 5.70837e-05
7471 0.00182816
7472 0.000742605
7473 1.3478699999999998e-09
7476 0.000600671
7478 5.33394e-07
7485 0.48535600000000007
7487 3.30115e-06
7488 4.0448099999999996e-05
7492 4.63728e-06
7494 6.477369999999999e-05
7495 1.5928e-05
7496 0.00027166
7499 4.838180000000001e-10
7500 0.00168003
7501 2.0974400000000003e-06
7502 3.4642e-08
7504 2.81616e-09
7505 1.005e-07
7507 1.7413e-07
7508 0.00346642
7509 0.0046906000000000005
7510 7.928859999999999e-05
7512 2.5341e-06
7514 0.00101421
7515 0.384662
7516 0.00733203
7518 1.49663e-07
7520 9.28587e-06
7522 0.000104135
7529 2.99496e-07
7531 0.00138381
7532 0.00012067200000000001
7534 0.00231052
7539 2.2825799999999998e-09
7541 2.38949e-07
7542 3.92802e-05
7545 1.91802e-05
7548 0.00022475599999999997
7549 5.633610000000001e-07
7550 1.0028e-05
7552 0.00085296
7553 8.635680000000001e-08
7554 0.0837426
7556 7.476469999999999e-10
7557 1.7101400000000003e-07
7560 0.0860252
7561 1.20412e-06
7562 1.61397e-05
7564 0.000207672
7567 0.000638775
7569 0.00480075
7573 0.000108479
7574 0.07073650000000001
7577 0.000259808
7580 5.5408099999999994e-08
7581 3.39931e-07
7582 0.0176761
7583 0.023940799999999998
7584 0.000673663
7587 0.0804026
7588 0.00430862
7589 1.4939300000000001e-05
7591 1.15965e-08
7593 1.1073999999999998e-10
7595 0.00358944
7596 0.0742816
7597 1.1835e-06
7598 0.00531477
7599 1.80625e-05
7602 4.87351e-06
7604 0.12268
7607 3.11804e-07
7608 8.22294e-06
7609 0.0397846
7610 0.000766585
7613 1.25026e-06
7616 4.66665e-05
7617 8.737689999999998e-08
7620 3.6868e-05
7623 0.00208872
7625 0.0008635839999999999
7627 1.33286e-05
7628 0.0008687860000000001
7630 1.2035e-16
7632 5.8057700000000005e-05
7634 0.0017683
7635 2.8452800000000003e-05
7636 0.00040285300000000005
7638 1.51881e-06
7641 1.85383e-06
7643 6.35775e-14
7644 3.2431999999999996e-08
7645 3.17005e-08
7646 2.43041e-06
7648 0.000522599
7651 3.6746499999999996e-07
7652 0.020987099999999998
7658 2.5831700000000002e-05
7659 0.16501
7660 0.0008940339999999999
7661 4.15373e-06
7665 1.3670200000000002e-08
7669 2.4912600000000003e-05
7674 4.865019999999999e-10
7676 0.000237767
7681 2.4115099999999997e-08
7684 8.737739999999998e-08
7686 2.36976e-05
7689 0.0271119
7690 7.4727e-10
7693 3.3087400000000004e-06
7695 0.188131
7698 1.5414e-11
7700 1.67682e-05
7701 7.509760000000001e-10
7703 0.00857256
7706 0.03414880000000001
7707 0.005998600000000001
7708 0.000131885
7710 1.26039e-06
7711 0.00531824
7714 6.24641e-08
7716 0.018933000000000002
7717 1.7686400000000001e-06
7719 0.0845667
7722 0.00142157
7725 1.4087e-07
7726 3.3972299999999995e-07
7728 0.0013061
7730 0.062093499999999996
7733 0.29527600000000004
7734 2.5769e-11
7737 4.99924e-07
7738 1.83769e-05
7739 0.0010042999999999999
7741 0.00182446
7744 3.3174800000000003e-06
7747 0.000360225
7750 0.000128
7752 0.00530055
7755 0.00021089
7756 0.00322705
7757 2.26406e-11
7759 0.018925599999999997
7761 7.78625e-10
7764 1.15476e-09
7766 0.017123
7769 0.00270217
7770 0.09603939999999998
7771 2.53274e-13
7774 2.82584e-05
7778 0.022042700000000002
7780 0.00168739
7782 0.00439915
7783 2.91611e-09
7784 6.39375e-06
7785 0.00179668
7787 0.14147300000000002
7788 1.979e-05
7789 0.00165161
7792 3.44871e-05
7794 0.761616
7796 0.000771025
7797 4.89795e-07
7800 1.4921600000000001e-05
7801 0.00177211
7802 0.43122200000000005
7804 2.72174e-08
7805 0.00236545
7806 0.00344048
7807 7.760169999999999e-07
7808 0.000159068
7811 0.0233049
7816 0.000163685
7817 0.00020267
7818 0.000171387
7822 0.00198695
7823 5.77714e-06
7825 3.18692e-07
7827 0.965934
7828 0.799509
7829 2.9565e-06
7830 0.0589538
7832 3.30148e-05
7835 6.9503e-08
7837 1.0244799999999999e-07
7839 4.69577e-06
7842 3.88815e-06
7844 1.72596e-09
7846 5.8245e-05
7848 0.00018492
7849 4.9018000000000004e-05
7850 3.48043e-06
7851 0.0015921
7852 1.01674e-08
7858 7.834770000000001e-05
7860 4.1520100000000004e-09
7861 6.276030000000001e-06
7862 0.000133296
7866 2.3221e-06
7867 2.18401e-05
7870 0.000266313
7871 0.000402605
7874 0.000394565
7875 0.945525
7879 0.728234
7880 0.000658352
7881 1.35445e-09
7882 6.282160000000001e-10
7887 0.00325716
7888 1.14538e-05
7891 0.00276514
7892 0.020641800000000002
7893 3.31443e-05
7894 0.00145112
7895 0.00344613
7896 0.000653911
7903 0.000147644
7904 0.0536054
7906 5.81313e-10
7907 0.437701
7912 2.0607e-12
7913 0.00014733200000000002
7917 0.00163389
7918 2.86494e-05
7922 0.00022323
7927 5.84985e-08
7929 0.00630001
7930 0.00037380400000000004
7934 2.92048e-11
7936 1.39923e-05
7937 6.566339999999999e-06
7938 0.035237199999999996
7941 0.502336
7942 0.00554492
7944 1.5813700000000002e-08
7945 8.78917e-12
7948 0.000228334
7949 4.890290000000001e-07
7951 5.62445e-11
7952 0.0008083130000000001
7955 0.00160824
7957 0.00407784
7960 1.0145299999999999e-08
7961 0.000129085
7962 0.09439220000000001
7965 0.0008799760000000001
7966 0.0319923
7967 3.08539e-07
7969 0.0193312
7972 0.0156433
7973 1.49651e-08
7975 0.0982365
7977 0.00241432
7978 3.09594e-05
7981 0.00447306
7982 0.000705021
7983 5.709680000000001e-08
7985 0.00221217
7986 0.00172711
7988 0.000746115
7989 0.00014016299999999998
7990 6.22551e-07
7992 1.26325e-06
7993 3.91839e-09
7994 0.014630200000000003
7995 1.8116e-08
8000 0.103598
8003 2.8174600000000004e-07
8006 0.000619685
8007 2.93368e-11
8010 3.65431e-05
8011 0.00194248
8013 0.000310605
8014 0.000441528
8015 6.14885e-06
8016 1.8673599999999999e-06
8018 0.000160346
8020 1.2114e-06
8021 5.57234e-06
8022 0.00024187299999999998
8025 0.226346
8027 0.00267964
8028 0.00673925
8030 4.9519e-09
8034 2.8121999999999997e-07
8035 3.17201e-05
8038 0.0007044660000000001
8039 6.1174900000000004e-06
8041 0.000758745
8045 0.00023636799999999998
8046 1.30267e-10
8047 5.75169e-06
8050 6.1838800000000005e-06
8052 0.000158443
8054 0.588805
8055 7.927660000000001e-08
8056 0.037820599999999996
8058 0.00382736
8059 2.2635100000000003e-05
8065 0.00042971199999999995
8066 0.00240354
8070 0.00329482
8071 0.00612619
8073 0.000488528
8074 4.27949e-09
8077 0.00034225699999999995
8078 0.020026
8080 0.201853
8081 0.028766700000000003
8088 2.84871e-15
8089 0.00349028
8090 0.00418744
8092 1.2744200000000002e-06
8094 0.0449086
8097 1.81464e-05
8099 5.6800199999999995e-06
8102 0.418095
8104 6.88855e-05
8109 0.0308318
8110 0.00300055
8111 0.0256472
8113 1.10609e-08
8114 4.55176e-05
8118 0.00191106
8119 0.00150083
8120 0.016355500000000002
8123 0.00222231
8124 0.0219224
8126 0.00022644
8128 3.94832e-09
8129 4.49043e-06
8131 0.00105047
8133 1.10083e-05
8134 9.74585e-09
8135 1.78465e-06
8136 2.92309e-07
8143 2.17675e-05
8145 0.000141814
8146 0.0324318
8147 0.00127065
8148 2.79644e-10
8149 0.0518274
8152 1.41978e-05
8153 0.0007103439999999999
8154 3.5447e-09
8155 0.000131919
8156 2.19482e-08
8157 0.0175116
8158 1.24314e-07
8161 1.5813e-08
8162 0.00016433599999999998
8165 5.85606e-07
8167 0.05699259999999999
8170 0.00021605599999999998
8172 0.10469400000000001
8176 0.103047
8178 0.013551400000000002
8179 1.80535e-06
8181 0.89459
8182 0.00214983
8183 0.000933577
8184 0.00012903399999999998
8185 1.26343e-12
8187 0.0118456
8192 0.12468800000000001
8193 5.44125e-08
8194 1.44121e-09
8195 0.000247944
8196 0.000810218
8198 2.55835e-09
8201 0.280998
8205 0.00197794
8206 1.07835e-07
8207 0.000177977
8210 0.000241112
8212 2.23508e-07
8214 1.12812e-05
8215 0.0167027
8217 0.00024859400000000004
8219 0.0008678510000000001
8221 3.93487e-06
8227 0.00023568799999999998
8228 0.00105394
8230 3.18748e-11
8231 1.30027e-06
8233 0.00023265799999999998
8234 4.43368e-12
8237 1.8297099999999997e-06
8238 0.07264830000000001
8239 0.00336693
8240 0.0019671
8242 0.00214671
8243 3.4610300000000007e-08
8245 5.7027299999999995e-05
8246 2.00159e-12
8247 7.57284e-08
8249 0.00715346
8255 2.8023900000000005e-10
8256 0.000136845
8257 5.44546e-05
8259 4.2545099999999995e-06
8264 1.79198e-08
8265 0.00135707
8266 3.56775e-08
8267 0.006935800000000001
8270 1.41646e-06
8271 0.00049494
8273 0.000119037
8274 4.2961599999999995e-07
8276 0.00139087
8277 4.4796800000000005e-05
8278 2.18126e-07
8283 1.28273e-08
8286 0.00047290900000000004
8287 9.2648e-05
8288 4.2756499999999996e-05
8289 1.61314e-06
8290 6.442890000000001e-08
8291 3.87086e-06
8298 0.14698599999999998
8303 0.00827036
8304 0.029952299999999998
8305 0.000111934
8308 3.88739e-07
8309 0.0179027
8314 0.00039015699999999997
8321 0.00407023
8324 1.3933899999999999e-08
8325 0.00283505
8328 0.00686958
8330 0.000128787
8331 1.06382e-09
8333 3.00469e-06
8334 0.0022886
8337 2.81472e-09
8339 0.00048878
8340 0.7348520000000001
8343 0.0702041
8344 0.0028677
8347 0.00018225900000000002
8348 1.73441e-14
8350 6.28428e-05
8352 6.82885e-06
8353 5.57075e-09
8354 0.00332793
8356 0.707246
8357 5.237569999999999e-10
8358 0.0009922660000000001
8361 1.43207e-09
8362 6.36031e-05
8363 0.000635803
8366 6.69451e-11
8367 2.1897799999999996e-06
8369 4.0540099999999997e-08
8371 3.3337300000000004e-05
8373 0.0046627
8375 0.00035042900000000003
8377 0.000157161
8378 1.65077e-08
8379 2.88784e-05
8380 0.00192023
8382 3.09099e-05
8383 3.35344e-05
8389 1.91265e-06
8392 6.89369e-05
8393 0.000209808
8394 4.5050200000000004e-05
8395 1.99031e-05
8396 1.74242e-05
8399 0.00565257
8400 0.00351758
8401 0.000327761
8402 0.0043676999999999995
8404 2.3242600000000003e-05
8405 1.3519399999999999e-07
8406 0.000562431
8407 2.989e-05
8408 7.72049e-08
8411 0.000390365
8412 1.3182499999999998e-06
8414 3.70887e-08
8417 2.15762e-05
8418 0.16928800000000002
8419 0.00569457
8420 0.815952
8421 1.8878599999999997e-09
8428 1.73879e-08
8431 0.00018594599999999998
8432 4.03325e-07
8435 6.196709999999999e-10
8436 0.00403614
8439 0.00726117
8440 0.000196567
8441 0.117343
8446 0.00122615
8447 1.6150899999999998e-10
8448 2.39931e-05
8451 6.173189999999999e-05
8455 1.36645e-06
8457 1.02749e-11
8458 0.0028564
8459 0.000495226
8460 0.00208267
8463 0.000614952
8464 0.00256811
8469 1.55985e-05
8471 0.00041474400000000004
8473 6.15194e-14
8474 0.00201033
8476 0.014767700000000002
8479 3.72259e-08
8480 0.010003
8481 0.000390149
8486 0.000244914
8487 0.000215847
8488 6.0805e-07
8489 0.480429
8490 9.6159e-06
8491 0.05315419999999999
8493 0.422495
8496 0.0156533
8497 0.012744
8500 1.89454e-07
8501 3.6167e-05
8504 3.21688e-08
8505 9.52093e-05
8507 9.22491e-09
8508 5.216909999999999e-13
8510 0.000108677
8511 2.7126e-11
8515 6.5769600000000004e-09
8516 0.10848599999999999
8520 5.23824e-06
8525 0.00042642699999999995
8527 0.00640252
8528 6.93328e-06
8531 1.0197100000000001e-07
8532 0.48799899999999996
8537 3.56087e-05
8538 0.00261802
8539 8.681160000000001e-06
8540 1.90927e-11
8543 0.00259253
8544 0.311783
8545 2.87322e-08
8546 2.35141e-10
8547 6.97314e-11
8548 5.9537400000000005e-06
8551 1.1028200000000002e-08
8552 0.000144769
8554 0.000195372
8555 1.15982e-05
8560 2.85429e-09
8561 1.7445699999999999e-07
8563 7.32067e-07
8565 7.7001e-06
8566 0.00594737
8567 0.028139099999999997
8569 6.497979999999999e-05
8570 1.21823e-10
8571 4.32605e-06
8574 0.00330511
8575 2.39055e-06
8577 0.00934625
8578 6.79045e-05
8579 1.30687e-07
8580 1.1656199999999999e-05
8583 0.00012206200000000001
8589 2.6703700000000002e-08
8590 0.00322314
8591 7.45268e-11
8593 0.00152877
8594 0.20877600000000002
8597 2.7576099999999997e-08
8598 0.0842963
8599 0.74751
8600 5.6460100000000005e-05
8603 0.130884
8605 0.00682341
8609 2.51548e-09
8611 0.00166216
8613 0.366655
8614 3.41443e-05
8616 0.00234696
8619 3.2952300000000004e-10
8622 4.85388e-10
8623 2.00701e-09
8625 1.77542e-06
8626 7.24568e-05
8627 0.00058994
8629 0.000565189
8630 5.16598e-08
8631 0.000100584
8632 9.35869e-07
8634 3.20473e-05
8637 0.00880481
8640 5.44816e-05
8641 0.004155699999999999
8642 2.2136500000000002e-07
8643 1.86726e-09
8646 0.000365505
8648 0.00355018
8649 0.911529
8650 0.000664022
8651 0.799812
8652 0.018518200000000002
8656 0.00234657
8657 0.000119355
8658 2.65765e-06
8659 1.67183e-05
8660 4.78254e-06
8661 7.67369e-08
8662 3.1665600000000003e-15
8664 0.0158891
8666 0.00216165
8668 0.00017800799999999998
8669 0.0288981
8671 0.00017727900000000002
8672 5.19885e-07
8673 5.217969999999999e-07
8674 0.9214829999999999
8675 0.000230638
8677 3.52696e-11
8678 0.000224885
8679 2.96976e-06
8681 7.72602e-05
8682 1.40344e-05
8684 7.6593e-09
8685 0.09071
8686 3.76832e-05
8689 6.4815e-10
8693 2.39986e-08
8694 2.5712799999999997e-06
8696 1.63963e-10
8697 1.48227e-06
8700 0.0253265
8703 1.07402e-09
8704 2.79233e-05
8705 0.6944130000000001
8707 2.56185e-05
8708 0.0496945
8711 3.79852e-05
8712 1.38815e-10
8714 2.27827e-14
8715 2.25522e-07
8719 0.00069618
8721 0.00292513
8724 3.4277600000000005e-05
8726 1.38495e-05
8729 4.64772e-05
8734 1.16149e-05
8735 0.000732661
8736 9.52705e-05
8737 2.53569e-05
8740 0.0125682
8743 1.5548e-07
8745 0.000133332
8746 0.00679557
8751 0.00314222
8754 9.98825e-06
8758 0.0170593
8761 0.0115686
8762 0.00796263
8763 1.60024e-05
8765 8.82473e-10
8767 1.53018e-05
8774 0.0023626
8777 4.11739e-11
8778 0.000265195
8779 4.35365e-05
8780 0.000179979
8781 0.135553
8782 6.25728e-13
8785 2.9593000000000003e-07
8786 0.08445989999999999
8787 1.26391e-08
8788 5.99086e-12
8789 2.95915e-11
8791 1.2856e-07
8792 0.850361
8795 0.167802
8797 1.04222e-05
8798 6.348869999999999e-06
8800 3.33406e-07
8802 0.00020929599999999998
8803 9.70523e-05
8804 0.000546358
8807 0.00332323
8808 0.000552884
8812 0.0131245
8816 0.00158525
8818 0.00566936
8820 0.00839396
8821 6.42207e-06
8824 2.1524900000000004e-08
8825 8.382519999999999e-10
8827 0.231102
8828 0.0005775719999999999
8829 4.2541599999999996e-08
8830 0.00062545
8832 0.00238387
8834 0.000136977
8839 1.0919700000000001e-06
8842 0.029197300000000002
8844 0.00104655
8845 9.925639999999998e-09
8846 3.1869400000000004e-05
8850 1.44524e-06
8851 5.1483599999999996e-05
8852 4.177550000000001e-09
8853 2.74623e-05
8855 1.63865e-10
8857 0.027275
8860 0.0675007
8861 0.000420526
8863 0.16292
8864 0.00119247
8866 0.000468116
8868 6.51679e-05
8869 3.58748e-05
8870 1.5970500000000002e-10
8875 0.442522
8877 4.0975200000000003e-07
8881 4.04601e-10
8882 3.91407e-05
8887 3.3125799999999996e-07
8889 0.322332
8893 1.13796e-07
8894 0.00016372200000000002
8895 6.7226e-07
8896 1.21473e-08
8897 0.000358362
8898 0.457962
8899 0.00236408
8901 4.32119e-06
8902 0.033835199999999996
8903 8.50575e-06
8904 0.00120265
8906 0.0005971759999999999
8907 0.42912100000000003
8908 1.9986899999999997e-07
8910 6.32178e-08
8912 0.00456327
8915 3.9875e-08
8916 0.00215852
8918 0.00048092
8922 0.00013670200000000002
8924 6.437819999999999e-06
8925 3.5336999999999994e-07
8928 0.0141058
8934 4.94504e-16
8935 6.18935e-08
8937 7.78419e-08
8938 0.00224172
8941 0.00137333
8945 0.00432962
8946 0.00244659
8947 0.00014529
8949 5.09876e-06
8950 1.28867e-13
8952 0.00133052
8954 0.000102812
8956 4.57769e-15
8957 7.34808e-05
8959 0.000120814
8963 0.000108567
8964 0.670555
8972 4.0799e-09
8974 4.8726499999999995e-05
8977 0.8734430000000001
8981 3.9346399999999996e-09
8984 0.000115639
8986 3.5726300000000003e-06
8990 0.00071042
8991 0.00012845
8992 0.010812899999999999
8993 0.026317200000000002
8994 8.652700000000001e-05
8996 0.139845
8998 0.00313048
9001 0.000261271
9003 0.0010470999999999998
9008 3.672830000000001e-12
9009 0.00036102599999999997
9010 2.41566e-05
9011 0.000930833
9012 1.26457e-08
9013 0.000849138
9014 0.21696999999999997
9017 0.000158987
9021 6.92753e-08
9023 7.71817e-11
9025 0.768058
9026 0.001704
9028 7.18539e-11
9030 1.7429599999999998e-06
9031 0.00150088
9033 1.3990100000000001e-06
9038 4.3239599999999994e-10
9040 0.000671049
9041 6.81716e-11
9043 0.00172711
9044 1.6676400000000002e-08
9046 5.57326e-05
9047 3.45072e-11
9050 1.66157e-11
9052 5.681750000000001e-07
9054 0.00458041
9055 0.0075374
9056 2.7145599999999996e-06
9057 4.9051200000000004e-08
9061 0.912394
9062 4.3637499999999996e-08
9065 1.0683299999999999e-07
9067 0.00214875
9069 6.52541e-12
9070 4.6175100000000005e-05
9071 7.20517e-10
9074 9.978700000000001e-05
9075 0.000376524
9076 0.000235126
9077 0.0042079
9081 3.56132e-07
9082 0.0365572
9083 4.52833e-06
9084 1.8986599999999999e-06
9088 0.025246400000000002
9090 3.23328e-06
9092 4.701149999999999e-09
9093 9.452880000000001e-06
9095 4.19161e-05
9096 3.80177e-08
9097 1.4512600000000001e-06
9101 0.00062337
9102 0.181203
9103 0.319865
9104 0.00165846
9107 0.00515908
9109 0.00086564
9110 0.0204837
9111 1.0595e-10
9115 0.00121043
9118 3.88081e-05
9119 1.8224599999999998e-07
9120 0.00047194800000000003
9122 8.37192e-06
9124 0.00117732
9125 0.00425981
9127 1.81544e-05
9130 0.00022287
9132 0.22321999999999997
9134 6.44795e-11
9135 1.52326e-10
9137 0.0006748689999999999
9139 2.26423e-07
9140 3.44203e-05
9142 0.822744
9143 8.286709999999998e-05
9145 7.551210000000001e-14
9146 7.6737e-07
9149 1.66392e-05
9152 0.0107296
9154 0.000134377
9156 1.17788e-08
9158 3.64808e-11
9164 0.0007355980000000001
9165 1.91042e-06
9167 1.23854e-16
9169 0.000487411
9170 0.00221638
9171 0.000125495
9172 3.828e-07
9176 0.251627
9182 1.31999e-07
9183 2.15878e-11
9188 1.14339e-11
9190 0.775832
9198 2.2913499999999998e-14
9199 0.8365530000000001
9201 0.022968400000000003
9203 5.838130000000001e-07
9204 0.27112600000000003
9206 9.382120000000001e-07
9207 0.00199534
9210 9.95027e-06
9211 1.3259800000000001e-15
9216 0.0009464539999999999
9217 7.66937e-08
9219 0.0155167
9220 7.07018e-07
9222 7.16259e-05
9223 0.0233207
9225 0.00164113
9226 2.1225400000000003e-06
9228 0.00303926
9229 4.44507e-05
9231 0.000440446
9232 0.000116631
9233 0.6439239999999999
9234 2.11986e-05
9235 0.000479135
9237 9.41331e-08
9240 0.00129362
9241 0.000548647
9243 8.15806e-09
9248 0.00206361
9253 0.000934005
9256 4.54969e-12
9257 1.6945e-05
9258 1.45811e-08
9260 3.96397e-08
9261 1.85832e-05
9262 3.44229e-07
9263 7.89886e-05
9264 0.00252706
9265 1.06627e-05
9266 0.00153318
9267 6.171800000000001e-07
9274 1.6756199999999997e-05
9275 0.00067859
9276 0.184648
9277 2.16291e-09
9280 1.71089e-05
9284 0.0385656
9292 0.000166629
9293 0.000617435
9294 0.00601583
9297 0.00036922
9298 8.73549e-09
9300 0.00158597
9301 0.0122773
9302 6.094109999999999e-09
9304 3.7383600000000002e-06
9305 1.55371e-12
9310 0.00985028
9311 0.000388757
9313 2.7550300000000003e-05
9314 0.0042688000000000005
9317 3.52316e-07
9319 1.19429e-06
9320 0.09228689999999999
9321 2.0261700000000002e-07
9322 1.60875e-05
9328 0.00207418
9329 3.1789099999999996e-06
9332 0.0252525
9335 1.43614e-06
9338 1.96356e-11
9340 1.23326e-06
9341 1.54222e-07
9344 9.084940000000001e-05
9345 0.00362079
9346 9.13051e-05
9352 0.238233
9353 1.3732400000000001e-05
9355 8.17347e-11
9356 6.35163e-05
9357 5.52409e-05
9360 3.61705e-07
9361 1.96399e-06
9363 0.00017351400000000002
9364 0.00448591
9366 1.0650399999999999e-10
9367 0.0006037130000000001
9369 0.0008349710000000001
9370 3.11943e-09
9372 7.72976e-07
9376 3.59749e-07
9379 0.000157654
9380 0.0005912119999999999
9381 2.42673e-10
9383 0.965772
9384 0.00151321
9385 2.16963e-06
9387 5.4571199999999995e-06
9390 1.9715e-12
9391 0.00932362
9395 4.333369999999999e-08
9396 0.00019437599999999998
9397 5.261219999999999e-06
9399 6.329140000000001e-09
9400 0.144309
9402 0.000183599
9403 0.00190406
9404 0.00124774
9415 0.06309429999999999
9416 2.61414e-12
9423 0.00249747
9425 0.00970904
9426 1.53252e-05
9427 2.02764e-05
9428 0.028740699999999997
9430 5.940080000000001e-10
9431 0.00430148
9435 0.0178993
9436 0.000780968
9441 0.00201649
9442 0.987993
9444 7.80637e-05
9447 3.0346e-12
9449 0.553682
9450 0.0318747
9451 0.0005332959999999999
9452 0.000234873
9453 6.04479e-05
9462 1.5884799999999998e-10
9467 0.015592600000000002
9471 0.006266600000000001
9473 0.00425132
9474 1.43857e-05
9475 1.20991e-06
9478 0.00600199
9482 0.000113415
9483 4.73187e-11
9485 0.10828800000000001
9486 0.000128882
9487 0.00581323
9489 0.00421512
9492 1.45424e-08
9493 1.4931500000000001e-05
9495 6.48472e-05
9498 7.640829999999999e-09
9501 2.60923e-10
9503 0.000230499
9505 0.00262954
9506 1.9743400000000002e-07
9509 0.000194932
9510 1.25902e-12
9511 0.000191032
9513 0.587225
9514 0.000296154
9521 0.000792213
9522 0.000561931
9525 7.33401e-06
9529 0.00106101
9530 5.02579e-05
9534 2.96398e-05
9535 0.0010115
9536 1.28808e-10
9538 5.2152700000000006e-05
9539 0.00287301
9544 0.00068126
9547 0.0014859
9548 1.19613e-10
9552 4.13603e-06
9553 2.0890899999999998e-07
9554 0.000252546
9555 7.547310000000001e-05
9556 0.0506998
9559 3.84171e-06
9561 1.2836300000000001e-05
9563 2.9318400000000003e-08
9564 0.000297876
9569 0.0188421
9570 0.0035106
9572 0.104939
9574 0.0145547
9575 2.95427e-05
9578 0.0822947
9581 4.6781e-09
9582 0.00475818
9583 0.00509359
9589 0.00047000000000000004
9590 3.3162800000000006e-08
9592 0.707836
9593 2.41024e-07
9594 0.000208675
9595 1.02602e-05
9599 0.000415304
9601 2.25476e-05
9602 2.01931e-13
9604 0.40939699999999996
9606 7.62718e-05
9607 0.0196307
9608 4.1135899999999997e-07
9610 0.00342834
9612 0.0442233
9616 3.40348e-05
9622 1.19997e-05
9624 0.877524
9625 1.87975e-05
9626 0.000157495
9628 0.00026628599999999996
9630 0.000208955
9631 0.00011795200000000001
9632 0.00012604899999999999
9633 0.0005628359999999999
9635 0.000808845
9639 9.57811e-06
9640 2.4658099999999998e-09
9642 0.0009217219999999999
9643 6.913739999999999e-06
9645 4.22495e-06
9646 1.5905899999999998e-09
9648 1.4339199999999999e-06
9651 0.0110263
9652 3.02017e-12
9653 0.00158853
9657 6.95319e-06
9660 0.000563467
9661 0.000258424
9662 1.02889e-05
9663 3.01961e-05
9665 0.040070499999999995
9669 4.36165e-05
9672 0.0174089
9673 1.09066e-08
9674 3.1919e-09
9675 4.1943599999999997e-10
9677 0.00058477
9680 4.1567600000000004e-08
9682 8.51863e-11
9683 8.49564e-10
9688 9.192820000000001e-07
9689 9.5701e-05
9690 0.00038700599999999996
9694 0.000172645
9696 0.0183953
9697 0.000165269
9701 2.13614e-06
9704 0.0106524
9705 2.6823599999999997e-08
9708 0.00010998
9714 0.00144416
9715 0.000844125
9716 1.5870600000000002e-14
9720 3.70041e-12
9722 0.032907
9723 6.19537e-09
9725 2.61855e-06
9727 2.50978e-07
9728 0.00281153
9730 0.00048786300000000006
9731 1.72959e-11
9736 0.000139662
9739 0.00811418
9740 7.95309e-09
9741 9.23725e-05
9742 6.26673e-05
9744 0.48695299999999997
9750 0.00232732
9751 4.3111800000000005e-08
9752 0.00460777
9753 0.00977562
9757 5.46601e-08
9759 4.4463099999999995e-07
9760 0.000184876
9765 0.000219368
9766 0.00068414
9768 0.09201319999999999
9769 0.00187038
9770 3.22856e-05
9771 0.00048231
9775 1.8314500000000001e-09
9777 1.33439e-06
9779 0.000102581
9782 0.000410116
9783 0.000246809
9784 2.71812e-06
9786 0.129368
9787 3.49362e-09
9788 1.05415e-10
9791 6.13817e-06
9793 3.72639e-06
9795 1.9580500000000003e-06
9798 0.00040835199999999996
9799 0.690521
9802 0.024628900000000002
9803 0.045151199999999996
9804 8.91823e-10
9806 4.99247e-06
9811 0.00070887
9812 0.00213315
9814 0.00169424
9815 6.0221000000000005e-05
9817 3.98411e-05
9818 6.17159e-05
9820 0.0163674
9821 8.29862e-10
9824 0.000164634
9826 9.159349999999999e-10
9827 1.7759799999999999e-12
9829 1.1405e-06
9835 4.9898e-07
9837 3.04939e-05
9838 6.05241e-05
9840 6.51587e-07
9843 0.0233183
9844 1.80519e-09
9846 9.54093e-06
9847 0.0005458559999999999
9849 5.5403e-06
9850 8.236260000000001e-08
9853 0.000247942
9854 0.000180452
9856 0.000638849
9857 0.000143359
9861 0.022853799999999997
9864 6.544490000000001e-08
9866 8.37025e-10
9871 0.00010918399999999999
9873 4.25561e-07
9875 0.0621009
9876 2.66038e-16
9883 2.29502e-06
9885 0.0229218
9888 9.431120000000001e-05
9889 0.156546
9890 1.6821e-09
9891 9.568e-07
9892 0.000672761
9893 5.58172e-09
9895 2.2602900000000002e-07
9899 0.8287100000000001
9901 0.00601152
9903 0.0501449
9906 2.40237e-06
9907 0.00015858
9909 3.09448e-05
9910 0.000273421
9912 0.0009372369999999999
9914 0.00143056
9915 0.00049786
9916 2.9666e-05
9919 1.13702e-05
9921 0.0001828
9922 0.894338
9924 1.2905699999999999e-05
9925 1.40491e-13
9927 1.8465099999999999e-06
9928 2.16549e-06
9929 2.8589799999999995e-06
9930 0.00127483
9931 0.00631125
9933 0.00267769
9934 0.0119049
9936 3.13951e-07
9937 0.147597
9941 0.00516402
9943 6.326769999999999e-08
9948 0.000718859
9951 0.00039098
9952 0.924158
9953 6.53983e-11
9956 1.8201200000000003e-08
9957 0.000176877
9960 9.57925e-07
9962 0.00278124
9963 3.87315e-05
