1 0.000317884
2 3.88685e-06
3 2.95622e-05
4 0.00172313
6 7.007569999999999e-06
8 1.4333700000000001e-06
10 0.011178
11 1.0471299999999999e-07
13 0.020149900000000002
14 1.0396500000000001e-05
15 6.97455e-12
18 0.000244776
22 0.24410700000000002
25 0.00303757
27 0.00309218
28 1.68622e-11
29 9.4968e-06
31 8.618470000000001e-07
37 1.6105100000000001e-06
38 2.1079400000000002e-13
40 5.12185e-11
43 0.000124632
45 9.683280000000001e-09
49 0.00017452
53 2.27531e-06
54 1.6832599999999997e-08
55 1.0906200000000001e-06
56 0.7666729999999999
57 5.40403e-15
58 0.000194715
59 2.36444e-05
62 0.00115585
67 5.32144e-09
68 2.44613e-15
69 0.0006865739999999999
70 5.1702999999999994e-06
71 6.4827900000000005e-12
74 7.24996e-09
75 0.000614594
76 1.5600899999999998e-05
79 5.87981e-06
80 0.00010459899999999999
82 1.3986000000000002e-10
84 1.9226e-07
85 0.000224711
86 0.0684326
87 0.0017628
88 0.00580599
90 0.00027315
92 4.5206099999999993e-08
94 5.979339999999999e-09
96 4.4969700000000004e-05
97 1.26146e-06
98 5.68458e-05
100 1.1216e-06
103 0.00010344
105 0.000112339
106 6.65063e-14
108 1.87589e-05
111 0.0030651
114 0.00018396599999999998
115 3.84351e-05
116 3.3931e-07
119 5.23533e-10
124 3.98151e-06
126 0.000489265
127 0.00785537
128 1.4386300000000001e-05
135 4.31021e-06
136 3.11627e-05
137 0.022366999999999998
139 5.73738e-12
144 0.00051726
145 2.57252e-05
148 2.2975e-18
149 9.85356e-11
151 1.2134700000000001e-05
152 1.18251e-10
155 3.97283e-06
157 1.0664e-06
160 1.50637e-05
166 0.0540067
167 5.69258e-11
168 0.130529
172 7.99557e-12
175 5.35471e-07
176 5.1537200000000005e-05
178 1.5097399999999998e-10
179 9.94663e-07
181 4.0395599999999997e-05
182 0.00037518
183 2.0066e-06
185 2.51988e-06
186 0.000145226
188 9.49448e-10
191 0.000247804
195 4.14084e-08
196 1.9498000000000002e-07
197 2.81962e-08
199 2.4300999999999998e-11
201 4.52657e-09
202 0.000533112
204 1.0809500000000002e-08
205 7.44902e-05
206 0.00198264
212 0.00033004400000000004
213 7.40144e-07
216 2.26017e-12
217 9.21959e-06
223 1.7630899999999998e-05
226 0.000401894
227 6.9007600000000005e-09
230 6.79177e-06
231 1.14315e-06
234 6.9035600000000005e-09
237 0.0250148
238 0.000193592
239 3.46474e-09
240 3.22067e-08
243 2.3892e-13
247 1.44458e-05
248 0.0909902
252 9.51023e-08
253 3.9390199999999995e-08
254 4.1489099999999996e-05
255 4.82633e-06
258 0.025135
260 6.62604e-07
261 2.55148e-14
264 0.00136851
265 2.47879e-06
267 0.841426
271 0.029316200000000004
272 3.54584e-05
273 0.06484069999999999
274 6.18875e-11
277 9.332340000000001e-07
279 0.00167792
280 4.5556300000000005e-06
281 9.14293e-06
283 6.91801e-13
284 5.67301e-07
286 0.0024931999999999997
287 9.508069999999999e-07
290 0.473641
291 1.05031e-08
292 1.49357e-07
293 1.2442899999999999e-08
295 7.22268e-05
297 0.038196499999999994
299 3.42636e-05
300 0.000111501
301 2.9758600000000003e-06
309 1.7611599999999997e-10
310 0.000172676
313 3.5238300000000004e-08
314 1.28102e-06
315 2.8892199999999998e-05
316 1.99955e-06
319 0.511521
324 0.000559075
326 0.00018689599999999998
327 1.18417e-06
330 0.0463793
333 3.82687e-09
335 9.61643e-06
339 4.6047799999999996e-05
341 1.3169799999999999e-08
342 8.765019999999999e-07
345 0.00908081
346 3.3837699999999996e-07
348 5.06584e-11
350 8.79013e-12
351 1.31255e-08
353 2.94149e-11
356 0.32042600000000004
357 3.32245e-07
358 1.26025e-09
360 0.000646354
361 1.16109e-08
362 0.00012395899999999998
364 1.71584e-17
365 1.09218e-08
366 6.71878e-07
368 0.00021277
369 0.000139452
371 0.00261206
375 0.00011633
376 0.026839799999999997
377 0.000329178
378 0.23015700000000003
383 1.6784000000000002e-13
384 3.63859e-09
385 4.517770000000001e-09
386 0.05504680000000001
388 6.77095e-06
389 9.39175e-06
390 1.1305e-07
392 0.20309000000000002
393 0.481279
397 2.61186e-07
398 8.20138e-08
399 8.483839999999999e-14
401 2.09702e-09
402 2.0393e-05
405 0.0021089000000000004
409 9.74441e-06
410 0.0142967
412 0.00884879
413 0.00409561
414 8.497869999999999e-10
415 1.23863e-09
418 0.000101944
421 9.200369999999999e-08
422 9.73653e-07
423 0.00015343
425 2.1510599999999998e-08
426 1.64195e-05
429 1.19767e-06
432 0.0179782
434 0.315929
436 3.36409e-06
437 0.000184203
440 1.63354e-07
441 2.71515e-08
442 4.07027e-13
444 2.04061e-06
445 0.45075600000000005
447 0.0005304330000000001
449 0.00134903
451 0.000201308
452 3.57265e-07
453 9.91728e-08
455 0.16628800000000002
456 3.81395e-08
457 0.0133025
458 0.00026042
465 2.71221e-08
466 9.98667e-05
467 8.71075e-09
471 1.38508e-05
472 3.68067e-17
473 7.80955e-05
475 1.08431e-06
478 1.66851e-05
479 9.18557e-05
481 0.000343439
485 0.000471942
487 1.9694500000000002e-07
488 4.658850000000001e-09
490 1.45172e-05
493 0.000138204
495 0.00103042
497 1.29448e-12
502 2.0338199999999998e-05
504 0.000256183
505 1.11644e-07
506 1.44691e-05
507 0.000385627
510 1.46485e-06
511 7.5488699999999994e-06
512 3.15242e-08
517 2.02776e-05
521 1.6711900000000003e-06
527 2.68194e-12
529 0.00119353
532 2.69003e-07
533 0.000349578
534 0.00018668
536 1.14786e-11
538 1.78704e-07
539 0.0061145
542 5.07126e-10
546 1.6994400000000002e-06
547 2.54277e-05
548 6.574030000000001e-08
551 0.0746693
553 8.694339999999999e-12
556 5.13315e-08
557 0.00271682
558 0.00016580000000000002
560 0.000409991
561 1.32952e-11
562 2.1000699999999998e-07
566 8.948839999999998e-08
567 7.861330000000001e-08
568 8.15924e-09
569 2.99394e-12
570 4.08505e-08
571 1.0562400000000001e-07
572 3.35621e-11
573 1.3384100000000001e-05
574 3.826830000000001e-06
575 1.22845e-05
576 1.79884e-05
578 0.00011036200000000001
580 1.97931e-09
584 7.45739e-13
585 3.18737e-11
586 0.00137447
587 5.11844e-06
593 5.55846e-11
594 3.6408699999999996e-08
595 8.11901e-07
596 0.0016468
600 0.00035365
602 0.00115622
603 7.82076e-07
604 0.14316700000000002
606 2.35726e-07
607 0.000160403
611 8.64081e-05
614 5.791930000000001e-16
615 2.3886300000000002e-05
616 0.187237
617 3.3380300000000005e-06
618 0.00025048
621 1.66991e-05
623 0.155731
624 1.15356e-07
627 1.53309e-05
629 1.49213e-05
630 2.5342e-10
631 0.00016368899999999998
634 0.000150602
636 1.07416e-08
638 2.12371e-10
639 8.14965e-05
640 2.5615100000000003e-18
641 1.05302e-05
642 2.1104499999999998e-05
643 0.00748224
644 4.90099e-12
646 7.83113e-08
649 1.15657e-05
650 2.17517e-06
651 0.028908299999999998
652 2.3710500000000003e-05
655 6.030419999999999e-10
658 4.1919699999999997e-07
659 9.694809999999999e-09
662 1.8445699999999998e-10
664 0.000122605
665 4.61008e-14
666 0.0610192
668 5.8646100000000005e-09
669 2.52771e-05
670 3.90544e-06
673 5.4779e-05
674 6.76418e-05
678 2.6375599999999997e-07
679 2.18888e-07
681 1.62377e-05
683 5.1817e-06
687 4.057119999999999e-08
691 1.98192e-09
692 9.09788e-05
693 4.8387700000000004e-05
696 6.48973e-06
697 1.69005e-05
698 7.04071e-06
701 2.84435e-05
703 8.10901e-05
704 0.265189
706 8.09555e-08
708 6.518240000000001e-06
715 1.24159e-07
716 0.000550822
718 0.000145146
719 4.2416300000000004e-08
721 8.061949999999999e-08
722 4.86817e-07
723 4.04651e-05
724 3.9632999999999995e-08
725 0.028710700000000002
727 3.07656e-07
732 1.92724e-05
734 0.000913214
735 1.43652e-05
736 2.96144e-09
737 0.00515116
741 8.75122e-16
743 0.000180559
744 4.36652e-05
745 1.02133e-07
747 2.54594e-12
749 8.035310000000001e-10
751 0.061230999999999994
757 1.60316e-09
758 5.7298e-10
759 3.1858e-08
762 9.22958e-06
765 0.000287731
766 7.84731e-07
769 0.00013078299999999998
773 2.41124e-06
775 3.6352499999999994e-10
778 5.70926e-08
779 2.57214e-07
781 6.036519999999999e-06
783 0.038754500000000004
784 2.92754e-05
785 0.00035339599999999996
788 6.722080000000001e-10
789 1.44842e-08
790 7.003430000000001e-05
792 2.34366e-05
795 0.0001044
798 4.69579e-13
801 2.14476e-10
803 4.1751600000000004e-07
807 0.0629566
809 2.92312e-09
811 3.92226e-14
813 4.75721e-10
817 8.43673e-05
819 9.251950000000001e-08
821 1.98765e-08
824 5.991240000000001e-06
825 1.54739e-15
833 6.172869999999999e-06
835 2.9285e-09
836 0.35329499999999997
837 3.43161e-06
838 4.98505e-14
839 2.6754200000000004e-06
840 3.10155e-07
841 2.29007e-07
844 1.31852e-09
846 1.97488e-06
852 4.4843e-06
853 5.19024e-06
856 5.22129e-05
858 3.06338e-08
861 2.3745399999999998e-05
864 2.48656e-11
866 0.286213
869 0.0158166
870 0.000522772
873 3.91735e-06
875 5.40215e-05
877 0.000382022
881 5.33536e-09
883 2.40708e-07
884 3.89543e-06
886 1.3853499999999999e-05
890 0.0006519890000000001
891 2.9164600000000002e-05
893 2.3802600000000002e-07
894 5.43609e-08
897 2.7874299999999998e-06
901 0.0022377
905 2.5637e-05
907 0.011957500000000001
909 0.00012333100000000002
910 1.30384e-06
913 0.00604149
914 0.00015957
916 1.61697e-11
922 0.00151237
924 2.32183e-11
925 1.46042e-07
927 3.89448e-05
928 1.0679e-06
930 2.95312e-10
932 8.695180000000001e-08
933 9.76619e-08
938 1.04147e-05
939 0.11919300000000001
940 2.6809199999999997e-06
941 3.52162e-07
942 9.094010000000001e-08
944 0.00204876
945 1.26716e-09
952 4.8746800000000006e-05
953 1.32523e-06
955 0.00020842900000000002
956 0.000679212
957 1.43798e-05
959 1.9803599999999998e-05
960 0.00106449
961 0.000132225
963 1.59293e-05
968 1.8302400000000002e-08
969 1.02359e-05
970 5.66325e-05
974 2.2386700000000002e-10
975 0.000176461
976 0.00610824
978 0.000794107
979 0.00031345099999999996
981 1.2381400000000001e-05
983 8.48428e-06
984 3.41377e-05
985 4.6298e-08
986 0.08909489999999999
988 2.50841e-05
990 2.54152e-05
992 2.85882e-06
994 1.67929e-10
995 6.41732e-07
998 6.90155e-13
1000 3.98245e-06
1003 5.63584e-11
1005 3.74687e-08
1006 0.000567688
1007 3.46208e-09
1013 0.6994100000000001
1016 2.28059e-05
1019 1.0111399999999999e-12
1020 0.000148916
1021 5.40026e-10
1022 6.41867e-07
1023 1.34577e-06
1025 7.709399999999998e-11
1026 0.00543649
1029 3.0819600000000004e-09
1030 3.84305e-09
1031 3.16944e-09
1032 1.45187e-06
1033 1.3225100000000001e-06
1034 3.38508e-05
1035 1.09807e-05
1037 0.00681569
1038 6.829859999999999e-05
1039 2.2087e-06
1040 5.84067e-05
1044 0.0111479
1046 1.11944e-05
1047 2.502e-07
1048 2.7310300000000002e-05
1049 6.9469e-06
1051 1.01117e-12
1054 7.98132e-05
1055 7.25991e-05
1058 1.1905799999999999e-05
1059 5.17871e-06
1063 0.00715937
1065 5.20675e-05
1067 1.51339e-07
1070 4.1886e-12
1075 0.0196542
1076 6.35966e-05
1080 4.97078e-06
1081 1.79458e-06
1085 7.274409999999999e-13
1086 0.000767995
1087 0.000135449
1088 0.000400994
1089 5.43104e-12
1090 4.186409999999999e-06
1094 0.000298538
1095 0.00196924
1096 1.1456800000000002e-13
1098 6.94256e-16
1099 3.86479e-05
1100 0.00247998
1103 0.000549138
1105 4.966819999999999e-06
1108 0.000293115
1111 0.000135881
1114 0.357003
1115 1.0098599999999999e-07
1116 9.73414e-06
1117 5.2494e-07
1118 0.00014576
1120 0.09601749999999999
1122 5.37177e-10
1123 0.000230869
1126 3.28146e-13
1128 6.35027e-06
1131 0.000113517
1132 0.000814132
1133 6.89e-06
1134 6.37872e-10
1135 6.696039999999999e-10
1138 5.12061e-08
1139 1.33572e-11
1141 6.25025e-05
1146 0.0322656
1150 7.0380200000000005e-09
1153 6.1909400000000006e-06
1155 1.2029000000000002e-06
1157 4.60459e-11
1159 3.95158e-05
1162 1.48292e-05
1163 8.28816e-07
1165 0.00274443
1167 0.000351662
1169 8.20065e-06
1173 8.4829e-06
1177 1.01711e-06
1178 2.81774e-06
1179 5.7609e-08
1180 8.63753e-05
1181 2.56197e-15
1183 0.0420014
1188 3.2792800000000006e-10
1189 5.41913e-09
1190 3.2790199999999997e-07
1193 1.91823e-08
1195 0.00294702
1196 5.47032e-08
1197 1.8209900000000002e-07
1198 2.39595e-12
1202 1.00128e-05
1208 0.0004945780000000001
1210 0.00357987
1213 4.90297e-06
1216 0.000545557
1217 0.00022877099999999998
1218 1.0238e-09
1219 5.19738e-05
1220 5.5452e-06
1222 1.8244e-05
1223 8.40521e-10
1227 1.63895e-05
1228 4.6261099999999997e-05
1232 0.00797364
1235 0.00011991299999999999
1238 4.75864e-11
1242 0.00383487
1243 0.000247828
1244 3.5025699999999993e-06
1245 0.000650201
1246 0.00186093
1249 3.39705e-06
1251 0.000346081
1252 4.94199e-09
1253 2.6368899999999998e-05
1255 6.66169e-05
1256 0.0006724560000000001
1257 0.00014653
1261 1.24875e-05
1262 3.3420699999999997e-18
1264 1.4960000000000002e-11
1267 8.092549999999999e-08
1271 0.0009580010000000001
1275 1.58488e-06
1276 1.06702e-05
1278 6.08292e-07
1280 3.42761e-08
1282 9.82626e-05
1283 8.091039999999999e-07
1285 8.852710000000001e-07
1291 4.8097500000000004e-08
1295 3.83729e-12
1296 2.62748e-11
1297 1.0141e-06
1300 0.137784
1301 2.5115300000000003e-09
1302 8.845000000000001e-07
1303 1.3908100000000002e-06
1305 0.00142573
1306 1.56399e-07
1307 2.43075e-05
1308 6.66335e-07
1313 0.000252932
1317 0.0791331
1318 3.10765e-06
1319 0.000119743
1320 0.648948
1321 5.06352e-09
1322 0.00117478
1328 0.00156163
1329 0.00492213
1331 2.4428e-10
1335 1.31302e-07
1336 3.27365e-13
1338 1.6478700000000002e-08
1339 0.000222702
1340 2.81905e-05
1342 0.00285458
1344 2.15728e-05
1347 2.46992e-06
1349 2.01544e-05
1351 0.000275422
1353 1.07126e-06
1354 6.57452e-05
1355 1.5414099999999998e-06
1356 2.2947599999999998e-10
1357 6.198909999999999e-08
1358 8.20279e-06
1359 6.262130000000001e-06
1363 7.13918e-07
1366 0.0009890110000000001
1367 6.99557e-10
1368 5.25154e-06
1369 1.94241e-13
1370 4.56603e-11
1372 1.28281e-05
1373 2.5142e-07
1374 2.31245e-07
1376 0.000562601
1377 1.15648e-05
1379 2.00732e-08
1380 4.2881000000000005e-05
1381 9.62928e-12
1382 0.000574761
1389 0.000437344
1391 8.469389999999998e-09
1392 5.98395e-10
1394 4.77321e-08
1396 0.00121447
1398 0.419387
1399 0.000292897
1401 1.97721e-08
1403 2.02641e-06
1407 0.000117501
1410 2.23078e-06
1411 5.18404e-07
1412 0.37842
1415 9.404799999999999e-07
1416 3.5908600000000004e-05
1417 0.207339
1419 0.00011033299999999999
1422 7.18564e-09
1423 0.000230589
1424 1.79521e-05
1425 0.00014558
1428 0.0174821
1429 3.65058e-05
1431 1.6120000000000001e-07
1433 1.06767e-05
1435 1.3784799999999999e-06
1437 2.6187800000000002e-08
1438 1.70372e-05
1440 9.93837e-13
1446 5.57442e-09
1447 9.104339999999999e-12
1448 0.0040024
1449 7.781210000000002e-06
1452 0.243707
1454 0.00189967
1456 0.00108504
1458 8.82614e-06
1459 8.50018e-05
1461 1.40976e-05
1462 4.00794e-05
1469 5.44424e-05
1471 0.00476049
1473 0.000529761
1474 9.54496e-09
1476 1.14304e-08
1477 7.670919999999999e-07
1478 1.0846300000000002e-05
1482 0.00250929
1487 0.000138
1489 2.71922e-07
1491 2.58113e-09
1495 0.00368371
1496 3.01536e-18
1500 2.1300300000000002e-08
1502 2.66134e-12
1503 1.1655e-09
1505 2.61975e-05
1506 7.353350000000001e-05
1507 0.00026983
1508 0.00473623
1511 7.1336e-14
1513 4.03625e-07
1516 1.03215e-15
1518 2.9505599999999998e-08
1519 5.33034e-07
1520 9.0886e-06
1525 2.31549e-08
1527 1.64692e-07
1530 8.323239999999999e-05
1533 0.000240804
1534 0.00106684
1535 3.07437e-05
1538 7.162560000000001e-07
1540 8.688590000000001e-07
1542 1.65954e-06
1546 1.06819e-09
1547 4.0341e-13
1549 1.15749e-07
1550 2.18736e-11
1551 2.7269599999999996e-10
1552 5.36107e-09
1558 5.73596e-05
1560 3.1848e-10
1562 0.000150915
1564 2.1196799999999997e-05
1566 1.70192e-05
1567 9.078039999999999e-08
1568 1.4368700000000002e-06
1569 6.73533e-06
1570 1.96582e-07
1572 7.434989999999999e-14
1573 4.4420499999999995e-07
1574 0.42826099999999995
1575 0.00281402
1578 5.7339499999999995e-06
1581 0.000108513
1583 0.00150281
1584 0.13966199999999998
1585 4.57829e-06
1587 2.3650900000000002e-08
1589 0.230267
1591 3.03124e-11
1592 0.0168576
1596 0.000295919
1599 1.1374e-06
1600 7.066079999999999e-05
1601 1.037e-06
1602 4.18334e-09
1605 0.00323431
1606 9.46461e-10
1609 4.7659199999999994e-08
1613 7.98041e-12
1615 2.02788e-06
1616 4.62808e-07
1619 3.12374e-08
1620 2.00632e-11
1621 5.2373199999999994e-09
1623 6.56459e-09
1624 0.260259
1625 0.050735300000000004
1626 5.044140000000001e-13
1629 3.93313e-05
1631 1.69424e-07
1634 1.23574e-06
1635 0.0929304
1637 0.00835916
1639 9.00291e-06
1641 0.0375614
1644 2.72137e-05
1645 0.000208814
1646 8.73873e-06
1648 3.991e-05
1652 5.4513500000000006e-05
1655 0.00824234
1656 0.00380002
1657 1.0688500000000002e-06
1658 1.66874e-08
1659 1.0371100000000001e-07
1660 2.16562e-11
1663 5.4128999999999995e-08
1664 0.029544599999999997
1665 4.31779e-07
1666 9.90831e-05
1667 0.00185669
1668 0.00214598
1670 4.0425e-12
1671 0.00102505
1672 9.75668e-08
1674 3.08413e-07
1679 1.80362e-08
1681 9.33535e-07
1687 5.90329e-05
1692 0.20210799999999998
1694 4.68869e-12
1695 3.13497e-06
1696 7.21153e-05
1697 0.00343307
1698 3.05353e-08
1700 1.17307e-06
1701 1.10238e-09
1702 2.19418e-10
1703 0.0405621
1704 1.89455e-08
1705 8.711879999999999e-05
1706 5.53594e-05
1709 1.08154e-07
1710 0.000163953
1712 6.751399999999999e-05
1715 0.00167396
1716 0.046156300000000004
1719 4.20229e-05
1720 7.98793e-06
1722 0.00255115
1728 1.25469e-05
1731 3.2765e-05
1735 0.00014579
1736 1.54505e-05
1737 6.04008e-12
1740 2.5351399999999996e-09
1742 9.227960000000001e-08
1743 4.30458e-05
1744 3.41974e-09
1745 0.00012655
1748 1.58028e-07
1751 0.00014953200000000002
1753 0.0015230999999999999
1757 0.00018439700000000002
1760 0.000141625
1762 6.28694e-07
1763 2.39463e-05
1764 0.00150178
1767 0.010464900000000001
1769 8.12536e-06
1770 1.4463599999999998e-05
1773 3.51193e-05
1774 4.5101099999999994e-05
1776 1.89604e-05
1779 3.4617599999999998e-06
1781 0.00483541
1783 0.000210962
1786 4.49582e-05
1788 1.73509e-07
1790 6.94237e-11
1791 3.83482e-06
1792 0.00449541
1794 0.604637
1796 2.6860700000000004e-09
1798 2.64506e-12
1802 0.00416517
1803 3.311e-06
1804 7.83283e-08
1805 2.0270399999999998e-05
1808 1.51816e-07
1811 2.42341e-07
1812 5.07608e-07
1813 1.02523e-05
1814 1.73195e-06
1815 2.22473e-06
1817 2.2762099999999998e-06
1819 0.621158
1820 9.13513e-08
1822 1.75317e-09
1823 0.285965
1824 1.6020600000000003e-07
1826 0.000122974
1829 9.4599e-09
1831 3.00291e-08
1835 1.4033700000000002e-06
1838 3.50999e-13
1839 0.00047255400000000003
1844 4.99783e-13
1846 3.45162e-05
1848 4.58706e-12
1850 0.00212178
1851 0.00582729
1852 0.000364456
1856 6.28733e-06
1857 1.27889e-05
1859 1.51709e-15
1863 5.74856e-09
1865 0.214802
1866 0.0069724999999999995
1867 1.53001e-07
1868 4.54834e-07
1869 5.918399999999999e-09
1871 3.67252e-11
1873 8.217639999999999e-09
1874 8.19644e-09
1876 2.19876e-08
1879 1.77406e-05
1880 1.24774e-06
1883 1.9572e-06
1884 0.000441305
1885 4.9029799999999996e-05
1886 2.9240300000000002e-08
1889 3.36122e-11
1890 2.3941999999999996e-07
1891 3.2013900000000003e-09
1893 0.000538072
1895 1.6011e-05
1897 1.60303e-10
1900 0.253725
1905 1.5723e-06
1908 9.39254e-11
1909 2.8835500000000003e-10
1910 2.24179e-05
1912 2.75435e-16
1913 1.55686e-08
1914 9.56136e-06
1916 1.50922e-10
1917 0.0113239
1919 2.23391e-11
1921 0.000795316
1923 3.82385e-08
1924 1.03029e-08
1925 5.211140000000001e-13
1926 0.044395699999999996
1929 1.1681900000000002e-15
1935 1.7100599999999997e-06
1939 0.46196499999999996
1942 9.38824e-08
1943 7.83348e-05
1946 6.87772e-05
1947 5.69437e-05
1949 3.9363399999999996e-07
1951 1.7899e-06
1953 2.6638000000000003e-07
1955 0.000782919
1956 1.1612e-06
1957 7.623739999999999e-07
1959 2.24273e-14
1961 2.49725e-07
1965 5.26663e-06
1966 0.000534843
1967 1.44599e-11
1968 1.63508e-05
1969 0.000452239
1973 6.8304e-05
1974 0.00265532
1975 2.28696e-06
1979 0.00153276
1983 5.770950000000001e-10
1984 0.00103167
1986 0.00264088
1987 8.02775e-05
1988 4.3239e-10
1990 4.81648e-06
1991 4.82795e-13
1992 4.2461799999999994e-07
1993 0.00010219799999999999
1994 4.2965299999999994e-09
1996 1.19378e-07
1997 2.91898e-19
1998 1.81126e-09
2003 1.56745e-05
2005 0.014513700000000001
2007 1.72097e-11
2008 6.168e-11
2009 2.84717e-06
2010 1.20869e-07
2013 1.40532e-05
2014 3.3618000000000004e-07
2016 0.00238611
2017 0.00209089
2018 4.0578200000000003e-07
2026 1.67713e-06
2028 0.00041151199999999995
2029 5.2954899999999995e-09
2031 0.289245
2032 7.48121e-05
2033 1.82747e-06
2035 3.6999e-09
2038 0.0011526
2040 1.47465e-08
2041 2.59613e-06
2044 3.10304e-11
2046 0.190904
2048 4.43914e-08
2050 0.607392
2052 2.75134e-06
2053 2.9646299999999995e-06
2057 1.21251e-06
2059 1.8156300000000002e-07
2060 0.00035474800000000005
2062 3.23367e-07
2065 1.21349e-05
2066 9.68148e-06
2071 0.334696
2072 0.11040499999999999
2073 3.0744e-06
2074 3.04453e-05
2075 1.491e-08
2076 0.0661334
2077 1.74797e-05
2078 2.64167e-16
2079 0.000319874
2080 3.15446e-07
2081 2.2457700000000001e-10
2084 4.29274e-07
2085 3.97158e-05
2087 0.000241998
2089 1.14632e-13
2092 0.00993319
2093 6.34248e-11
2097 0.00021093200000000002
2100 8.67965e-05
2103 6.31414e-11
2105 9.92101e-11
2106 9.95796e-12
2107 0.0141817
2110 0.000545765
2111 0.0009592989999999999
2113 5.53585e-10
2115 0.0106522
2118 5.79297e-06
2119 5.71009e-05
2121 0.00277416
2122 0.00040545800000000003
2123 1.24089e-06
2127 7.51006e-09
2128 3.3049800000000003e-09
2130 2.10505e-10
2131 0.00521996
2133 6.90551e-06
2137 3.74686e-06
2138 0.000389587
2141 0.012130799999999999
2143 9.046280000000001e-13
2144 0.00274482
2147 2.9756400000000004e-08
2148 1.3972299999999998e-10
2149 3.50079e-06
2150 0.000806871
2154 8.2972e-09
2157 2.0859300000000002e-07
2159 1.3069100000000002e-05
2160 0.00014607700000000002
2161 2.64775e-05
2162 0.00017241
2164 6.28062e-07
2167 2.45974e-05
2168 5.93175e-10
2173 0.00112626
2175 5.42547e-12
2177 1.9674200000000002e-08
2185 6.0724899999999996e-09
2188 3.01078e-08
2189 1.07008e-05
2195 0.00041959
2198 0.000744402
2200 0.00126002
2203 0.000456278
2204 0.340934
2205 3.14138e-07
2206 2.40134e-10
2207 6.35096e-08
2210 4.9681599999999995e-05
2211 0.000295209
2216 5.2855e-06
2217 1.2064999999999999e-11
2222 6.30951e-06
2223 1.0864e-06
2225 5.73142e-05
2227 8.641510000000001e-16
2229 8.622289999999999e-10
2230 8.89456e-05
2231 4.70886e-06
2232 5.043439999999999e-05
2235 0.000334586
2236 2.29124e-07
2239 7.80256e-07
2240 2.7323e-07
2242 5.761990000000001e-10
2243 0.00101712
2245 8.43489e-07
2246 0.00021941
2250 0.00026423
2252 1.30322e-06
2254 0.000554305
2258 6.92237e-10
2262 0.0006507209999999999
2264 0.00040226
2269 0.031321499999999995
2271 3.5365199999999996e-12
2274 9.99756e-09
2275 1.7172200000000002e-10
2282 3.8210799999999997e-07
2283 0.119065
2286 1.8572300000000002e-05
2289 1.42951e-05
2292 3.60839e-10
2294 6.125509999999999e-10
2295 0.000326578
2296 4.16607e-05
2297 1.2059800000000001e-05
2298 4.80518e-05
2299 0.0130021
2301 1.5623500000000002e-06
2303 0.00020182900000000002
2304 6.14199e-09
2309 2.6019200000000003e-15
2312 1.4089099999999998e-06
2313 0.00338669
2314 0.09302819999999999
2316 0.000104045
2317 9.56794e-06
2319 9.93058e-09
2322 2.84486e-05
2325 0.0007290819999999999
2326 8.26174e-07
2327 5.199159999999999e-06
2331 0.000243091
2336 2.50257e-09
2338 1.39821e-06
2339 3.41639e-08
2341 0.00110267
2344 0.0024046999999999996
2346 7.1764499999999996e-09
2349 6.248229999999999e-09
2351 4.5997700000000004e-07
2353 4.87732e-06
2356 2.2590300000000002e-09
2357 0.000358219
2358 0.000104285
2360 0.561761
2363 0.004732899999999999
2365 4.37079e-05
2370 2.18099e-10
2379 2.43454e-11
2380 7.90103e-05
2381 1.2107e-06
2383 8.63758e-10
2386 0.0024085
2388 0.00340641
2389 8.955700000000001e-09
2390 2.8277399999999998e-05
2394 1.86698e-05
2395 4.9502600000000004e-06
2396 0.000138494
2397 7.0335800000000004e-09
2398 0.14875
2399 6.34769e-07
2400 2.16731e-09
2402 6.697180000000001e-09
2406 2.39251e-07
2408 2.6259500000000002e-06
2409 0.402589
2412 6.1067599999999994e-06
2414 0.000438491
2416 3.03201e-07
2418 0.000280398
2421 0.333572
2422 3.22184e-10
2424 2.8727199999999997e-06
2426 4.24777e-13
2428 6.53226e-05
2429 6.48554e-05
2430 4.1003999999999994e-08
2431 0.00054863
2432 6.3361e-05
2434 4.60968e-05
2438 0.000143748
2440 2.8542200000000005e-14
2446 2.3410900000000002e-09
2447 0.00228375
2449 3.40892e-05
2451 3.11933e-05
2453 6.07561e-07
2455 7.83117e-07
2457 0.000150238
2463 0.000164663
2464 0.00015457899999999998
2467 2.13473e-10
2469 1.32988e-05
2473 3.61337e-13
2474 3.54083e-08
2475 5.45366e-09
2482 1.31311e-06
2484 6.152729999999999e-05
2485 0.00032242
2486 1.30115e-08
2487 1.53828e-05
2488 2.77045e-10
2489 8.65994e-06
2495 1.72226e-06
2498 6.774279999999999e-05
2499 0.000155195
2503 5.352340000000001e-06
2506 1.23951e-09
2507 1.06808e-07
2509 3.69972e-05
2510 1.43584e-10
2511 0.0172109
2515 1.26712e-07
2516 1.59274e-05
2517 2.74297e-10
2521 1.0027799999999999e-07
2522 1.27027e-07
2526 1.7439099999999997e-08
2527 8.747489999999999e-14
2528 0.042319199999999994
2530 4.11045e-11
2531 1.15881e-12
2532 6.25421e-09
2535 3.45455e-07
2536 5.78898e-07
2538 6.28079e-05
2541 1.7938800000000002e-07
2543 8.88612e-05
2548 1.6045300000000001e-07
2550 3.66335e-05
2551 2.3979699999999997e-05
2552 0.000491579
2553 0.6298239999999999
2556 1.7464700000000002e-06
2557 5.3426e-12
2560 4.53204e-07
2562 0.00014194200000000002
2568 9.04741e-11
2570 0.00061523
2573 0.15018800000000002
2574 1.36706e-05
2575 7.82076e-06
2576 0.0290015
2577 6.18612e-13
2580 0.000103387
2581 1.36858e-06
2582 0.00124521
2583 1.7093800000000002e-05
2587 0.00266282
2588 1.1949e-05
2591 8.57905e-05
2592 5.53132e-11
2596 0.0197513
2597 0.0006889289999999999
2601 7.724160000000001e-12
2602 5.01374e-06
2604 2.1307800000000003e-05
2607 4.0376199999999996e-07
2608 1.6266e-05
2610 0.000372069
2612 1.17102e-09
2614 0.000339871
2616 9.21349e-05
2617 1.31724e-06
2619 3.96011e-09
2620 0.000491254
2622 0.00945108
2623 0.00240727
2624 0.000207767
2626 1.20661e-05
2628 1.0482600000000001e-06
2629 5.89971e-05
2630 4.6449900000000004e-10
2631 2.0194800000000002e-05
2638 1.09851e-09
2639 0.00229893
2640 4.78523e-14
2642 3.89084e-07
2644 2.20673e-05
2650 1.58868e-07
2651 0.0016588000000000002
2652 0.00864939
2654 2.2856099999999996e-06
2655 0.387753
2656 1.8232600000000001e-07
2660 0.000239162
2661 7.43432e-12
2663 0.0252899
2665 2.71116e-05
2671 0.000327805
2672 0.00157277
2673 1.0838100000000001e-07
2674 2.51307e-08
2676 0.0141766
2679 0.000212825
2681 3.2957400000000004e-08
2685 9.50572e-05
2686 2.5003400000000002e-05
2687 0.0032779000000000003
2688 5.6359000000000005e-06
2692 0.00904976
2694 3.79044e-08
2698 3.9474499999999997e-16
2700 0.288466
2701 0.0037670000000000004
2703 0.00723987
2705 4.2018e-05
2707 3.32724e-05
2708 0.000324838
2711 1.9475799999999997e-06
2712 4.97702e-06
2716 1.07371e-07
2719 9.560310000000001e-06
2720 0.030941200000000002
2724 7.82101e-08
2725 0.00163789
2726 0.000130039
2728 0.00124095
2729 6.498810000000001e-09
2731 6.35828e-09
2733 4.40417e-12
2736 1.1290799999999999e-08
2739 2.8339099999999995e-06
2740 2.4274e-07
2742 7.68894e-08
2743 4.97199e-06
2746 1.08457e-05
2748 6.86143e-07
2750 0.00075827
2752 1.05571e-07
2753 9.409869999999999e-06
2754 2.09317e-06
2756 1.1141400000000001e-05
2758 8.162659999999999e-07
2761 0.00207061
2764 1.79872e-14
2768 0.105626
2769 0.0177327
2770 0.0052677
2771 8.632510000000001e-07
2773 0.000978105
2777 1.81688e-07
2780 0.187827
2781 0.00356539
2787 1.3982699999999999e-05
2788 0.000285978
2789 0.00723388
2790 0.0248311
2792 2.32145e-08
2793 9.97375e-07
2797 5.34725e-05
2799 9.39381e-08
2802 0.00109418
2805 4.06727e-05
2806 8.39291e-09
2808 2.1096800000000001e-07
2809 6.412719999999999e-06
2811 1.32007e-07
2813 1.24774e-05
2814 7.2686e-08
2818 0.00406043
2819 0.259103
2821 0.00663498
2822 6.90574e-07
2823 1.50529e-05
2824 2.71425e-05
2825 1.14453e-13
2828 0.42908900000000005
2829 3.08522e-07
2830 3.62476e-12
2831 1.3909000000000002e-09
2832 6.0901899999999994e-05
2837 0.0472684
2839 1.0263e-13
2840 4.2989899999999994e-09
2843 2.3811999999999996e-07
2846 7.112939999999999e-05
2849 0.0026063
2850 4.70529e-08
2851 1.07198e-05
2852 0.00234349
2853 0.0215208
2856 4.97709e-09
2857 1.49563e-09
2860 1.93011e-06
2861 1.94453e-07
2862 2.03967e-07
2863 0.000289796
2865 8.7226e-07
2871 5.79931e-08
2872 0.000256307
2874 4.144109999999999e-08
2876 2.72002e-05
2877 2.1861e-05
2878 9.49023e-06
2882 0.000365516
2883 0.017119
2885 6.89657e-07
2887 9.46558e-06
2888 5.92889e-07
2890 2.6248100000000003e-07
2892 3.97208e-09
2894 0.00197299
2895 0.000222265
2897 0.00030591
2898 5.33947e-06
2900 1.2726100000000002e-06
2902 1.35887e-06
2903 0.0027999
2904 2.07902e-06
2905 4.19729e-05
2907 8.79509e-06
2908 1.2306e-10
2909 0.461671
2911 0.00465183
2918 2.58165e-06
2920 1.9741900000000002e-06
2921 0.47925100000000004
2922 1.6432900000000002e-06
2923 0.000429384
2925 0.030210900000000002
2926 0.000861765
2927 1.55574e-08
2928 0.00325701
2929 3.22609e-05
2930 4.52564e-07
2936 1.62363e-10
2945 0.00012643799999999998
2948 3.12571e-09
2949 1.0296099999999999e-07
2950 1.3455799999999999e-05
2951 6.01619e-07
2955 2.93568e-07
2959 0.00135804
2961 4.77019e-09
2964 8.81182e-05
2968 3.82375e-10
2970 9.97446e-11
2971 4.8444799999999994e-05
2972 4.91655e-05
2973 6.31086e-07
2974 7.96564e-05
2979 0.000200845
2980 1.39833e-07
2981 0.00314599
2982 0.0005063590000000001
2983 4.51351e-06
2985 6.863509999999999e-07
2991 0.00037282900000000003
2993 7.40117e-06
2996 1.51707e-07
2997 1.86426e-08
2998 3.3089699999999998e-12
2999 8.8238e-15
3001 3.87312e-07
3006 9.91604e-11
3010 2.13845e-06
3012 0.006130399999999999
3014 4.411740000000001e-06
3016 2.7645400000000002e-06
3018 9.793550000000001e-07
3019 2.5825700000000002e-05
3020 0.00020423099999999998
3022 0.20782899999999999
3025 1.28287e-06
3026 0.00523454
3029 1.00087e-06
3030 0.0220988
3033 3.2029400000000004e-08
3035 0.00015729899999999999
3036 0.00015544700000000002
3037 0.0009713889999999999
3040 3.52168e-06
3041 0.0193922
3043 8.35161e-06
3046 3.16226e-11
3048 4.9612099999999993e-08
3049 6.93392e-05
3050 4.26074e-08
3052 0.000113382
3055 6.98579e-05
3059 1.61233e-07
3060 3.8193699999999997e-13
3062 5.138850000000001e-09
3067 6.3313e-10
3068 0.00138244
3069 0.00222789
3070 3.32581e-05
3071 4.41421e-08
3073 6.7987799999999996e-09
3075 4.39819e-06
3076 4.2349699999999996e-10
3079 0.00015613
3080 1.22279e-11
3081 3.48165e-05
3084 0.0115073
3087 2.6671800000000004e-06
3091 0.00182933
3095 0.00907294
3096 0.00962865
3097 1.14471e-06
3099 1.2224700000000002e-08
3101 2.26936e-09
3104 0.0541674
3109 4.67876e-10
3111 1.38405e-09
3113 5.35589e-11
3114 0.0007524089999999999
3115 5.2509199999999995e-08
3119 1.0555999999999998e-11
3123 4.2423100000000004e-05
3125 2.2584800000000002e-07
3128 2.91585e-05
3130 1.2005700000000002e-16
3131 0.00116187
3132 0.00160967
3136 4.778519999999999e-08
3139 9.56389e-06
3141 9.312479999999999e-07
3143 3.61163e-08
3144 6.24169e-05
3148 0.00289709
3151 9.37112e-08
3152 0.026976299999999998
3153 1.97558e-06
3156 0.000147544
3158 2.79526e-06
3160 4.42705e-05
3166 4.78378e-05
3167 1.3766500000000001e-05
3168 2.6833899999999997e-05
3171 0.022596500000000002
3172 7.70912e-05
3173 0.00152383
3174 8.858549999999999e-05
3179 0.163105
3180 2.87067e-06
3182 0.217744
3187 0.47905600000000004
3190 9.081979999999999e-08
3191 0.00126689
3192 3.9695500000000005e-07
3193 0.00115522
3196 6.31326e-07
3197 1.25676e-06
3198 1.5109300000000001e-05
3201 0.0105023
3203 8.17532e-07
3206 1.59308e-06
3208 1.88899e-08
3209 5.70635e-06
3212 4.08029e-05
3215 0.024616
3217 4.05839e-09
3220 8.32326e-08
3221 0.00089613
3222 0.00228145
3224 1.05242e-05
3225 0.00230748
3226 0.00101493
3227 3.81088e-11
3230 3.57931e-06
3232 0.34675100000000003
3234 0.00393054
3235 0.5761470000000001
3237 0.0432329
3238 3.6027e-11
3241 0.000691777
3245 0.00320807
3246 2.41009e-06
3248 3.19459e-10
3249 2.5338199999999997e-16
3251 3.89008e-12
3252 4.30805e-06
3257 8.847939999999999e-08
3263 0.012151899999999998
3264 0.00131267
3265 8.449639999999999e-08
3266 7.10536e-06
3267 2.58445e-10
3268 2.8436e-08
3275 1.97278e-06
3276 5.17234e-08
3277 6.63507e-10
3278 8.20505e-08
3281 7.63223e-07
3283 7.013240000000001e-07
3286 1.0385899999999999e-08
3287 2.4775599999999995e-06
3288 0.0184435
3289 4.2931000000000006e-05
3291 2.5454600000000003e-10
3295 8.817740000000001e-07
3297 1.74964e-07
3298 7.08055e-05
3302 3.0109899999999996e-10
3304 0.6648890000000001
3305 3.49106e-06
3306 9.254709999999999e-13
3309 7.306950000000001e-10
3310 2.05456e-09
3312 6.75966e-14
3314 1.19569e-07
3315 3.9129400000000005e-06
3317 4.79565e-07
3318 1.6655999999999998e-05
3319 0.000210217
3321 6.81648e-08
3322 1.1071700000000002e-06
3323 1.72041e-05
3324 2.38913e-07
3326 8.105310000000001e-08
3328 4.63847e-06
3329 9.29586e-05
3332 1.9906400000000003e-06
3333 3.97644e-11
3334 2.3581e-06
3340 1.2378499999999998e-05
3341 6.415010000000001e-05
3342 4.67197e-08
3345 3.42935e-06
3346 2.41711e-05
3347 2.9155300000000002e-05
3348 8.9205e-07
3352 6.169830000000001e-06
3353 9.30564e-12
3357 1.27405e-13
3358 6.29084e-08
3361 0.00682201
3364 4.0707e-08
3366 0.000722179
3368 1.09192e-05
3371 1.07245e-06
3372 4.5089799999999995e-09
3375 9.07125e-09
3378 2.2091799999999997e-05
3381 1.70508e-08
3383 0.000894875
3384 0.000155573
3385 2.00391e-05
3387 1.61201e-11
3388 1.05965e-08
3389 2.99043e-08
3393 1.19481e-07
3394 0.00103947
3399 1.17197e-07
3400 9.607180000000001e-17
3402 2.3629300000000003e-06
3405 1.79035e-11
3409 1.98775e-08
3411 0.10706500000000001
3414 3.57164e-07
3418 0.000113924
3423 0.00042170900000000004
3426 0.00012134799999999999
3427 1.8458599999999998e-08
3428 9.95303e-07
3431 0.000179247
3432 0.280212
3434 0.000226226
3437 2.52628e-08
3438 4.89159e-08
3440 0.000138732
3442 1.6112100000000002e-06
3445 2.2233400000000002e-06
3446 1.48776e-05
3447 1.62801e-07
3448 2.2759200000000003e-12
3454 5.7514799999999994e-05
3456 8.37692e-09
3457 5.44113e-05
3459 1.4059200000000001e-05
3460 4.244330000000001e-08
3463 4.02236e-05
3467 1.4486200000000001e-12
3471 0.000147608
3472 0.00130625
3473 0.0120617
3474 9.19586e-09
3475 8.07492e-05
3476 0.00417085
3478 0.000161583
3479 6.268380000000001e-06
3480 2.2136799999999998e-05
3481 2.2393499999999998e-05
3482 0.000117195
3483 0.000321724
3485 0.00013120700000000002
3486 1.371e-05
3488 1.13891e-06
3490 0.000174733
3494 3.41759e-07
3495 2.72335e-06
3498 0.000194511
3501 5.58651e-06
3502 4.8822199999999996e-08
3503 8.26044e-09
3504 3.3317799999999997e-07
3505 2.58111e-11
3507 9.5502e-10
3512 1.0362599999999999e-09
3513 2.3544e-06
3514 4.26547e-09
3515 8.23115e-06
3517 5.7321000000000006e-06
3520 4.91925e-05
3523 7.76564e-08
3526 0.00075595
3527 3.52941e-05
3531 0.401618
3532 1.12154e-06
3533 0.0362229
3534 9.04039e-15
3535 2.86723e-07
3538 3.5198900000000004e-07
3540 9.4381e-05
3541 1.68692e-05
3542 1.00461e-08
3543 3.84505e-06
3544 0.00041527599999999996
3545 1.53906e-10
3547 4.09411e-06
3552 1.0818899999999999e-07
3553 2.1676900000000004e-08
3557 0.192675
3558 2.32774e-06
3559 0.00020731299999999999
3560 1.27405e-12
3561 1.5353900000000002e-05
3562 0.0101411
3563 6.311e-06
3568 7.2705399999999995e-06
3569 5.55874e-06
3570 3.19947e-06
3571 7.01809e-06
3572 1.94603e-21
3573 8.12369e-05
3574 2.95827e-12
3578 1.2576800000000001e-09
3579 0.48766000000000004
3581 0.000351554
3582 4.92337e-06
3583 0.303318
3584 0.425559
3590 2.0570400000000002e-06
3591 3.6287199999999994e-06
3592 0.000600786
3595 0.0014574000000000002
3598 0.000413776
3600 0.000380954
3601 3.26457e-09
3602 8.26613e-05
3607 4.643669999999999e-08
3610 7.83498e-07
3612 0.0121056
3613 0.0124368
3615 1.12825e-08
3616 1.35924e-06
3617 1.35166e-05
3619 0.000263063
3624 4.633730000000001e-06
3626 1.58671e-08
3630 1.52681e-08
3631 5.16611e-05
3633 0.07272580000000001
3637 0.00038754
3641 1.59868e-06
3643 0.000798032
3647 1.37743e-12
3649 3.41114e-05
3650 1.20874e-05
3652 0.0020616999999999996
3653 0.0328574
3659 0.000117695
3661 0.000111737
3665 2.35123e-06
3666 1.11703e-09
3668 1.65259e-07
3670 9.036930000000001e-13
3672 0.00351684
3676 1.18083e-05
3677 4.37686e-07
3680 0.300169
3682 4.11887e-13
3683 2.8634499999999997e-09
3686 2.17614e-10
3687 0.00038157699999999997
3689 1.23708e-08
3692 0.00027121700000000003
3693 0.00123081
3697 1.6992e-07
3701 6.7191e-06
3702 1.42184e-07
3707 0.000172287
3710 6.73531e-06
3712 0.149145
3715 1.7757999999999998e-07
3716 0.000132993
3718 2.65095e-08
3719 9.61269e-09
3720 0.35472
3723 0.000293435
3724 1.1137399999999999e-07
3725 2.11757e-06
3726 2.24781e-12
3728 6.1641e-05
3730 8.97174e-13
3731 1.66831e-05
3733 4.01956e-09
3734 0.00751554
3736 0.000107912
3737 3.19729e-05
3738 0.00021496599999999997
3739 6.97854e-08
3741 7.27648e-06
3742 0.00140697
3744 1.52409e-07
3745 0.00011736
3746 1.24741e-12
3747 7.6284e-07
3755 3.84717e-06
3756 7.3135e-05
3757 1.71372e-09
3761 5.24638e-08
3762 0.00736889
3764 0.644233
3765 0.00429798
3766 2.81331e-16
3768 1.6342999999999998e-09
3769 3.08973e-11
3770 3.40458e-09
3771 0.00031457400000000003
3775 0.000102346
3776 1.57327e-10
3777 2.46979e-06
3778 1.82e-06
3782 2.2180400000000003e-08
3785 4.52443e-05
3787 3.7758600000000005e-10
3789 0.138231
3794 0.0209793
3795 1.33944e-09
3799 0.000139722
3800 4.02773e-08
3801 2.49068e-12
3802 4.91566e-10
3804 1.24776e-09
3805 6.37628e-07
3810 1.54728e-08
3812 6.67543e-08
3813 2.51404e-11
3815 7.86552e-08
3816 1.0221200000000002e-08
3819 1.04263e-07
3822 3.13236e-13
3823 1.82679e-06
3825 1.9966299999999998e-08
3829 1.4064700000000002e-06
3831 1.43519e-05
3832 0.166185
3833 7.95369e-12
3836 2.84575e-05
3839 2.74007e-05
3840 0.000764927
3841 9.05905e-06
3842 6.14179e-15
3843 5.21175e-05
3850 0.000122214
3851 0.000196705
3852 0.12708699999999998
3853 9.44151e-06
3854 3.5187800000000004e-06
3858 0.00794647
3862 1.99011e-06
3864 1.9226199999999997e-09
3867 0.000648249
3870 6.33341e-05
3873 1.78475e-07
3875 1.69773e-05
3878 1.3542999999999999e-05
3880 6.774089999999999e-08
3881 7.39778e-06
3882 7.30161e-05
3883 5.83627e-08
3884 7.40705e-07
3888 3.7963300000000004e-06
3892 1.52515e-09
3893 1.73368e-09
3894 2.81988e-08
3896 0.000546985
3897 0.0073781
3900 1.68758e-05
3901 2.27664e-05
3902 6.449540000000001e-07
3903 4.40462e-05
3904 0.004639
3906 4.76474e-10
3908 1.4790799999999998e-06
3909 3.69241e-10
3910 1.1205799999999999e-05
3914 0.00270038
3916 1.8836200000000003e-07
3917 2.03141e-09
3920 0.00216433
3922 0.158912
3925 2.57716e-07
3927 0.00978279
3928 5.00325e-10
3929 0.000828898
3930 3.15066e-06
3931 3.8379e-06
3933 0.00265551
3934 1.96728e-09
3938 0.000230165
3940 6.9825e-07
3942 0.000152573
3943 2.9863899999999997e-05
3944 0.000316347
3950 0.000185621
3951 0.317888
3952 2.64903e-09
3955 0.0068904
3958 0.000374912
3959 4.23754e-05
3962 1.4758299999999999e-05
3964 0.00010243700000000001
3967 2.6051099999999997e-06
3968 0.00102356
3972 9.39643e-05
3975 5.72323e-05
3976 6.160689999999999e-14
3977 2.65572e-06
3978 0.134717
3980 0.00237036
3981 3.4358000000000006e-07
3982 0.0077265
3985 1.0010600000000001e-08
3989 1.99152e-08
3995 0.00139253
3999 2.61299e-07
4000 1.5678899999999998e-06
4001 0.000147843
4002 3.0983799999999997e-06
4004 0.000978977
4006 0.110122
4007 0.0009345380000000001
4018 2.71801e-08
4021 9.37477e-05
4022 0.0694331
4024 3.7984400000000004e-10
4026 2.2128e-08
4027 4.9567500000000004e-08
4029 0.00021794599999999998
4030 2.3485e-08
4032 4.1182099999999997e-08
4036 6.21116e-13
4038 3.6388800000000005e-08
4040 7.796389999999999e-08
4041 0.00205735
4042 6.01201e-06
4043 3.68922e-07
4044 0.00170997
4045 3.58858e-09
4048 4.898e-07
4049 2.29945e-06
4050 2.1890100000000003e-13
4053 6.5208400000000006e-06
4054 0.000103463
4055 9.0886e-09
4056 3.5746599999999994e-08
4059 1.8878e-08
4061 0.0005168869999999999
4062 0.000375406
4063 1.08545e-07
4064 1.32177e-07
4065 6.04806e-06
4068 1.8187e-05
4070 8.398939999999999e-14
4071 9.14647e-09
4072 0.112631
4074 4.04996e-05
4078 6.910410000000001e-06
4079 0.00741159
4080 1.39903e-07
4081 2.3218800000000001e-07
4083 1.80666e-14
4084 0.0006774760000000001
4086 0.0151411
4088 3.6460000000000003e-06
4090 0.270629
4094 2.6568300000000002e-09
4096 3.1002499999999997e-06
4097 3.48221e-09
4098 7.03213e-05
4099 2.04853e-06
4101 2.20561e-07
4103 0.00328169
4104 8.29221e-07
4107 0.00264232
4109 0.000134895
4112 1.26502e-07
4114 1.45557e-08
4115 2.50645e-06
4116 0.000112251
4118 1.7539e-05
4119 5.29855e-06
4123 5.9945500000000004e-05
4124 2.81705e-13
4125 8.65182e-06
4126 0.699045
4127 0.00010989
4128 8.861230000000001e-06
4130 0.000615711
4132 4.61815e-07
4134 2.37851e-07
4139 7.40172e-08
4144 0.00125262
4147 3.58352e-05
4151 2.39335e-05
4153 5.43911e-07
4154 1.31321e-07
4155 2.4842399999999997e-09
4156 0.00125218
4157 7.31227e-05
4159 4.53775e-07
4160 2.87657e-10
4161 2.33655e-10
4162 1.20641e-08
4165 3.3866e-08
4166 1.7392500000000001e-06
4167 1.2079299999999999e-06
4172 2.24558e-05
4173 0.0157842
4175 0.000296351
4176 2.32423e-13
4177 0.000149909
4179 7.502810000000001e-05
4180 3.0585500000000004e-09
4181 4.01185e-05
4182 6.65162e-07
4183 3.62788e-07
4184 0.000168296
4187 0.00224492
4188 2.6564e-09
4197 0.00112704
4198 9.62382e-09
4199 4.72758e-09
4202 0.000313553
4206 4.561279999999999e-09
4207 0.000383981
4208 0.000286843
4210 4.40408e-06
4211 0.00037173400000000003
4213 8.59237e-05
4214 6.04189e-10
4216 1.1189200000000001e-06
4217 9.97345e-12
4218 0.00282038
4219 0.00012346299999999998
4222 2.47121e-07
4225 6.168310000000001e-13
4226 3.5511800000000007e-06
4227 2.19377e-07
4233 0.00113041
4234 0.23082600000000003
4235 1.0219500000000001e-05
4236 1.5865100000000002e-08
4238 0.000131702
4240 8.09585e-05
4243 1.71422e-08
4245 4.373380000000001e-06
4248 8.07727e-05
4249 1.70249e-05
4250 1.12923e-06
4251 2.86355e-18
4252 3.9763599999999995e-07
4254 1.403e-12
4260 8.473650000000001e-10
4261 1.4648e-06
4262 1.23291e-05
4266 0.0903329
4267 0.000171491
4268 1.22624e-07
4276 2.7364299999999998e-05
4277 0.0434216
4278 2.83513e-07
4282 0.000199848
4285 4.219e-05
4288 6.28426e-08
4289 4.0175999999999996e-05
4290 5.20112e-09
4294 0.561467
4297 2.10614e-06
4299 3.16438e-10
4301 0.0480934
4302 9.94104e-09
4305 3.238e-05
4306 0.061351699999999995
4308 5.97614e-05
4309 0.0423543
4311 8.85996e-05
4313 9.9936e-08
4314 1.07991e-08
4316 0.00092707
4317 0.199924
4319 1.8318699999999998e-07
4320 1.76874e-09
4324 1.82474e-09
4328 0.005867
4330 1.1232400000000001e-07
4332 0.08325830000000001
4334 0.000117046
4335 8.91088e-11
4336 2.3195900000000003e-05
4337 5.106830000000001e-08
4340 1.5876799999999998e-07
4342 1.02288e-09
4343 0.00177108
4344 4.02468e-10
4348 1.94625e-05
4350 1.79621e-09
4353 1.32493e-11
4355 7.027869999999999e-06
4357 0.00184275
4358 6.761560000000001e-10
4362 4.0662399999999996e-15
4363 0.000174225
4366 1.4136099999999998e-05
4373 0.00011124299999999999
4374 9.16385e-12
4375 8.760860000000001e-05
4377 0.000177671
4378 5.31529e-05
4381 0.0821978
4382 2.4942099999999996e-10
4383 0.00051925
4385 0.00173189
4388 1.8625900000000003e-07
4393 8.15201e-07
4394 3.01293e-13
4395 8.214169999999999e-14
4398 3.12638e-08
4399 0.00221418
4400 8.44578e-11
4401 4.9678e-07
4402 1.34536e-11
4403 2.68034e-20
4406 7.53097e-14
4407 0.0339483
4408 0.00137033
4410 5.319289999999999e-06
4412 0.00251586
4413 7.9706e-08
4414 1.64475e-08
4415 3.91404e-07
4416 1.24695e-05
4417 2.78383e-09
4418 1.0046e-09
4419 5.5053e-05
4420 0.000238135
4422 3.93148e-05
4425 9.580880000000001e-15
4426 4.07338e-10
4427 2.83704e-10
4428 6.01373e-05
4431 0.00021501400000000003
4435 0.000437436
4440 4.81581e-05
4442 0.00017869400000000002
4443 3.78144e-06
4444 9.266040000000001e-09
4445 0.00556286
4447 0.000357002
4448 2.34372e-11
4449 5.04311e-05
4451 4.46073e-08
4453 2.7321299999999997e-09
4454 0.00961153
4456 2.16168e-06
4458 1.53354e-08
4460 1.95927e-07
4461 7.35926e-10
4462 1.3487299999999999e-06
4465 5.66231e-07
4467 3.18671e-12
4469 9.36505e-06
4472 8.19327e-06
4473 1.36826e-09
4475 1.063e-06
4476 1.00984e-05
4477 8.356809999999999e-05
4478 3.47996e-10
4480 0.00406123
4482 0.000266883
4483 4.168600000000001e-07
4485 0.0149208
4486 4.45901e-10
4489 0.000100349
4491 2.02169e-06
4492 5.77212e-05
4497 0.0116508
4501 3.38378e-05
4503 3.4429500000000004e-08
4504 4.615180000000001e-09
4505 1.7955599999999997e-08
4506 1.8571900000000001e-06
4511 2.6141200000000002e-06
4513 1.3581900000000001e-05
4515 1.33729e-07
4516 8.05815e-05
4521 5.00525e-05
4522 0.000347619
4523 0.0006236680000000001
4525 2.5508599999999997e-06
4529 3.86449e-09
4531 5.91722e-05
4533 1.0543200000000001e-08
4534 0.000126881
4536 0.00466796
4538 0.014894399999999999
4541 2.4432300000000004e-07
4543 4.35968e-07
4545 0.0100095
4546 8.09138e-10
4547 8.474739999999999e-08
4550 0.017971200000000003
4554 3.23064e-08
4556 6.25646e-07
4557 1.0381900000000001e-05
4559 8.030639999999999e-07
4560 1.62122e-07
4561 0.111892
4564 0.6093970000000001
4567 1.17544e-06
4568 2.19088e-09
4569 0.00285553
4572 8.534360000000002e-08
4573 0.00013171
4575 1.94962e-06
4577 1.33895e-12
4578 3.06714e-08
4580 2.66635e-05
4582 1.13069e-05
4583 3.5654400000000005e-07
4586 0.000230376
4589 0.274421
4590 1.1608e-05
4593 0.0189225
4594 8.13289e-08
4596 1.07148e-06
4598 7.56813e-06
4599 2.12908e-11
4602 5.5229e-07
4603 5.62988e-06
4608 0.0130566
4610 0.00032277900000000003
4613 0.00042360900000000003
4614 8.52129e-05
4615 9.97104e-05
4616 6.04833e-09
4617 3.79329e-05
4619 0.000285529
4620 0.149822
4621 0.0226472
4624 5.3559799999999995e-05
4629 0.084703
4633 0.00011035
4635 0.0521226
4637 4.5805699999999997e-17
4638 2.13915e-07
4639 0.00262937
4640 7.72967e-07
4641 1.2655600000000001e-08
4642 0.00281215
4645 1.42955e-13
4646 0.12383399999999999
4650 1.4043500000000002e-10
4657 1.17226e-05
4658 0.00013521600000000001
4659 1.54608e-07
4661 2.64094e-08
4663 4.74815e-08
4664 7.9505e-05
4665 5.84068e-08
4666 4.8858199999999996e-09
4667 8.03691e-07
4668 4.26809e-06
4669 0.00121655
4670 0.00129298
4677 2.23864e-05
4678 2.42776e-07
4680 2.4172599999999997e-16
4681 4.2295299999999995e-05
4684 2.37602e-07
4688 2.93335e-12
4690 1.5544400000000002e-08
4695 6.975110000000001e-06
4696 0.031417400000000005
4697 2.38152e-13
4698 0.000133288
4700 2.36939e-08
4703 7.12878e-10
4704 2.66295e-06
4709 9.431120000000001e-05
4711 9.83239e-09
4712 4.0142199999999997e-05
4713 0.00041968800000000004
4716 5.32801e-08
4717 1.56948e-09
4720 2.9028999999999998e-08
4721 0.00398596
4724 5.47255e-11
4725 3.75662e-08
4726 2.38275e-05
4728 8.52926e-05
4729 7.83524e-08
4730 8.20588e-06
4731 4.7236e-06
4733 1.38326e-07
4734 1.24234e-06
4736 3.85218e-07
4738 0.00661249
4739 0.00163246
4740 0.00010850100000000001
4741 0.035356900000000004
4744 0.000173582
4745 9.855639999999999e-12
4749 0.635559
4751 4.10483e-05
4752 1.1532099999999999e-06
4755 7.072819999999999e-06
4756 0.06465030000000001
4757 1.38251e-10
4758 0.00010033399999999999
4759 2.8362500000000003e-07
4762 1.76486e-10
4763 1.98493e-11
4764 2.6894299999999998e-05
4765 4.54805e-08
4766 0.000149944
4767 7.20558e-05
4769 1.7422299999999998e-06
4771 1.29552e-05
4772 0.000350585
4774 6.05193e-05
4775 0.124179
4778 1.21014e-05
4780 3.76271e-07
4781 8.63326e-08
4784 1.72917e-08
4787 0.00013492
4791 4.23015e-06
4795 0.00041819
4798 0.011027200000000001
4800 2.43188e-11
4802 1.4499e-06
4803 0.239734
4804 0.026153700000000002
4806 5.406040000000001e-06
4807 0.000725466
4809 1.41462e-12
4810 1.4014400000000001e-07
4811 3.4307e-06
4813 4.35381e-08
4817 0.0095665
4819 1.12021e-05
4820 3.54916e-05
4821 0.0007352560000000001
4822 4.00712e-09
4824 3.62195e-17
4827 6.05634e-06
4829 3.3085099999999995e-07
4833 6.4887899999999995e-09
4835 1.9079499999999997e-06
4838 1.18117e-05
4843 1.4229000000000001e-08
4844 9.60047e-06
4845 2.94675e-12
4847 7.5561e-05
4851 9.76463e-06
4853 9.00666e-05
4854 3.4347900000000003e-07
4855 4.4493e-05
4858 2.64708e-05
4860 3.98388e-09
4861 1.57932e-11
4862 1.01259e-06
4864 2.86133e-06
4865 0.538196
4870 4.21091e-09
4871 9.53825e-06
4874 0.058247400000000005
4875 1.28817e-05
4877 1.18452e-05
4880 3.21486e-07
4881 2.75304e-05
4883 3.05134e-07
4884 4.14651e-07
4887 1.08607e-06
4888 0.0018457999999999999
4889 8.82803e-07
4891 6.13482e-10
4892 6.37892e-05
4893 0.0038047
4894 0.00065525
4899 2.70617e-07
4900 0.00137477
4901 0.016791099999999996
4904 1.95316e-13
4906 6.54087e-08
4908 0.000487329
4909 1.37459e-10
4914 4.4301e-07
4915 5.25432e-11
4917 2.2542599999999997e-12
4918 8.792190000000001e-09
4919 8.104940000000001e-07
4920 0.000289806
4921 1.7173300000000002e-07
4922 1.2695e-05
4923 8.15653e-08
4924 3.80458e-09
4925 0.00183509
4927 2.20695e-07
4930 0.00180437
4932 0.152338
4933 1.9053400000000003e-06
4934 4.64073e-05
4937 6.40117e-05
4940 1.05931e-07
4941 7.98616e-06
4942 2.9163400000000004e-10
4944 9.50875e-05
4945 4.24567e-05
4947 0.00034796400000000003
4949 0.00020993900000000002
4952 6.45552e-06
4957 0.708191
4959 4.46385e-06
4964 1.2769800000000001e-05
4965 9.371939999999999e-07
4969 5.98059e-06
4970 0.903494
4971 1.52184e-06
4975 4.23082e-09
4978 0.00012137299999999999
4979 9.948939999999998e-08
4980 0.024156599999999997
4981 1.08335e-12
4988 8.536549999999999e-05
4989 3.4478e-07
4993 0.00184485
4996 6.87804e-11
5000 1.80806e-14
5002 3.76207e-11
5005 1.33507e-06
5008 4.73765e-14
5009 2.00043e-10
5010 0.00345596
5011 5.16956e-06
5012 0.00131431
5013 6.97722e-06
5015 1.5036e-05
5017 0.00281577
5019 5.18898e-06
5021 2.6007099999999997e-10
5022 1.3970100000000001e-07
5025 2.0113e-07
5030 9.74447e-14
5031 4.28515e-07
5034 0.00185792
5035 9.545010000000001e-14
5038 4.09462e-05
5040 0.000150677
5041 6.691219999999999e-06
5043 0.000511081
5044 2.63018e-05
5046 3.03568e-10
5048 6.13085e-13
5049 1.24701e-05
5050 1.22597e-06
5051 0.00210479
5053 0.0317262
5059 4.44373e-07
5060 5.31795e-05
5066 1.91525e-06
5069 0.00252302
5070 4.96617e-06
5074 0.000183425
5075 5.333619999999999e-10
5076 1.82077e-05
5080 0.00138727
5082 1.97683e-05
5083 2.94398e-09
5087 6.28399e-15
5088 4.30746e-06
5089 5.3411300000000006e-09
5091 3.0462e-10
5092 0.00231416
5095 0.000203563
5096 3.00141e-15
5098 4.39724e-11
5099 4.35056e-08
5100 9.31126e-06
5103 0.00010902799999999999
5105 1.3492000000000002e-07
5106 0.00245911
5109 2.8016900000000003e-08
5112 1.16309e-07
5113 0.00393619
5115 4.84649e-12
5117 1.30133e-05
5118 6.36289e-09
5119 1.56948e-05
5120 4.95181e-09
5123 6.91897e-06
5125 7.48531e-09
5126 0.00156904
5127 0.00132946
5132 0.455114
5133 3.4582e-11
5137 0.000568965
5139 0.278412
5140 9.81252e-06
5141 0.0701918
5142 1.7293200000000002e-06
5147 1.4935499999999999e-06
5148 6.65669e-05
5149 0.00017395599999999999
5151 1.5096300000000001e-05
5152 0.00441991
5154 8.81223e-10
5155 5.29704e-07
5157 5.15162e-09
5158 8.6186e-08
5162 8.485600000000001e-07
5163 1.95946e-05
5164 3.41073e-07
5165 0.000212623
5166 5.857210000000001e-09
5167 0.00343851
5170 1.8054e-06
5172 7.79531e-05
5174 2.62211e-06
5178 1.70736e-11
5180 1.1794000000000001e-05
5182 0.10637
5184 0.028929200000000002
5187 8.25178e-08
5188 4.79053e-10
5192 1.81141e-09
5193 0.00356664
5194 2.20511e-07
5196 1.3452e-09
5197 2.27186e-11
5198 0.00460575
5200 1.52822e-05
5201 1.43649e-06
5204 1.1802e-11
5205 1.82529e-05
5206 0.012096299999999999
5207 0.00044146
5211 1.45199e-14
5213 2.6350900000000002e-05
5216 0.00036737300000000005
5218 1.3095400000000002e-06
5221 4.39724e-06
5225 4.1786900000000005e-06
5226 0.000127554
5227 0.00222386
5228 6.003520000000001e-07
5232 1.00914e-08
5233 1.95759e-05
5234 0.000492144
5235 1.3671500000000001e-05
5237 2.81676e-08
5238 7.84142e-11
5240 7.34971e-07
5241 0.07983989999999999
5243 6.8002e-08
5247 1.5634999999999997e-08
5249 1.1045e-05
5250 2.50587e-06
5251 0.0046286
5252 0.000195863
5255 1.28976e-05
5256 1.1536199999999998e-05
5261 6.621510000000001e-06
5265 1.42486e-08
5266 1.1252100000000001e-06
5271 5.56856e-07
5272 8.238330000000001e-10
5275 9.171439999999999e-08
5276 0.0042358000000000005
5277 0.00038727900000000003
5279 1.21096e-06
5280 2.63892e-05
5282 8.80204e-15
5284 4.46301e-11
5286 6.02519e-08
5287 9.104410000000001e-08
5289 1.0710700000000002e-06
5291 1.97118e-06
5294 8.600799999999999e-07
5295 7.064859999999999e-05
5296 8.86592e-08
5299 0.000391312
5300 5.24923e-05
5301 1.5133899999999999e-12
5302 0.00306385
5308 0.00034907
5309 3.47606e-12
5313 6.18473e-08
5316 7.8982e-09
5317 1.1250899999999999e-07
5321 2.7852900000000003e-08
5322 8.447760000000001e-06
5323 6.45803e-08
5324 2.8659100000000002e-06
5329 0.00223849
5330 2.23333e-06
5332 2.2703899999999998e-05
5333 0.00321175
5334 0.591683
5335 0.00450973
5339 0.00542412
5341 0.000801796
5342 0.234895
5347 0.00010674399999999999
5353 1.79442e-06
5354 6.79378e-11
5356 7.82248e-06
5357 3.6769899999999995e-05
5359 2.0740300000000002e-05
5361 0.00458515
5362 7.871489999999998e-06
5364 1.0006399999999998e-18
5366 2.28584e-06
5372 1.1354e-06
5375 6.01985e-05
5376 0.00240228
5377 3.67171e-05
5381 0.00010197799999999999
5382 7.834520000000001e-05
5386 0.00667113
5390 5.8264e-08
5392 0.00134506
5394 0.000417724
5399 0.00044928
5400 5.10564e-08
5401 1.94689e-11
5402 2.09245e-05
5403 5.34628e-09
5409 0.635927
5411 2.8244799999999997e-09
5412 2.79002e-07
5415 0.0116329
5422 5.99682e-08
5425 0.00024902400000000003
5426 0.0100021
5427 6.072019999999999e-07
5428 2.4132399999999996e-13
5432 1.47564e-09
5435 1.2700300000000002e-07
5437 2.65593e-10
5442 6.4546800000000005e-06
5443 8.14994e-05
5444 2.66784e-07
5446 0.000293497
5447 1.3875100000000001e-06
5449 9.81238e-05
5452 1.3762299999999998e-06
5456 0.502684
5458 3.96251e-05
5459 0.00220134
5460 0.00239888
5462 6.93253e-07
5463 1.2288799999999999e-08
5464 1.3592600000000001e-08
5466 0.000130808
5468 1.56883e-11
5472 0.0007783569999999999
5473 1.07072e-05
5474 0.0006600719999999999
5476 0.00040092800000000005
5477 2.0967e-07
5479 1.07676e-10
5480 7.99525e-13
5482 0.000160616
5484 3.60247e-09
5488 2.24527e-07
5490 0.000193333
5491 7.528780000000001e-07
5492 1.0945e-06
5493 2.01473e-11
5494 0.000160561
5495 9.11859e-16
5498 8.745160000000001e-06
5500 0.000353632
5501 2.54882e-11
5502 5.34836e-06
5503 1.65316e-16
5504 1.94009e-08
5505 0.00683647
5506 4.989700000000001e-10
5512 4.17909e-06
5513 0.313822
5516 7.051219999999999e-16
5520 3.61298e-09
5523 1.33716e-10
5525 1.2476199999999999e-09
5528 0.00152998
5529 0.000256421
5532 2.78632e-06
5533 0.000117646
5534 1.3993099999999999e-13
5537 0.000798008
5538 0.00017559
5540 1.2230299999999999e-15
5543 5.3197099999999995e-08
5545 6.56109e-07
5546 0.00041177
5548 0.00181566
5551 6.42442e-08
5553 1.1791300000000002e-09
5555 1.80616e-05
5556 2.44725e-05
5557 0.000274513
5558 1.73631e-09
5560 1.12165e-06
5561 1.27504e-06
5562 4.22239e-07
5564 0.15294100000000002
5565 1.10522e-05
5567 4.2145000000000007e-11
5569 3.75389e-05
5570 6.812100000000001e-07
5571 3.0189499999999997e-10
5572 0.0929446
5575 3.90196e-13
5578 0.16841199999999998
5580 6.12793e-05
5581 5.78442e-06
5587 2.713e-09
5589 1.2153300000000001e-08
5594 6.63187e-07
5595 8.59674e-07
5596 4.5702500000000003e-07
5597 4.66171e-07
5598 5.95859e-11
5602 0.00242429
5604 2.6059399999999998e-09
5607 5.91761e-06
5610 0.350406
5612 6.04423e-07
5616 8.02374e-05
5617 0.00482094
5619 1.22635e-12
5621 1.00851e-06
5622 1.87093e-05
5623 1.74663e-08
5626 7.957380000000001e-07
5627 4.66366e-07
5628 3.3960400000000004e-06
5632 2.54696e-06
5633 7.23402e-05
5634 0.0102072
5635 1.33209e-11
5638 0.00209017
5642 2.07285e-05
5643 1.95884e-05
5646 9.589800000000001e-06
5649 1.3805799999999998e-09
5650 0.00038156
5651 0.000919091
5656 1.0316900000000001e-05
5659 7.854630000000001e-06
5661 6.97527e-07
5663 1.1091299999999999e-06
5665 1.16981e-08
5666 0.00399109
5667 6.72179e-05
5670 7.445180000000001e-06
5671 1.5333000000000002e-08
5673 3.59931e-08
5675 1.03923e-05
5677 0.060865800000000005
5678 2.1474900000000003e-10
5681 7.36845e-05
5683 8.94461e-12
5684 0.0452702
5688 2.42444e-11
5689 4.1436500000000004e-07
5690 1.34358e-07
5691 0.00041988
5692 0.00142839
5694 1.70773e-11
5698 2.77547e-08
5703 2.25588e-05
5706 4.91041e-07
5707 0.000576343
5708 0.000204227
5709 2.5177600000000004e-07
5711 0.0131563
5712 0.0262572
5717 3.29329e-05
5720 2.8123700000000004e-06
5721 2.66265e-06
5722 0.363164
5724 4.0016599999999996e-07
5725 4.5258999999999995e-05
5726 3.72566e-10
5727 2.8278700000000005e-06
5733 0.329208
5734 0.000186653
5737 5.90646e-11
5739 1.0729799999999999e-10
5744 5.14782e-09
5745 9.74798e-05
5746 7.90255e-08
5748 7.61563e-06
5750 3.6545099999999995e-07
5751 4.701830000000001e-06
5753 1.82041e-05
5754 3.66558e-05
5758 5.65857e-09
5759 4.9294099999999997e-08
5763 6.58281e-08
5766 8.11479e-05
5767 5.56173e-07
5770 5.148010000000001e-09
5771 0.00137214
5772 0.014261600000000001
5774 1.7858899999999999e-07
5775 2.25775e-08
5776 0.000915453
5777 1.34522e-07
5778 4.39184e-05
5785 2.5111399999999998e-05
5787 2.01625e-07
5792 1.41374e-05
5793 3.78676e-08
5795 0.000168928
5797 0.0845197
5798 1.55565e-08
5800 2.86755e-05
5801 1.5190799999999999e-07
5802 8.0738e-08
5804 1.0521199999999998e-05
5807 1.59662e-05
5808 3.33708e-05
5809 1.3687e-07
5810 9.55747e-07
5816 5.87521e-13
5820 8.64132e-07
5822 0.43846999999999997
5823 7.79614e-07
5827 7.87283e-08
5832 9.690560000000001e-08
5833 7.142739999999999e-06
5834 4.49196e-11
5835 0.0005069180000000001
5837 2.05868e-07
5842 8.96728e-11
5844 1.1986899999999999e-10
5846 0.134871
5847 2.03068e-07
5848 6.222340000000001e-10
5849 0.00272031
5855 9.00639e-12
5857 2.51529e-07
5858 0.0292841
5862 3.28725e-08
5865 0.00151588
5866 2.54087e-08
5869 9.17309e-07
5870 6.27281e-13
5871 1.6486000000000002e-06
5872 3.37176e-10
5876 0.14890899999999999
5880 5.759310000000001e-06
5882 0.000142678
5883 0.00054323
5886 0.000601403
5887 8.368299999999999e-05
5890 0.0079343
5891 2.12302e-07
5892 0.0223432
5896 5.35173e-05
5898 3.22693e-08
5900 0.000104793
5902 2.72958e-11
5904 5.1099800000000003e-08
5907 6.614860000000001e-06
5913 6.98081e-05
5915 5.36713e-07
5916 0.00660753
5921 0.00115634
5922 3.21477e-06
5924 4.64398e-07
5925 2.44923e-05
5926 5.9320900000000005e-06
5927 2.9175e-07
5929 1.71845e-10
5931 0.00334323
5932 1.3168e-05
5933 4.1079e-06
5934 4.21248e-09
5935 2.82693e-06
5936 3.0536e-05
5937 7.41922e-09
5939 1.63516e-06
5941 1.37922e-06
5942 0.00117331
5943 4.5667400000000003e-07
5944 0.004271100000000001
5945 0.00015939399999999999
5946 5.160549999999999e-06
5949 4.7714300000000005e-05
5950 3.35514e-10
5953 0.000216715
5955 7.33952e-06
5957 6.2103e-06
5958 8.78978e-06
5959 1.87971e-11
5962 3.86783e-10
5965 1.8647000000000003e-07
5966 1.31731e-05
5967 0.43935100000000005
5969 8.72348e-05
5972 1.2513599999999998e-05
5973 0.0137418
5974 9.21384e-11
5976 5.96929e-06
5977 3.99832e-11
5978 0.000323118
5982 0.010509399999999999
5986 1.14544e-08
5987 2.02502e-07
5993 0.000414533
5994 0.00119845
5997 0.000326548
5999 2.67004e-07
6002 0.00154489
6003 5.91259e-13
6006 1.01027e-08
6007 0.0391522
6008 7.72509e-07
6010 0.000350901
6013 0.00583372
6014 1.40341e-06
6015 4.40431e-06
6016 2.31687e-07
6017 5.79176e-11
6019 1.34342e-08
6021 0.049056800000000005
6022 5.690059999999999e-07
6024 1.3159799999999999e-06
6031 6.27034e-07
6032 2.81736e-06
6034 2.8340299999999997e-08
6036 0.012953200000000002
6037 0.00016409900000000002
6039 0.0559538
6040 2.76228e-06
6044 1.7178399999999998e-05
6047 5.211760000000001e-07
6048 3.93889e-07
6049 0.00045503300000000003
6050 0.00051842
6051 3.3689599999999996e-06
6052 2.1539000000000002e-07
6053 3.6505800000000006e-10
6054 1.14606e-05
6056 8.528760000000001e-08
6057 4.70553e-09
6059 2.8084299999999998e-05
6060 0.00297835
6063 1.4225e-10
6064 4.0204200000000004e-05
6068 2.8069899999999996e-09
6072 1.23041e-06
6075 1.2755299999999999e-08
6076 0.0043154
6077 2.5147099999999997e-06
6080 6.822480000000001e-12
6081 9.356780000000001e-05
6082 1.53379e-09
6083 2.7973e-12
6085 0.0317087
6086 9.66609e-06
6087 5.2271e-05
6090 7.43882e-11
6092 2.71427e-05
6093 0.000591111
6094 0.0007546639999999999
6099 2.02428e-05
6101 5.9213900000000006e-05
6102 2.20035e-06
6106 0.133246
6109 3.40112e-05
6110 0.00010732399999999999
6112 0.00266468
6113 8.27704e-08
6114 0.000456876
6115 6.573939999999999e-05
6116 3.0957400000000004e-16
6118 4.84994e-05
6119 4.64083e-11
6121 1.0007e-11
6122 0.020824799999999997
6126 5.16072e-07
6127 1.3945599999999999e-05
6132 2.66377e-16
6137 4.48674e-08
6138 2.01397e-06
6142 2.36659e-06
6143 0.204083
6144 7.96504e-07
6145 4.0043800000000004e-06
6147 2.0944099999999998e-05
6149 0.000505279
6152 9.17645e-06
6154 3.29288e-05
6155 2.89733e-05
6157 0.000180814
6160 9.62945e-05
6164 0.0689703
6165 9.346210000000001e-10
6167 0.0020388
6168 3.35188e-05
6169 5.51499e-05
6173 0.0237178
6178 0.00017963400000000002
6182 7.285560000000001e-05
6186 4.913409999999999e-07
6191 1.1310899999999999e-08
6192 1.01422e-06
6193 1.9602499999999998e-07
6194 3.00427e-05
6195 0.00011357799999999999
6197 7.617560000000001e-05
6199 3.28586e-09
6200 8.475190000000001e-05
6204 0.00011486399999999999
6205 3.23382e-06
6207 0.347686
6211 8.151189999999998e-06
6213 2.1713099999999997e-06
6217 0.0113254
6226 5.53238e-05
6227 0.013302700000000002
6228 2.05896e-08
6231 1.8153900000000002e-05
6232 0.00017215200000000001
6237 0.0460101
6239 6.39521e-05
6242 2.5792e-10
6244 0.00081345
6245 2.5158200000000002e-05
6246 5.0172e-07
6248 4.67027e-06
6253 1.97741e-05
6255 0.000106559
6256 2.58959e-09
6257 5.65681e-08
6263 6.41723e-15
6265 8.84736e-07
6266 0.000908904
6268 2.88544e-15
6271 4.4223e-08
6273 3.0660000000000004e-06
6274 2.20016e-06
6278 1.15795e-06
6280 1.2613e-05
6283 5.9598699999999994e-08
6287 1.70919e-06
6288 0.00142128
6292 1.35201e-10
6293 2.08906e-07
6294 2.45915e-05
6297 1.43878e-07
6298 9.3163e-08
6302 2.2453099999999998e-08
6303 1.17399e-07
6307 1.1494300000000001e-05
6308 6.85402e-11
6310 0.00180056
6311 1.57717e-05
6312 5.63208e-07
6313 6.385549999999999e-06
6315 1.0622499999999999e-06
6316 7.32263e-05
6317 7.2623e-08
6322 1.20573e-05
6324 1.4242199999999999e-09
6326 5.707189999999999e-13
6327 6.25272e-08
6328 1.5642599999999998e-05
6331 5.27115e-09
6332 5.10771e-07
6333 8.80648e-14
6334 4.317430000000001e-10
6336 7.62157e-08
6340 3.67315e-11
6342 4.8461700000000004e-05
6343 0.000979346
6345 1.42703e-06
6347 5.51381e-07
6354 3.80008e-05
6356 1.31623e-08
6358 1.3854600000000001e-05
6359 3.74142e-06
6360 9.57962e-05
6361 0.025633299999999998
6364 0.0563263
6365 0.07569769999999999
6368 0.579236
6370 0.00638805
6372 3.6650799999999996e-07
6373 0.000195046
6376 1.1682700000000001e-06
6378 0.012072
6379 6.75543e-08
6380 2.88103e-05
6383 1.07188e-06
6384 8.43083e-05
6386 5.53794e-08
6388 3.8964799999999994e-07
6389 3.29051e-08
6390 3.87323e-06
6393 3.03467e-06
6394 1.0085399999999999e-08
6397 1.5762400000000001e-09
6399 4.89676e-05
6401 0.000393866
6402 2.4551099999999998e-08
6403 5.0328e-05
6405 5.25415e-05
6406 7.2871e-06
6407 6.584100000000001e-07
6408 1.6031899999999999e-06
6410 3.06565e-05
6412 1.31869e-12
6413 6.26565e-08
6414 0.00654067
6415 3.02759e-08
6416 9.61939e-05
6420 7.878199999999999e-05
6422 9.29078e-07
6423 3.7825899999999997e-07
6426 8.83658e-05
6431 3.13337e-09
6432 2.51975e-05
6435 3.27601e-06
6439 1.04644e-07
6441 0.000267689
6446 1.81326e-05
6451 4.41875e-10
6452 5.5255e-07
6453 0.00012169299999999999
6454 1.48759e-08
6457 3.30273e-06
6460 1.85792e-05
6461 3.2889999999999998e-06
6464 9.47719e-05
6467 2.64856e-14
6469 1.2100899999999998e-08
6471 2.1061900000000004e-06
6477 0.00449778
6478 0.0185587
6479 6.920590000000001e-05
6481 3.2738099999999997e-10
6485 7.827970000000001e-07
6487 6.1834e-08
6489 0.00019566
6490 0.0007411960000000001
6491 1.8794400000000003e-12
6493 1.1424200000000001e-07
6494 1.2317799999999999e-09
6496 6.19229e-05
6498 5.11278e-10
6500 0.000287173
6502 3.68994e-12
6504 1.9537800000000002e-07
6505 7.4947e-07
6508 7.09734e-05
6510 1.4831399999999999e-08
6511 0.333943
6513 1.59191e-07
6514 0.00018963700000000001
6516 8.875469999999999e-05
6517 0.000495404
6518 1.00453e-14
6521 1.75751e-05
6522 0.244119
6525 0.000129596
6526 0.00044813199999999996
6527 0.00026576700000000003
6528 0.000115355
6531 0.030996499999999996
6533 3.20316e-12
6535 6.0596e-12
6537 0.0006972619999999999
6539 0.000753236
6540 0.70248
6541 0.000114332
6544 1.12104e-07
6545 1.7657700000000002e-08
6546 2.1163299999999998e-05
6552 5.241409999999999e-06
6554 4.19296e-05
6555 0.77976
6557 2.16429e-07
6558 3.5156e-06
6559 0.0085501
6561 4.8354900000000004e-12
6563 0.000187665
6566 0.0804265
6567 1.2760600000000001e-14
6568 9.75608e-05
6571 0.000163286
6573 0.0025614
6574 8.36263e-07
6577 3.7429599999999997e-06
6579 0.000348814
6580 0.00177476
6581 1.8359900000000002e-06
6582 1.12214e-05
6586 0.293678
6589 0.05271569999999999
6590 3.92033e-09
6591 0.010128
6592 7.826580000000001e-06
6594 9.68089e-07
6596 3.3844800000000002e-06
6598 0.00129003
6600 2.11198e-07
6601 1.42845e-07
6604 2.79194e-09
6607 3.60781e-06
6608 3.16629e-14
6613 9.69084e-06
6614 0.000848182
6615 0.000103118
6616 0.000776784
6620 1.53434e-08
6623 0.0626143
6624 0.000290702
6629 1.50976e-07
6630 5.80687e-08
6633 9.07471e-07
6634 2.73749e-06
6639 5.0213799999999995e-09
6640 9.8642e-10
6641 4.8030900000000005e-15
6642 1.05398e-10
6644 1.02669e-05
6646 9.885839999999999e-06
6649 0.014480600000000001
6650 1.71052e-10
6651 0.000163129
6653 1.92159e-11
6655 0.00039893599999999996
6656 1.7161700000000002e-05
6659 0.00881675
6662 0.00183276
6663 3.4725699999999996e-06
6665 6.6579e-05
6669 1.6912e-05
6672 0.5333399999999999
6675 0.00212719
6676 5.2086699999999996e-09
6680 4.89369e-07
6683 2.8115300000000005e-09
6685 9.27324e-08
6686 1.98758e-07
6688 1.72187e-10
6691 5.76981e-13
6692 0.00085364
6693 6.8950200000000005e-09
6700 6.597469999999999e-08
6701 1.0922700000000002e-12
6705 2.0674899999999997e-05
6710 0.000262916
6711 9.91227e-07
6712 5.4465000000000004e-15
6713 0.00428217
6715 1.84919e-05
6716 8.48802e-10
6717 5.4548299999999995e-09
6720 8.98126e-13
6721 5.0527499999999994e-08
6723 1.77756e-09
6724 4.41227e-09
6728 0.0457821
6729 0.00123875
6732 3.2019899999999995e-05
6733 1.2377599999999998e-07
6737 5.14293e-12
6741 1.89471e-08
6742 7.81683e-07
6743 9.91428e-11
6744 0.00138799
6745 7.4255e-05
6746 0.000194343
6749 2.57853e-12
6750 3.11668e-06
6752 4.12408e-10
6754 6.40476e-12
6756 0.100082
6757 1.6911600000000002e-09
6758 2.10312e-05
6763 2.10675e-07
6764 4.19219e-09
6767 0.017857400000000002
6770 0.011141799999999999
6771 1.48648e-08
6774 7.76631e-07
6775 2.45248e-06
6776 1.9408099999999998e-05
6778 8.81485e-05
6779 0.045422199999999996
6780 1.02445e-07
6785 4.4227399999999996e-05
6787 5.27563e-05
6788 0.0180037
6790 2.27773e-05
6791 0.00681797
6792 0.00024834200000000003
6793 0.708413
6795 0.000149551
6796 2.2142800000000001e-10
6798 8.758710000000001e-07
6801 0.000260928
6804 1.49556e-05
6807 3.5858e-06
6809 0.00040921800000000004
6811 0.711662
6812 1.6418700000000001e-06
6815 0.00753682
6816 1.4812200000000002e-06
6817 1.0850299999999998e-06
6818 0.000934719
6820 1.97243e-05
6823 2.5871599999999998e-05
6826 8.59981e-09
6830 1.86121e-05
6831 1.0233200000000001e-13
6832 0.00143871
6834 2.7061599999999997e-09
6837 0.00510523
6843 3.70134e-05
6846 0.0488797
6851 0.00715948
6853 9.64372e-10
6854 1.03316e-09
6856 1.99804e-05
6857 1.04441e-06
6861 1.40756e-07
6863 0.195293
6870 2.96776e-06
6871 1.3822999999999999e-09
6872 6.635930000000001e-06
6873 0.45047200000000004
6875 0.516484
6877 0.000161537
6879 0.000171271
6881 0.203647
6882 1.29625e-05
6885 0.000655174
6888 4.1771e-09
6889 1.1098e-06
6890 3.2358699999999997e-07
6891 0.00036306699999999996
6894 0.00204318
6895 1.94368e-07
6897 0.448191
6898 0.00126742
6901 1.0401300000000002e-05
6902 6.50998e-05
6904 0.00046451
6905 3.03417e-06
6906 0.000612356
6907 9.90133e-05
6913 4.32971e-11
6915 0.0289086
6920 4.04441e-09
6921 1.38607e-10
6923 2.03535e-07
6925 0.00026562900000000003
6926 0.000179869
6927 5.14075e-11
6928 3.47801e-05
6929 2.2870500000000003e-14
6936 0.360559
6937 3.8072899999999997e-07
6938 7.5964e-06
6941 0.00010436399999999999
6942 1.39046e-16
6946 8.945510000000001e-10
6951 1.3392699999999999e-09
6954 0.00152367
6955 5.0788e-07
6957 0.000599861
6960 2.45722e-13
6961 0.00026513
6964 7.65087e-05
6967 2.5452899999999998e-05
6969 6.12414e-06
6970 6.33186e-05
6973 0.0755699
6974 0.000344855
6975 4.51117e-09
6977 1.0364800000000001e-10
6978 7.69695e-05
6979 2.11278e-11
6980 8.556330000000001e-08
6982 0.104477
6984 4.46939e-07
6985 2.19988e-08
6986 0.00124584
6991 0.00036230199999999995
6992 3.8484e-05
6993 2.83733e-17
6996 1.0176e-06
6997 7.19812e-11
6998 0.00170806
6999 5.6246400000000005e-14
7000 0.00703908
7001 4.89111e-07
7005 6.94142e-10
7010 1.32875e-14
7012 1.4464900000000001e-07
7013 2.01498e-08
7014 3.5076700000000003e-07
7015 1.85157e-12
7017 1.99307e-05
7019 4.87293e-06
7024 0.0124241
7026 5.64628e-05
7027 1.43377e-05
7028 0.00562359
7030 4.7640300000000003e-07
7032 2.27292e-07
7034 1.2224e-05
7037 9.41587e-07
7041 1.3145e-08
7043 0.0005147659999999999
7044 0.0034075000000000004
7047 0.002455
7051 1.66232e-07
7053 6.3772e-05
7055 0.24388800000000002
7057 3.03823e-06
7060 9.264459999999999e-05
7061 8.23299e-06
7063 6.43355e-09
7066 0.00107762
7067 3.88705e-05
7069 0.00490657
7076 1.9710200000000001e-07
7081 7.46182e-05
7082 0.000284055
7083 0.00150187
7085 0.000436504
7087 0.00030916
7091 6.6753e-07
7094 1.50487e-06
7096 1.41005e-05
7098 9.84816e-07
7099 0.000865931
7102 0.00023113299999999998
7103 0.00229594
7106 2.8139599999999994e-06
7107 1.42577e-07
7110 1.4465100000000001e-06
7111 3.02089e-07
7112 5.1459e-07
7115 3.93868e-16
7116 9.124089999999998e-08
7118 0.17243599999999998
7119 0.00232008
7120 0.00551809
7124 1.06802e-08
7126 0.00022969999999999997
7127 0.00186805
7131 4.91054e-15
7134 0.0117264
7135 0.0006105209999999999
7136 0.00510406
7137 2.69322e-05
7142 2.0370799999999998e-05
7143 2.33339e-09
7145 7.94102e-10
7151 0.000155894
7155 1.39221e-13
7156 1.0921300000000002e-05
7157 1.6731600000000001e-07
7158 0.015047299999999998
7160 4.9039e-13
7161 0.00116537
7164 6.12186e-09
7169 0.00176844
7170 4.900650000000001e-07
7171 1.2503e-07
7173 3.06651e-05
7175 1.1434200000000001e-05
7176 1.1033400000000001e-06
7178 0.00328505
7179 0.00196263
7181 0.0006626830000000001
7183 3.37996e-07
7186 2.1427699999999998e-05
7188 5.702149999999999e-09
7190 0.00028101
7192 3.3894e-08
7195 0.06605950000000001
7196 1.1956399999999999e-06
7198 0.139498
7199 1.94029e-11
7201 0.000532171
7202 0.00453573
7203 8.02996e-08
7206 8.72891e-09
7207 3.30041e-05
7209 2.30932e-05
7218 2.14071e-05
7220 9.62367e-06
7221 0.000344584
7225 6.82185e-07
7226 4.49347e-07
7228 3.44972e-06
7229 0.678559
7231 0.00130204
7232 3.14351e-06
7233 3.0442e-11
7235 5.25273e-12
7237 7.13793e-06
7238 1.53967e-10
7239 0.00409547
7240 4.38326e-08
7242 8.015909999999999e-07
7246 4.894740000000001e-07
7248 4.71244e-08
7251 5.64461e-06
7252 0.0899931
7253 0.478767
7254 1.73981e-06
7255 2.2103400000000002e-07
7257 3.3242699999999993e-10
7262 0.000416333
7264 1.09879e-05
7265 0.0891411
7267 0.00091589
7268 0.000249886
7269 0.00010865799999999999
7272 4.1904199999999995e-10
7273 2.6946e-08
7277 5.86992e-06
7278 0.000559724
7281 1.57193e-05
7282 3.61181e-07
7286 1.6695699999999998e-07
7287 1.43734e-10
7288 1.15243e-12
7290 5.8893e-06
7291 1.01675e-08
7293 0.322102
7301 3.21438e-07
7303 0.585648
7304 0.00147411
7306 0.000210158
7307 1.0447399999999998e-10
7309 1.2924899999999999e-16
7310 0.06941989999999999
7312 1.41548e-05
7313 0.00028019
7315 4.13743e-05
7316 0.000354023
7317 0.0005918340000000001
7319 5.47567e-07
7320 2.0970900000000002e-07
7321 1.5962100000000001e-06
7324 0.000279033
7326 7.38866e-09
7328 3.7481700000000004e-05
7331 5.54433e-06
7332 8.60223e-07
7333 3.4487199999999994e-06
7335 0.000305771
7337 9.230410000000001e-06
7338 4.38574e-05
7339 1.8045500000000002e-10
7340 2.5236099999999997e-08
7341 1.77117e-06
7342 0.0383625
7345 1.45442e-10
7347 0.00138908
7348 1.51647e-07
7349 1.7600299999999999e-06
7352 0.00152822
7353 3.73875e-06
7354 1.93624e-10
7355 1.39855e-05
7357 2.6287199999999997e-07
7358 3.17318e-07
7360 9.217689999999999e-08
7362 2.3828499999999997e-10
7364 1.0824299999999999e-07
7366 0.00107941
7367 4.11059e-07
7368 1.06714e-08
7371 2.3521900000000003e-06
7377 5.031800000000001e-07
7378 0.00791095
7379 2.6501799999999998e-05
7380 0.0167678
7382 1.39955e-05
7384 7.66884e-07
7386 4.59153e-07
7387 3.08041e-09
7391 0.000242532
7392 0.507903
7393 6.94208e-05
7395 8.596600000000001e-05
7397 0.000131775
7399 3.80747e-10
7400 0.00270687
7401 7.33681e-08
7402 1.87066e-05
7403 1.73944e-11
7404 6.44036e-05
7405 7.02552e-09
7406 6.020119999999999e-06
7407 0.0033426000000000003
7409 2.5048300000000003e-07
7412 0.261369
7415 5.3895100000000005e-05
7418 1.81801e-07
7420 0.0009641589999999999
7423 1.04972e-12
7426 2.09268e-15
7428 0.00100264
7429 4.878550000000001e-09
7430 3.11039e-07
7434 0.00603966
7440 4.6988000000000005e-05
7441 4.98647e-12
7442 5.15322e-06
7444 0.18526900000000002
7447 1.5070999999999998e-11
7450 3.1187100000000003e-07
7452 0.0364037
7453 2.70618e-05
7455 6.260159999999999e-10
7456 6.62323e-06
7459 3.0739e-05
7462 5.4873000000000004e-08
7463 6.13492e-05
7464 0.00109693
7469 8.19109e-06
7471 9.74707e-05
7472 0.000146362
7473 5.77857e-10
7476 0.00035695800000000005
7478 3.92487e-07
7485 2.72548e-05
7487 1.31057e-07
7488 3.32244e-05
7492 1.2995899999999999e-09
7494 2.43872e-05
7495 1.9424000000000002e-06
7496 0.00234042
7499 1.78165e-10
7500 0.000186141
7501 1.43971e-06
7502 9.03862e-09
7504 7.76287e-12
7505 1.12246e-08
7507 5.15337e-07
7508 4.20332e-06
7509 0.035201199999999995
7510 0.00019664900000000002
7512 2.47812e-07
7514 1.4592899999999999e-05
7515 0.00525019
7516 0.0124632
7518 3.98012e-07
7520 6.42222e-06
7522 0.000111942
7529 3.4310000000000002e-09
7531 0.000528201
7532 6.830989999999999e-07
7534 1.54386e-06
7539 1.51737e-10
7541 1.29586e-07
7542 8.90432e-07
7545 2.26829e-05
7548 0.00025628099999999997
7549 3.2305099999999996e-08
7550 2.6653999999999998e-08
7552 0.00683337
7553 1.31718e-07
7554 0.00817897
7556 9.8122e-12
7557 1.38239e-07
7560 0.049646699999999995
7561 7.16432e-11
7562 1.2884299999999998e-06
7564 9.65825e-06
7567 3.05241e-05
7569 3.2950799999999996e-05
7573 6.63986e-05
7574 0.00101128
7577 0.000108845
7580 1.0652e-06
7581 9.307309999999999e-07
7582 7.855939999999999e-05
7583 0.000141481
7584 0.00016975400000000001
7587 0.199656
7588 0.000131175
7589 9.450690000000001e-07
7591 2.41263e-09
7593 3.1736500000000003e-13
7595 0.000378584
7596 0.00123786
7597 1.71946e-06
7598 0.000213203
7599 0.00125586
7602 0.000136805
7604 0.117014
7607 1.3348e-08
7608 1.79533e-05
7609 0.20358800000000002
7610 0.00385861
7613 9.61201e-08
7616 0.652291
7617 2.5058500000000002e-08
7620 0.561591
7623 0.37406799999999996
7625 1.08065e-05
7627 6.961630000000001e-08
7628 0.000321712
7630 6.33604e-19
7632 2.61639e-05
7634 0.000219893
7635 1.6962900000000002e-07
7636 0.605395
7638 8.67865e-08
7641 2.77548e-07
7643 2.11631e-15
7644 1.2009300000000001e-09
7645 1.43901e-09
7646 9.21983e-09
7648 0.000504812
7651 3.91842e-08
7652 0.00039401800000000005
7658 2.5180599999999997e-08
7659 0.000733752
7660 0.000599231
7661 6.634730000000001e-07
7665 3.3729899999999995e-09
7669 1.7448099999999999e-06
7674 9.542589999999999e-10
7676 0.000256056
7681 3.36786e-08
7684 1.98804e-05
7686 9.72191e-05
7689 0.00188387
7690 7.09497e-09
7693 5.59621e-06
7695 0.019891
7698 1.52858e-11
7700 1.52911e-06
7701 4.6588e-11
7703 0.00473027
7706 0.00024290099999999998
7707 0.00046081199999999995
7708 4.26287e-07
7710 1.1781200000000001e-06
7711 0.00293382
7714 1.03515e-07
7716 0.00979266
7717 1.07017e-09
7719 0.00380271
7722 7.56248e-05
7725 1.7236300000000002e-09
7726 7.93245e-06
7728 9.67203e-05
7730 0.0641646
7733 0.000307082
7734 3.88755e-12
7737 4.7212899999999997e-05
7738 2.18471e-05
7739 0.000155529
7741 7.274360000000001e-06
7744 1.0155100000000001e-08
7747 1.17608e-05
7750 0.477934
7752 0.00314752
7755 6.47851e-06
7756 0.00011298100000000001
7757 1.4647e-12
7759 0.00141419
7761 1.42802e-11
7764 2.5348199999999997e-07
7766 0.172654
7769 0.00110757
7770 0.000524576
7771 2.16359e-08
7774 0.0370927
7778 0.000655565
7780 0.000136428
7782 2.77391e-05
7783 6.70325e-12
7784 2.04394e-05
7785 8.94334e-05
7787 6.35101e-05
7788 1.28622e-05
7789 0.00035951
7792 2.7785799999999997e-07
7794 0.00018247400000000002
7796 0.000436898
7797 9.89889e-08
7800 4.85342e-06
7801 0.0008704260000000001
7802 0.575766
7804 1.5896799999999999e-06
7805 0.0897779
7806 0.00223069
7807 9.11306e-08
7808 1.07444e-05
7811 3.58515e-05
7816 2.8342099999999998e-06
7817 1.55904e-05
7818 0.000121435
7822 0.0103506
7823 2.74153e-07
7825 2.6260900000000003e-06
7827 3.7255200000000004e-07
7828 0.000900238
7829 3.77284e-07
7830 0.00844639
7832 5.8501400000000004e-08
7835 8.04678e-12
7837 5.937769999999999e-07
7839 4.88118e-07
7842 2.16838e-08
7844 3.46108e-11
7846 5.150169999999999e-06
7848 1.43654e-06
7849 2.0049e-07
7850 1.84525e-07
7851 0.011764299999999998
7852 1.5017600000000001e-06
7858 1.77866e-05
7860 6.29163e-12
7861 3.43445e-07
7862 2.80681e-06
7866 8.99612e-07
7867 1.12814e-07
7870 0.000232718
7871 5.96114e-05
7874 0.07824060000000001
7875 1.36618e-05
7879 0.07394529999999999
7880 2.24085e-05
7881 2.2119099999999999e-07
7882 2.77713e-11
7887 1.58004e-05
7888 1.2290500000000001e-06
7891 0.0849913
7892 0.0205278
7893 0.000362978
7894 4.00134e-08
7895 0.00152252
7896 9.58417e-05
7903 4.5525799999999996e-07
7904 0.00721222
7906 8.5515e-12
7907 0.000921035
7912 6.5739e-12
7913 2.10057e-05
7917 4.02515e-05
7918 0.00018747
7922 5.6187700000000004e-05
7927 2.30581e-09
7929 7.1185e-05
7930 0.00301648
7934 2.56281e-13
7936 3.87806e-06
7937 3.95991e-07
7938 0.000164105
7941 0.000228238
7942 0.026555099999999998
7944 1.71611e-08
7945 1.0792e-08
7948 1.54032e-05
7949 2.03718e-07
7951 5.87105e-11
7952 0.000158942
7955 6.47889e-05
7957 0.000103414
7960 3.85308e-10
7961 1.58452e-05
7962 1.08484e-06
7965 4.02185e-05
7966 0.000795538
7967 1.55593e-08
7969 0.00213876
7972 0.342821
7973 1.04643e-08
7975 0.215363
7977 1.4078499999999999e-05
7978 4.33599e-06
7981 0.00113474
7982 5.01244e-06
7983 2.73119e-09
7985 0.00374253
7986 7.997640000000001e-05
7988 0.000102179
7989 1.0906300000000001e-05
7990 5.11114e-06
7992 1.37894e-07
7993 1.7568699999999997e-09
7994 0.0006668630000000001
7995 1.3048200000000001e-08
8000 0.027164099999999997
8003 1.27556e-08
8006 0.000286258
8007 2.3428999999999998e-14
8010 0.00156592
8011 1.7138299999999998e-05
8013 8.657049999999999e-05
8014 0.000229365
8015 6.44156e-07
8016 4.03624e-06
8018 4.50117e-07
8020 7.60758e-07
8021 5.23514e-07
8022 3.93734e-05
8025 0.0809093
8027 0.133149
8028 0.00156852
8030 1.4886000000000002e-10
8034 1.9566999999999998e-10
8035 0.000126135
8038 7.22913e-05
8039 4.39178e-06
8041 3.90973e-05
8045 8.723220000000001e-07
8046 4.39358e-12
8047 6.34728e-08
8050 1.22034e-07
8052 2.83777e-05
8054 0.000479894
8055 1.50993e-08
8056 0.0012326
8058 0.0001609
8059 0.673707
8065 0.0006669839999999999
8066 3.11681e-05
8070 2.8464499999999998e-05
8071 0.00922958
8073 4.41849e-05
8074 2.80089e-10
8077 3.12923e-06
8078 0.000410359
8080 0.00199149
8081 0.06782830000000001
8088 1.28031e-14
8089 5.12385e-06
8090 0.0159253
8092 8.506870000000001e-05
8094 0.000494644
8097 6.50612e-06
8099 9.81961e-12
8102 0.04074880000000001
8104 0.000138057
8109 0.08906599999999999
8110 4.09047e-07
8111 0.15767
8113 4.54548e-11
8114 1.36686e-08
8118 5.54195e-06
8119 2.8322800000000003e-05
8120 0.00460371
8123 0.00125035
8124 0.552053
8126 0.00040643900000000003
8128 1.59321e-11
8129 1.23866e-06
8131 6.245940000000001e-06
8133 2.35454e-06
8134 2.81742e-13
8135 1.48305e-07
8136 5.93323e-08
8143 6.87821e-06
8145 9.15178e-05
8146 0.00710895
8147 0.376234
8148 6.885420000000001e-13
8149 0.000742112
8152 2.4224900000000002e-06
8153 6.8195e-05
8154 1.33833e-06
8155 2.87964e-07
8156 1.1443700000000002e-08
8157 0.0325561
8158 8.78974e-08
8161 7.81393e-09
8162 1.04847e-06
8165 2.20747e-07
8167 0.00394638
8170 4.9307900000000004e-06
8172 5.6322799999999995e-05
8176 0.00169714
8178 3.65638e-06
8179 1.56022e-09
8181 3.03033e-08
8182 8.34607e-05
8183 0.568529
8184 4.08666e-06
8185 7.34784e-14
8187 7.24354e-05
8192 0.0140088
8193 2.59247e-12
8194 1.8695900000000003e-07
8195 1.1455999999999998e-05
8196 7.82375e-05
8198 5.48687e-11
8201 0.00192498
8205 0.14665999999999998
8206 1.63192e-08
8207 3.97163e-05
8210 6.29686e-06
8212 7.20018e-08
8214 4.5808e-06
8215 0.000773347
8217 9.52231e-05
8219 5.43535e-07
8221 1.4824400000000001e-07
8227 5.7117600000000004e-05
8228 0.0611882
8230 9.22183e-13
8231 2.55326e-07
8233 7.50192e-06
8234 9.999039999999999e-10
8237 6.514439999999999e-06
8238 2.90814e-05
8239 0.000137259
8240 9.54416e-06
8242 0.00109084
8243 3.45014e-09
8245 4.28134e-05
8246 3.30926e-13
8247 4.707990000000001e-06
8249 0.00010769200000000001
8255 2.58441e-11
8256 0.620442
8257 3.69684e-06
8259 1.93235e-07
8264 3.55884e-08
8265 1.4405999999999999e-05
8266 2.4187399999999998e-05
8267 0.00016947900000000002
8270 8.22909e-08
8271 7.71182e-05
8273 3.01924e-05
8274 2.10704e-11
8276 0.000316159
8277 6.91331e-08
8278 1.0468700000000002e-12
8283 2.20192e-09
8286 1.92113e-05
8287 1.59597e-07
8288 6.12328e-07
8289 2.86217e-08
8290 1.30638e-09
8291 3.4052300000000002e-09
8298 0.07126299999999999
8303 0.0166718
8304 0.0232983
8305 1.25051e-05
8308 1.6074100000000001e-06
8309 1.1011600000000001e-05
8314 0.5948979999999999
8321 0.000347788
8324 6.9512700000000005e-09
8325 0.000170066
8328 5.26434e-05
8330 3.8471800000000005e-06
8331 2.68649e-07
8333 0.000655354
8334 0.000353739
8337 1.76919e-09
8339 0.00061908
8340 0.00043594699999999995
8343 0.00100679
8344 0.022174799999999998
8347 1.22584e-06
8348 2.36751e-17
8350 3.60839e-06
8352 3.83987e-05
8353 9.97755e-10
8354 0.295322
8356 6.90454e-07
8357 2.35354e-10
8358 0.00247038
8361 5.86351e-12
8362 5.388969999999999e-06
8363 7.40062e-05
8366 7.42316e-11
8367 1.17503e-06
8369 5.94812e-13
8371 3.1409600000000002e-06
8373 3.1927399999999995e-05
8375 0.000324269
8377 9.87286e-07
8378 2.71507e-09
8379 1.91663e-05
8380 2.19698e-05
8382 3.32329e-06
8383 1.14848e-05
8389 1.15738e-06
8392 4.5126600000000004e-07
8393 3.0596299999999995e-06
8394 6.65709e-07
8395 2.7479400000000003e-08
8396 4.0846e-09
8399 0.021992400000000002
8400 4.73113e-05
8401 0.00019789900000000002
8402 0.00807107
8404 6.25284e-08
8405 2.1629e-12
8406 0.00175538
8407 6.26144e-06
8408 5.19285e-09
8411 1.02604e-05
8412 6.39234e-05
8414 1.5840299999999998e-08
8417 1.68439e-05
8418 0.059367899999999994
8419 0.048806800000000004
8420 0.200722
8421 3.06402e-11
8428 1.99655e-12
8431 1.64679e-06
8432 6.117780000000001e-08
8435 1.0799899999999999e-07
8436 0.000237386
8439 2.78844e-06
8440 0.000123117
8441 0.140434
8446 0.000501932
8447 1.66484e-11
8448 0.000117315
8451 6.10053e-07
8455 3.17395e-07
8457 3.56042e-13
8458 8.09109e-05
8459 0.000241428
8460 0.0014648
8463 0.000127512
8464 0.00258766
8469 6.541500000000001e-08
8471 1.91705e-05
8473 8.310149999999999e-10
8474 2.88828e-05
8476 0.0605457
8479 3.2161100000000004e-09
8480 0.000179819
8481 0.000106376
8486 6.790380000000001e-07
8487 2.61547e-05
8488 1.70315e-07
8489 6.4496e-06
8490 2.37426e-07
8491 0.000860757
8493 0.000247951
8496 6.44896e-05
8497 0.00016535
8500 1.25745e-05
8501 0.0009288489999999999
8504 2.8195099999999995e-10
8505 1.9091e-05
8507 3.6464300000000007e-10
8508 1.15794e-14
8510 1.5941e-08
8511 9.579789999999999e-14
8515 1.0502200000000001e-09
8516 6.71532e-05
8520 2.5864099999999998e-08
8525 8.69392e-06
8527 0.0373392
8528 6.50188e-08
8531 6.98225e-06
8532 0.0007728689999999999
8537 1.1407899999999999e-06
8538 0.000251876
8539 3.40233e-07
8540 3.2141399999999996e-14
8543 0.000122825
8544 0.00892574
8545 8.14571e-13
8546 2.23873e-10
8547 1.20269e-11
8548 5.7333e-07
8551 4.2055e-11
8552 0.000616133
8554 4.57293e-05
8555 2.3765700000000002e-05
8560 2.95496e-09
8561 5.769300000000001e-11
8563 1.52571e-07
8565 6.09528e-06
8566 0.000299273
8567 0.000397846
8569 2.4641300000000003e-09
8570 3.94908e-11
8571 3.30322e-08
8574 0.00231658
8575 2.14678e-08
8577 1.84698e-05
8578 3.7245499999999998e-06
8579 6.58733e-08
8580 9.66225e-06
8583 4.55295e-06
8589 4.1783900000000005e-09
8590 0.00111893
8591 2.77285e-13
8593 0.37278
8594 0.00068755
8597 1.23589e-08
8598 0.00517235
8599 0.0021392
8600 5.14259e-07
8603 0.00455338
8605 0.25757199999999997
8609 1.94805e-10
8611 1.17332e-05
8613 1.86967e-05
8614 1.56526e-08
8616 2.6240300000000004e-05
8619 6.292269999999999e-12
8622 9.89163e-12
8623 5.751289999999999e-10
8625 5.04829e-06
8626 3.11254e-07
8627 3.91985e-05
8629 7.24189e-05
8630 2.8497400000000002e-08
8631 9.507799999999998e-07
8632 7.34495e-08
8634 2.08168e-06
8637 0.0404531
8640 2.46022e-05
8641 0.000973997
8642 3.63735e-07
8643 1.65733e-14
8646 1.32609e-06
8648 0.00413319
8649 3.25595e-06
8650 8.71325e-07
8651 2.4600500000000003e-05
8652 0.00029765200000000003
8656 6.16764e-07
8657 2.7539899999999997e-05
8658 1.6313800000000001e-07
8659 3.17295e-08
8660 5.04587e-09
8661 5.10345e-07
8662 1.1814200000000002e-16
8664 0.010243200000000001
8666 0.00013214799999999998
8668 3.18627e-05
8669 0.013050399999999998
8671 7.294439999999999e-06
8672 0.000145727
8673 2.2197299999999997e-08
8674 3.72859e-07
8675 1.8591400000000002e-06
8677 7.39107e-08
8678 2.6845700000000003e-05
8679 2.2405100000000003e-05
8681 4.12051e-06
8682 3.41561e-05
8684 2.2940900000000003e-10
8685 0.000483672
8686 2.06836e-07
8689 2.08042e-12
8693 2.29035e-09
8694 2.7467099999999997e-06
8696 1.02242e-08
8697 1.43355e-07
8700 5.1780499999999995e-06
8703 5.70336e-12
8704 6.955630000000001e-09
8705 8.23723e-05
8707 1.41731e-05
8708 0.025007299999999996
8711 1.00334e-06
8712 1.0073e-08
8714 6.56848e-15
8715 1.6275700000000003e-08
8719 0.00038804599999999996
8721 3.84674e-06
8724 1.39227e-06
8726 1.3725899999999998e-05
8729 1.8095299999999997e-08
8734 4.62032e-07
8735 3.76231e-05
8736 1.97534e-05
8737 2.72096e-06
8740 0.000301647
8743 1.00185e-05
8745 2.88634e-06
8746 0.027260500000000003
8751 0.000174489
8754 4.6111e-06
8758 0.00893625
8761 0.00082501
8762 0.000375815
8763 5.86496e-05
8765 3.13194e-11
8767 1.14802e-06
8774 9.192969999999999e-05
8777 6.087239999999999e-13
8778 4.4437599999999994e-06
8779 5.0410399999999995e-08
8780 8.2815e-05
8781 0.00226415
8782 3.01328e-13
8785 1.7005400000000002e-07
8786 0.103343
8787 1.93876e-09
8788 7.29684e-12
8789 6.19172e-08
8791 4.93381e-08
8792 1.53099e-06
8795 0.000366671
8797 1.13938e-06
8798 2.4979499999999997e-05
8800 6.919730000000001e-10
8802 0.48171899999999995
8803 1.8989000000000001e-07
8804 0.412749
8807 0.0083694
8808 3.36392e-05
8812 0.0865277
8816 3.48715e-05
8818 0.000263752
8820 0.00177552
8821 5.36572e-07
8824 3.0969400000000003e-10
8825 2.67809e-10
8827 0.00278495
8828 5.61875e-05
8829 9.4262e-10
8830 1.9624900000000004e-06
8832 4.1443500000000004e-05
8834 7.95511e-08
8839 3.31254e-09
8842 6.67082e-05
8844 4.2916999999999996e-05
8845 3.4783000000000003e-09
8846 1.78892e-06
8850 2.22115e-07
8851 1.12712e-07
8852 8.75252e-12
8853 0.0100818
8855 4.558569999999999e-08
8857 5.49312e-05
8860 4.6301300000000003e-05
8861 7.012340000000001e-05
8863 0.0045912
8864 1.08874e-05
8866 0.0020408
8868 6.66219e-06
8869 9.3568e-07
8870 4.34736e-12
8875 2.9484999999999997e-07
8877 2.0966999999999998e-06
8881 1.00184e-10
8882 3.09373e-05
8887 6.09434e-10
8889 6.916939999999999e-07
8893 4.94226e-06
8894 5.944930000000001e-06
8895 7.92945e-08
8896 3.6254200000000005e-09
8897 5.39298e-06
8898 0.000248014
8899 0.154173
8901 3.84346e-07
8902 0.019496
8903 3.30399e-06
8904 0.00016284
8906 1.0902400000000001e-05
8907 0.00368467
8908 2.43366e-07
8910 2.2566e-07
8912 5.98514e-06
8915 2.7882799999999998e-08
8916 0.000782365
8918 2.6118200000000003e-06
8922 1.8355200000000002e-06
8924 1.62774e-06
8925 4.97653e-11
8928 0.00309628
8934 2.8928100000000002e-18
8935 1.2643800000000001e-09
8937 5.133290000000001e-08
8938 2.29765e-05
8941 5.4199499999999995e-05
8945 0.000560889
8946 0.000208027
8947 6.475840000000001e-06
8949 6.30785e-09
8950 7.65668e-14
8952 6.28909e-06
8954 1.2849600000000001e-06
8956 7.92273e-17
8957 4.85252e-07
8959 5.8316499999999995e-06
8963 0.000108917
8964 0.0106988
8972 8.41624e-11
8974 1.8140200000000003e-06
8977 8.88727e-06
8981 2.29293e-10
8984 8.778180000000001e-07
8986 1.05801e-06
8990 4.84174e-06
8991 7.77208e-07
8992 0.025363099999999996
8993 0.027070599999999997
8994 1.5092200000000001e-05
8996 0.0217562
8998 7.072569999999999e-05
9001 8.58912e-07
9003 0.000158445
9008 3.23899e-14
9009 5.03885e-06
9010 1.44262e-07
9011 0.000167267
9012 1.94094e-11
9013 1.20364e-05
9014 0.00143501
9017 1.7933900000000002e-06
9021 1.09072e-07
9023 3.5130800000000002e-12
9025 6.57981e-05
9026 4.9834700000000006e-05
9028 7.525160000000001e-14
9030 6.378139999999999e-06
9031 0.00270745
9033 2.7945099999999995e-06
9038 1.79984e-11
9040 0.00024774
9041 1.3164700000000001e-12
9043 4.18097e-05
9044 8.68281e-11
9046 0.44206000000000006
9047 2.4595700000000003e-13
9050 4.49468e-14
9052 9.114699999999999e-08
9054 7.887310000000001e-05
9055 0.00037716400000000004
9056 2.53314e-07
9057 2.20405e-08
9061 4.98815e-06
9062 7.791710000000001e-08
9065 1.9284200000000003e-09
9067 0.544227
9069 2.93872e-14
9070 1.42679e-07
9071 3.01356e-11
9074 6.5082100000000005e-06
9075 9.929209999999999e-05
9076 0.000652858
9077 0.000869671
9081 7.4105e-09
9082 0.07089989999999999
9083 5.8448500000000005e-06
9084 1.7418099999999998e-06
9088 0.00221431
9090 1.65553e-07
9092 1.8764299999999998e-08
9093 7.742639999999999e-06
9095 7.24144e-07
9096 1.1391199999999999e-09
9097 4.848810000000001e-09
9101 0.00377763
9102 0.00337201
9103 6.14213e-07
9104 0.00832646
9107 0.000514602
9109 1.18836e-05
9110 0.0185953
9111 8.96056e-11
9115 4.3641400000000005e-05
9118 1.33966e-08
9119 2.1299200000000002e-08
9120 0.00598268
9122 1.4854300000000001e-05
9124 0.000983704
9125 0.000627331
9127 6.44676e-06
9130 0.515749
9132 2.71271e-05
9134 6.02569e-08
9135 3.45696e-11
9137 3.96687e-07
9139 2.51943e-09
9140 1.2039200000000002e-05
9142 0.000487595
9143 1.42521e-07
9145 4.47704e-17
9146 1.08303e-06
9149 4.54107e-07
9152 0.0009299110000000001
9154 2.78634e-06
9156 7.419320000000001e-10
9158 2.7243599999999998e-14
9164 8.105e-05
9165 3.35503e-09
9167 1.41805e-16
9169 0.00379147
9170 0.0106429
9171 8.32608e-05
9172 3.7977500000000004e-08
9176 0.212916
9182 1.1089500000000001e-08
9183 4.48037e-13
9188 6.80367e-12
9190 0.00290568
9198 5.378540000000001e-19
9199 0.011748200000000002
9201 0.000106876
9203 7.805679999999999e-06
9204 0.010762899999999999
9206 2.4024899999999997e-07
9207 0.00110976
9210 2.3961599999999998e-06
9211 1.85973e-16
9216 1.21776e-05
9217 3.78037e-12
9219 0.032206900000000004
9220 8.14836e-07
9222 1.2788899999999999e-08
9223 0.00151262
9225 0.00048889
9226 1.19523e-10
9228 0.000629089
9229 8.06871e-07
9231 0.47069300000000003
9232 6.0637700000000004e-05
9233 0.011054799999999998
9234 1.7772700000000001e-06
9235 0.00111275
9237 9.91859e-11
9240 9.18413e-07
9241 0.00461313
9243 3.02551e-10
9248 1.25114e-05
9253 4.00908e-05
9256 2.79258e-14
9257 8.660839999999999e-08
9258 5.86306e-11
9260 4.67645e-06
9261 7.474909999999999e-05
9262 1.4803800000000002e-07
9263 1.2304299999999999e-06
9264 0.0305952
9265 8.3937e-06
9266 5.49116e-05
9267 7.63423e-07
9274 2.49466e-07
9275 8.84582e-05
9276 6.089560000000001e-05
9277 3.3018300000000007e-10
9280 3.4954900000000003e-07
9284 0.08542380000000001
9292 2.75097e-05
9293 7.183979999999999e-05
9294 0.0006278869999999999
9297 7.423889999999999e-06
9298 1.9468099999999998e-08
9300 0.0041803000000000005
9301 0.0203609
9302 1.1525000000000001e-09
9304 7.31165e-06
9305 2.4080300000000002e-15
9310 0.0002126
9311 8.31043e-06
9313 3.1920900000000006e-08
9314 0.00136636
9317 9.377689999999998e-10
9319 2.8019799999999996e-10
9320 0.0186293
9321 1.73853e-08
9322 2.12555e-06
9328 1.46942e-05
9329 2.7072600000000004e-07
9332 0.00255755
9335 4.60991e-08
9338 8.39525e-15
9340 1.95095e-05
9341 1.2315e-08
9344 0.000437673
9345 6.35146e-05
9346 2.43519e-05
9352 0.00352074
9353 7.68205e-09
9355 1.13111e-13
9356 4.04083e-05
9357 9.87784e-08
9360 3.60934e-08
9361 8.19588e-08
9363 1.93323e-08
9364 1.1671099999999999e-05
9366 5.682890000000001e-16
9367 1.1939400000000001e-05
9369 0.227329
9370 5.08529e-10
9372 6.62047e-06
9376 3.1081199999999996e-07
9379 8.15549e-06
9380 0.00806237
9381 4.37759e-12
9383 0.00265705
9384 0.00037301699999999996
9385 1.26713e-07
9387 4.55952e-06
9390 2.72599e-13
9391 0.00552488
9395 5.11555e-09
9396 0.00225588
9397 2.8475299999999998e-08
9399 2.0827900000000003e-06
9400 0.247529
9402 0.000116309
9403 0.000663816
9404 1.1031500000000001e-05
9415 0.16436199999999998
9416 9.61075e-14
9423 3.2365899999999998e-06
9425 0.000768682
9426 7.99885e-06
9427 8.70993e-07
9428 0.00115472
9430 1.2522e-11
9431 7.93901e-06
9435 0.0005949130000000001
9436 0.00118017
9441 0.00206526
9442 5.69056e-10
9444 9.53287e-06
9447 5.53455e-15
9449 1.70271e-05
9450 0.069819
9451 2.33349e-08
9452 2.28372e-05
9453 3.85566e-06
9462 2.44114e-11
9467 0.000609794
9471 0.000134561
9473 9.50361e-06
9474 2.0241e-08
9475 3.75442e-08
9478 0.000490682
9482 2.85731e-06
9483 4.68668e-13
9485 0.000157731
9486 7.286860000000001e-08
9487 9.96999e-05
9489 0.18673599999999999
9492 3.3008100000000003e-09
9493 7.22554e-08
9495 0.000193158
9498 3.1176599999999998e-09
9501 2.0340199999999998e-07
9503 6.99392e-07
9505 0.33105300000000004
9506 2.91037e-07
9509 3.3480300000000004e-06
9510 5.10309e-13
9511 2.9177499999999997e-06
9513 0.000491421
9514 0.00018193200000000002
9521 5.45059e-06
9522 1.59658e-05
9525 0.7343430000000001
9529 0.000128476
9530 0.00010839
9534 2.1445900000000003e-07
9535 0.47614799999999996
9536 9.46074e-12
9538 0.000197947
9539 0.00191469
9544 1.37332e-06
9547 9.40866e-06
9548 2.16889e-08
9552 4.50721e-07
9553 6.00149e-08
9554 6.33051e-06
9555 9.17216e-05
9556 0.0025615
9559 2.4671799999999997e-06
9561 1.36266e-07
9563 9.40205e-10
9564 3.873e-05
9569 0.020234000000000002
9570 7.54642e-05
9572 0.00674449
9574 0.000589268
9575 1.82603e-05
9578 0.053805
9581 8.775010000000001e-10
9582 0.00020611900000000002
9583 1.42226e-05
9589 1.1346e-05
9590 1.42964e-09
9592 6.703630000000001e-05
9593 3.02067e-08
9594 1.73608e-06
9595 3.31091e-06
9599 2.57836e-05
9601 1.51008e-05
9602 5.82519e-15
9604 0.00104876
9606 1.7994e-05
9607 0.00135203
9608 1.7010100000000002e-07
9610 0.00011478700000000001
9612 0.000257054
9616 2.3263299999999998e-05
9622 5.23008e-09
9624 0.0006410890000000001
9625 3.70093e-05
9626 3.2693600000000004e-07
9628 3.4760199999999995e-06
9630 5.87396e-06
9631 5.506669999999999e-06
9632 6.05025e-07
9633 1.8391600000000002e-05
9635 0.000334574
9639 7.88655e-07
9640 8.19231e-11
9642 2.03419e-05
9643 9.53741e-06
9645 4.4444099999999996e-08
9646 9.70551e-12
9648 2.4148800000000002e-08
9651 9.3656e-05
9652 6.53238e-14
9653 9.824650000000001e-06
9657 9.55846e-07
9660 7.0117399999999995e-06
9661 0.245798
9662 1.98019e-07
9663 1.1539000000000002e-07
9665 0.00263133
9669 8.748700000000001e-07
9672 0.00038402300000000005
9673 5.76604e-11
9674 6.1446e-12
9675 1.21516e-11
9677 1.49839e-06
9680 2.3685000000000002e-09
9682 9.08886e-08
9683 3.3927400000000004e-10
9688 3.50152e-08
9689 2.16909e-07
9690 5.53746e-06
9694 0.000360619
9696 0.000157162
9697 1.8415200000000002e-06
9701 4.68987e-07
9704 0.0193169
9705 2.6215499999999996e-10
9708 1.3483100000000001e-06
9714 0.00130883
9715 4.03806e-05
9716 1.03758e-16
9720 7.202230000000001e-14
9722 0.0100882
9723 1.5629500000000003e-09
9725 5.960880000000001e-06
9727 4.83844e-07
9728 1.38678e-05
9730 0.0122973
9731 5.67489e-12
9736 1.98357e-05
9739 2.94377e-05
9740 5.09279e-10
9741 2.06229e-05
9742 1.55591e-06
9744 0.0514731
9750 0.0009373389999999999
9751 5.87898e-06
9752 2.60812e-05
9753 7.018640000000001e-05
9757 6.36332e-09
9759 1.14859e-06
9760 0.00207127
9765 5.6747e-06
9766 1.3304e-07
9768 0.170343
9769 0.000180403
9770 4.61551e-06
9771 0.0143094
9775 4.00242e-11
9777 1.98548e-06
9779 9.6985e-06
9782 8.327350000000001e-05
9783 0.000131003
9784 1.5236e-05
9786 0.000105135
9787 2.4227300000000002e-08
9788 5.35399e-14
9791 3.41909e-05
9793 9.310649999999999e-09
9795 1.2450200000000001e-09
9798 0.000124681
9799 7.39576e-05
9802 1.6212299999999998e-06
9803 0.41213999999999995
9804 8.5914e-10
9806 3.35449e-06
9811 9.676210000000001e-06
9812 0.000145153
9814 6.71352e-06
9815 5.729379999999999e-07
9817 6.8473e-05
9818 0.00190815
9820 0.00048711800000000003
9821 3.00772e-11
9824 0.000764307
9826 4.93456e-11
9827 6.063069999999999e-09
9829 5.61187e-06
9835 1.13699e-06
9837 5.7426300000000004e-08
9838 3.6903600000000004e-05
9840 3.40318e-10
9843 0.011111399999999999
9844 8.65141e-07
9846 2.5754899999999998e-09
9847 0.00029691900000000003
9849 1.5246e-06
9850 1.6454100000000002e-09
9853 2.11171e-05
9854 4.06333e-06
9856 0.0008199389999999999
9857 0.00106584
9861 0.00120123
9864 3.6271900000000003e-07
9866 2.7046799999999997e-12
9871 2.7201599999999996e-06
9873 4.602209999999999e-08
9875 4.0488800000000004e-05
9876 6.6257e-17
9883 2.1650900000000003e-05
9885 0.00135523
9888 2.9645e-07
9889 0.0352916
9890 5.31708e-12
9891 6.01433e-07
9892 0.000266836
9893 1.442e-07
9895 1.14757e-07
9899 9.71527e-06
9901 0.00203729
9903 0.13506500000000002
9906 1.55417e-08
9907 2.43885e-05
9909 0.000197882
9910 8.14621e-06
9912 0.0117898
9914 1.29178e-05
9915 1.3405e-05
9916 4.99303e-08
9919 3.6665499999999996e-06
9921 0.000204352
9922 4.42725e-05
9924 2.17081e-07
9925 5.84882e-14
9927 9.123929999999999e-08
9928 1.4525899999999998e-06
9929 2.81371e-07
9930 3.80001e-06
9931 0.00087818
9933 0.508173
9934 0.013086700000000001
9936 1.13663e-07
9937 0.0200406
9941 0.00010577899999999999
9943 4.05964e-09
9948 6.8715e-05
9951 0.0016710999999999998
9952 4.39744e-06
9953 2.5395599999999997e-13
9956 1.41341e-09
9957 0.46799700000000005
9960 2.8514e-08
9962 0.00045268
9963 2.4075300000000003e-05
