1 1.36523e-05
2 0.000146671
3 6.743170000000001e-05
4 0.00715926
6 0.000313814
8 3.41625e-05
10 0.0858721
11 3.69104e-08
13 0.00453262
14 0.00422257
15 1.21682e-05
18 2.29952e-05
22 0.00902373
25 0.00187696
27 0.00234483
28 3.5419900000000003e-12
29 1.97271e-06
31 1.235e-05
37 4.01584e-07
38 0.000161159
40 4.4135e-10
43 8.272100000000001e-05
45 1.44625e-08
49 0.13012100000000001
53 5.363960000000001e-07
54 0.000283415
55 0.0321271
56 0.0005376980000000001
57 1.1674399999999998e-10
58 0.0727447
59 0.026293200000000003
62 5.2166599999999996e-05
67 6.61578e-07
68 9.492530000000001e-12
69 0.000231744
70 2.76423e-06
71 7.13596e-13
74 5.49336e-08
75 1.2054500000000001e-05
76 0.00620397
79 2.2656099999999999e-07
80 9.207450000000001e-05
82 3.40544e-11
84 4.63167e-06
85 7.45604e-05
86 0.04063169999999999
87 0.00246466
88 0.00986491
90 0.000371136
92 3.4326400000000003e-09
94 0.8953190000000001
96 0.00017560400000000002
97 7.8515e-05
98 4.4857399999999995e-05
100 0.000140369
103 0.177305
105 0.000617744
106 1.77689e-11
108 0.00041790699999999997
111 0.00622541
114 5.25217e-06
115 0.00107205
116 4.5111e-06
119 8.476199999999999e-11
124 1.44178e-05
126 0.026868200000000002
127 0.0457598
128 0.0990343
135 0.00920927
136 0.0016459
137 0.027568099999999998
139 2.646e-06
144 0.00207996
145 0.000536661
148 5.45051e-16
149 4.67422e-08
151 0.0114875
152 1.1535399999999999e-10
155 0.00883496
157 2.3053400000000002e-05
160 0.00162626
166 0.00470476
167 1.32298e-13
168 0.36346100000000003
172 2.25234e-09
175 2.3183600000000003e-09
176 2.3069e-06
178 7.78865e-07
179 7.93902e-06
181 0.00772494
182 0.00358859
183 3.2614800000000004e-07
185 0.00474185
186 0.000227231
188 0.00031497700000000003
191 0.00797614
195 3.84291e-08
196 7.55738e-05
197 5.624779999999999e-07
199 6.16601e-10
201 0.54603
202 0.000713835
204 6.465080000000001e-07
205 0.000465759
206 0.106544
212 0.00174789
213 0.000720665
216 1.5754e-10
217 5.78382e-05
223 0.36883699999999997
226 0.00161085
227 3.2514899999999995e-09
230 0.029687400000000003
231 0.000392224
234 6.98909e-08
237 0.134429
238 0.00768489
239 0.00119017
240 1.97238e-06
243 2.64248e-11
247 0.000681928
248 0.026150299999999998
252 7.64306e-07
253 4.0206300000000005e-06
254 0.00208258
255 2.41052e-09
258 0.00521218
260 0.000167313
261 4.7164700000000004e-07
264 0.0766598
265 0.0011807
267 5.50665e-05
271 0.015817400000000002
272 2.33663e-05
273 0.0164528
274 1.50974e-09
277 0.000291058
279 0.00630823
280 0.0188169
281 0.014310499999999999
283 3.00388e-05
284 8.99473e-07
286 0.011534200000000001
287 0.0007101910000000001
290 0.00408144
291 1.13875e-05
292 3.9752e-08
293 4.35424e-08
295 0.000436853
297 4.36628e-05
299 0.0503997
300 7.34309e-05
301 0.00040691699999999997
309 1.1892200000000001e-06
310 0.0109784
313 0.000113194
314 5.57104e-07
315 6.02316e-05
316 9.63973e-06
319 0.000703901
324 4.51918e-05
326 0.000817012
327 0.0034035
330 0.374248
333 1.92453e-06
335 0.00978625
339 0.0013447
341 2.4345e-05
342 8.36048e-06
345 0.00169827
346 9.27437e-06
348 0.939642
350 6.37427e-11
351 0.0163202
353 0.9770399999999999
356 0.02678
357 1.68447e-06
358 7.838010000000001e-06
360 4.1248299999999996e-05
361 1.2811e-05
362 1.5776300000000001e-06
364 0.9985719999999999
365 5.02348e-07
366 7.800020000000001e-07
368 0.000265903
369 0.00148828
371 0.0719646
375 0.0017148
376 0.00846267
377 0.000852535
378 0.000110687
383 8.22037e-11
384 5.31932e-07
385 7.88795e-08
386 0.00612281
388 2.64625e-06
389 0.00348504
390 3.34566e-07
392 0.006185100000000001
393 0.00273341
397 5.4699e-05
398 0.13439500000000001
399 2.2933399999999998e-07
401 4.8900399999999996e-08
402 1.3797899999999999e-05
405 0.00388496
409 1.71888e-06
410 0.10438399999999999
412 0.0005819330000000001
413 0.057722800000000005
414 5.75486e-07
415 1.25322e-09
418 0.0193429
421 1.04536e-05
422 2.63627e-06
423 0.0440966
425 2.49206e-05
426 2.48985e-05
429 7.8819e-06
432 0.00630091
434 0.00965182
436 6.601e-05
437 0.042852499999999995
440 1.0228e-06
441 2.68966e-05
442 8.164760000000001e-14
444 1.43102e-05
445 0.00196013
447 0.022115700000000002
449 0.00850992
451 3.3105199999999996e-06
452 1.6744e-05
453 2.1555e-08
455 0.00853297
456 4.3411e-06
457 0.00925936
458 0.012083400000000001
465 6.836529999999999e-09
466 0.00346012
467 0.186943
471 7.938150000000001e-06
472 1.4382800000000002e-14
473 0.000162926
475 2.8292799999999996e-08
478 6.81932e-05
479 7.65148e-05
481 0.00495045
485 0.630686
487 7.93031e-07
488 1.7064000000000002e-09
490 0.00026194799999999997
493 0.00026183900000000004
495 0.00101968
497 0.9868620000000001
502 0.000485189
504 0.259748
505 4.6917500000000004e-06
506 6.53133e-06
507 0.049354199999999994
510 0.000580915
511 0.000203575
512 3.41713e-05
517 0.0398767
521 1.77253e-05
527 2.73733e-06
529 0.00180417
532 0.421034
533 0.028638599999999997
534 0.000560437
536 3.75769e-05
538 0.00139198
539 0.006741500000000001
542 7.0586e-11
546 3.65792e-06
547 0.000573984
548 3.92109e-08
551 0.0165728
553 0.954664
556 0.000322822
557 0.167198
558 0.00174898
560 0.0025235
561 5.17774e-09
562 0.000709511
566 4.98531e-06
567 0.715216
568 1.08158e-07
569 1.3850299999999999e-10
570 0.951166
571 2.11523e-05
572 0.00187616
573 0.00830445
574 9.02139e-08
575 0.000245274
576 7.05676e-05
578 0.00131081
580 3.43847e-07
584 0.000139159
585 2.09998e-11
586 0.0705646
587 1.68946e-05
593 1.80645e-11
594 0.000831009
595 6.596360000000001e-06
596 0.000360785
600 0.00027501
602 0.00748268
603 8.856479999999999e-05
604 0.12923199999999999
606 1.71272e-05
607 0.0510814
611 6.96433e-05
614 0.00020109099999999998
615 0.0010097
616 0.00029057700000000003
617 0.00016455200000000002
618 0.238179
621 0.00843778
623 0.00029534099999999996
624 3.61283e-05
627 2.68756e-07
629 0.00505233
630 0.017264500000000002
631 0.00541055
634 0.0304546
636 3.4101e-05
638 3.66875e-09
639 2.86146e-05
640 2.0862799999999996e-10
641 0.36194
642 0.000634647
643 0.133089
644 8.89843e-12
646 6.407569999999999e-07
649 2.20854e-05
650 0.00130963
651 4.60487e-05
652 1.8056099999999998e-05
655 0.9812549999999999
658 0.000254924
659 4.788159999999999e-09
662 2.09315e-05
664 3.55301e-05
665 1.69759e-11
666 0.029250099999999998
668 3.70094e-07
669 0.000796755
670 4.15453e-05
673 6.93912e-07
674 0.0055945
678 7.54325e-06
679 5.29865e-07
681 1.2390899999999999e-06
683 0.0009368860000000001
687 1.7384599999999997e-06
691 0.00018220900000000002
692 4.9156800000000003e-05
693 0.147848
696 0.0005303840000000001
697 0.052277599999999994
698 0.00311514
701 1.16924e-05
703 0.00388098
704 0.0905845
706 1.19435e-06
708 0.00840156
715 2.00273e-06
716 0.000130312
718 0.000138045
719 0.10869000000000001
721 1.52905e-06
722 1.1246600000000001e-07
723 0.214966
724 2.5225199999999997e-09
725 0.00915559
727 0.00602139
732 0.00249459
734 0.262048
735 0.00386111
736 8.80026e-08
737 0.0441541
741 3.69029e-16
743 0.0889044
744 6.55334e-05
745 1.16538e-06
747 6.1016e-14
749 5.35865e-11
751 0.00940856
757 5.42923e-10
758 4.31921e-09
759 7.24786e-08
762 0.00774654
765 0.00020364
766 0.000635214
769 0.000706514
773 4.79394e-05
775 0.86288
778 0.000189906
779 1.49719e-07
781 1.60976e-05
783 0.146227
784 0.0581254
785 9.66049e-07
788 1.61954e-08
789 1.43984e-10
790 0.00416177
792 0.000116054
795 0.000236386
798 2.93303e-08
801 1.4004800000000001e-09
803 1.9035400000000003e-08
807 0.0547898
809 6.23395e-10
811 7.21988e-13
813 1.7264000000000002e-09
817 0.00022491200000000002
819 5.68599e-05
821 3.21525e-07
824 0.0047222
825 5.171209999999999e-08
833 0.000270885
835 3.53017e-06
836 0.012338799999999999
837 4.27036e-06
838 1.79475e-12
839 0.198181
840 0.00166751
841 0.000566849
844 5.63678e-08
846 1.53779e-05
852 7.56931e-05
853 2.15895e-08
856 0.000172886
858 0.0133363
861 0.00434262
864 7.926339999999998e-06
866 0.012883000000000002
869 0.028914599999999995
870 0.00162996
873 0.342144
875 0.0309529
877 0.000155986
881 4.54812e-09
883 0.00022168400000000001
884 1.2965799999999999e-06
886 0.000252141
890 0.04863630000000001
891 0.0900909
893 0.000126047
894 1.43695e-05
897 0.000215117
901 0.11540299999999999
905 0.000184735
907 0.138506
909 0.00191039
910 1.53968e-05
913 0.000266168
914 0.00135237
916 2.05877e-05
922 0.11088800000000001
924 4.6472900000000005e-06
925 5.4218699999999994e-08
927 3.39946e-05
928 4.2707700000000004e-05
930 2.7219099999999996e-06
932 2.0008300000000003e-08
933 2.93938e-07
938 0.00756223
939 0.0141756
940 0.00822513
941 0.00124956
942 0.00040364599999999996
944 0.0470939
945 2.7208099999999996e-10
952 0.000126084
953 2.85303e-06
955 0.00634649
956 0.014549600000000001
957 6.708e-05
959 0.00046756099999999996
960 0.180694
961 0.000192221
963 9.287789999999999e-08
968 1.7765200000000002e-06
969 2.18516e-05
970 0.0009605589999999999
974 4.38282e-08
975 1.10739e-05
976 0.323735
978 0.0020932
979 0.401833
981 0.000181061
983 0.000102636
984 0.142677
985 9.45261e-07
986 0.0007690510000000001
988 2.6359499999999997e-05
990 5.4796800000000004e-05
992 9.79643e-08
994 9.47483e-09
995 2.8762200000000002e-06
998 2.64157e-13
1000 3.99855e-06
1003 8.80705e-12
1005 3.2742900000000003e-06
1006 0.000596148
1007 3.7267699999999995e-09
1013 0.00104216
1016 7.48659e-05
1019 7.31421e-13
1020 0.00030928
1021 4.20678e-07
1022 2.6406999999999996e-07
1023 1.7410400000000002e-06
1025 8.964840000000001e-05
1026 1.1190999999999998e-05
1029 1.52741e-08
1030 0.00376112
1031 0.94171
1032 3.09948e-10
1033 0.154043
1034 7.30617e-05
1035 0.000133084
1037 0.00471811
1038 0.0005814430000000001
1039 0.00228696
1040 0.000250389
1044 0.00110819
1046 0.000434953
1047 0.000222594
1048 5.24395e-06
1049 0.000313475
1051 4.95006e-10
1054 1.2920899999999999e-05
1055 0.00724466
1058 2.75909e-05
1059 2.47014e-05
1063 0.0136565
1065 0.000708143
1067 6.97314e-06
1070 3.53775e-08
1075 0.026521199999999998
1076 0.00190203
1080 0.000632104
1081 0.00188602
1085 5.982050000000001e-10
1086 0.018057499999999997
1087 0.013355500000000001
1088 8.6705e-07
1089 2.6411e-07
1090 2.60246e-05
1094 0.000436417
1095 0.004829699999999999
1096 9.0162e-06
1098 8.87811e-17
1099 0.055024800000000006
1100 0.190771
1103 6.29392e-05
1105 0.00781752
1108 0.000395091
1111 0.00283137
1114 0.000552238
1115 6.08015e-06
1116 6.268009999999999e-06
1117 0.0005276430000000001
1118 0.000550721
1120 0.00826835
1122 2.1896900000000002e-08
1123 4.4859e-05
1126 3.89856e-11
1128 0.023192400000000002
1131 2.5172399999999996e-05
1132 9.105639999999999e-05
1133 3.68076e-05
1134 0.969742
1135 1.20187e-09
1138 4.87347e-06
1139 3.7156199999999995e-12
1141 0.025663099999999998
1146 0.000254904
1150 6.3962e-07
1153 0.000128213
1155 5.93144e-06
1157 0.963526
1159 0.00659789
1162 0.00145247
1163 0.000203587
1165 0.10180499999999999
1167 0.00252056
1169 0.00019993
1173 0.00024103900000000002
1177 4.11976e-05
1178 1.98899e-05
1179 9.691889999999999e-07
1180 0.0146892
1181 1.47503e-11
1183 0.000154072
1188 1.33215e-07
1189 2.1034099999999998e-10
1190 3.19705e-05
1193 0.00163761
1195 0.00022506
1196 3.3756500000000005e-07
1197 1.4778800000000002e-05
1198 8.47622e-11
1202 0.00098158
1208 0.00272098
1210 0.147819
1213 0.00308912
1216 0.000718595
1217 0.00259759
1218 7.498800000000001e-05
1219 0.00213257
1220 1.82108e-05
1222 0.27163200000000004
1223 2.13887e-07
1227 0.0482319
1228 6.69215e-05
1232 0.000427344
1235 0.10390799999999999
1238 0.000426449
1242 0.000285218
1243 0.00124884
1244 0.00022983900000000002
1245 0.010039
1246 0.00310059
1249 0.036467
1251 0.0613869
1252 3.1285200000000003e-09
1253 0.454788
1255 0.0196564
1256 0.0355337
1257 4.92008e-06
1261 0.00030174900000000003
1262 3.51457e-15
1264 0.9816239999999999
1267 0.670813
1271 0.00041978800000000004
1275 4.61896e-05
1276 0.00384409
1278 1.17579e-05
1280 1.88945e-08
1282 3.32596e-05
1283 3.83022e-05
1285 0.655229
1291 4.94564e-05
1295 1.20099e-08
1296 0.9891840000000001
1297 2.4791e-06
1300 0.00021675200000000001
1301 0.9501629999999999
1302 8.1181e-07
1303 1.63274e-05
1305 0.00451255
1306 6.213890000000001e-09
1307 0.0894277
1308 2.79669e-05
1313 2.76711e-05
1317 6.390060000000001e-05
1318 0.00226787
1319 0.00565853
1320 0.000295634
1321 9.229560000000001e-08
1322 1.9886e-05
1328 8.9149e-05
1329 0.155195
1331 2.76765e-11
1335 0.00253006
1336 2.45548e-08
1338 1.6631199999999998e-05
1339 0.000414036
1340 0.00537065
1342 0.00113876
1344 1.5718600000000002e-07
1347 4.41571e-05
1349 0.00384362
1351 0.0329576
1353 1.7226099999999998e-07
1354 4.4883900000000006e-05
1355 3.48831e-05
1356 4.4625e-11
1357 0.882172
1358 0.022163299999999997
1359 0.0015015999999999999
1363 5.60065e-06
1366 0.0684498
1367 2.8435799999999996e-08
1368 9.899569999999999e-05
1369 6.7492999999999994e-15
1370 0.000314012
1372 0.00017677
1373 7.121210000000001e-06
1374 6.78237e-05
1376 0.007156699999999999
1377 3.1902e-05
1379 9.655430000000001e-08
1380 0.00019428099999999998
1381 4.07339e-13
1382 0.26003899999999996
1389 0.000449374
1391 0.000423849
1392 1.0586399999999999e-10
1394 1.47442e-08
1396 0.16401300000000002
1398 0.000122541
1399 0.104153
1401 1.1324200000000001e-09
1403 0.414041
1407 0.107859
1410 1.3614200000000001e-05
1411 8.66525e-06
1412 5.5756000000000006e-05
1415 0.0008704380000000001
1416 3.01781e-06
1417 0.0199762
1419 0.000167485
1422 2.16371e-05
1423 0.00204051
1424 0.00748487
1425 0.0007680230000000001
1428 0.00044279199999999996
1429 0.0006797610000000001
1431 0.000150085
1433 0.0008685510000000001
1435 4.31226e-06
1437 1.9971099999999998e-06
1438 9.38619e-06
1440 1.21926e-10
1446 0.7133729999999999
1447 0.9967450000000001
1448 0.245148
1449 0.00107304
1452 0.036036900000000004
1454 0.00376574
1456 0.000614182
1458 0.00410093
1459 0.00251052
1461 0.0152041
1462 0.0008351519999999999
1469 0.031514299999999995
1471 0.00701746
1473 0.032466300000000003
1474 2.3918e-08
1476 0.827736
1477 1.10866e-08
1478 5.57312e-05
1482 0.00281348
1487 0.0002788
1489 5.64619e-06
1491 8.339709999999999e-09
1495 0.00968679
1496 1.3644399999999998e-08
1500 1.20747e-06
1502 0.00011865799999999999
1503 9.22964e-06
1505 8.36834e-05
1506 0.0596127
1507 2.34496e-05
1508 0.00188534
1511 2.7071500000000002e-15
1513 5.630940000000001e-06
1516 0.999223
1518 6.08859e-07
1519 1.62217e-05
1520 1.3797299999999999e-06
1525 5.60365e-07
1527 3.76248e-07
1530 0.00107262
1533 0.00849839
1534 0.012734700000000002
1535 0.000166555
1538 0.44471000000000005
1540 0.000138722
1542 5.37899e-06
1546 1.35263e-08
1547 1.46589e-10
1549 8.05655e-07
1550 2.16545e-12
1551 5.7849199999999995e-08
1552 2.29069e-06
1558 0.000623802
1560 1.5473799999999998e-10
1562 2.33808e-06
1564 6.22588e-05
1566 0.00044365800000000004
1567 0.0428307
1568 6.57269e-05
1569 0.000678931
1570 1.60301e-05
1572 3.71875e-15
1573 1.66882e-08
1574 0.035363900000000004
1575 0.0147959
1578 5.53299e-05
1581 0.000128518
1583 0.0414842
1584 0.00452694
1585 2.62578e-05
1587 0.0017312
1589 0.00853752
1591 2.34471e-10
1592 6.45479e-05
1596 0.00186315
1599 8.9431e-05
1600 0.0304883
1601 1.90465e-08
1602 1.1054600000000001e-05
1605 0.00521175
1606 0.00026775700000000003
1609 4.5928199999999997e-07
1613 0.000225648
1615 0.000375438
1616 0.000648976
1619 0.035957300000000005
1620 3.8556e-05
1621 2.68718e-07
1623 2.40289e-08
1624 0.000258421
1625 0.0502242
1626 8.537059999999999e-07
1629 3.93355e-05
1631 6.23048e-05
1634 5.71568e-06
1635 0.019703000000000002
1637 0.00448354
1639 1.79536e-05
1641 0.000153284
1644 0.00427654
1645 3.54458e-05
1646 1.50299e-05
1648 0.022655
1652 0.0330649
1655 1.8069099999999997e-06
1656 0.000607322
1657 5.52904e-06
1658 4.7299100000000004e-08
1659 1.35653e-05
1660 1.3562199999999999e-09
1663 3.82755e-08
1664 0.074239
1665 0.0030736
1666 0.00121009
1667 0.00118014
1668 0.266642
1670 2.9945800000000002e-09
1671 0.0185852
1672 1.12196e-06
1674 9.90624e-06
1679 0.95621
1681 1.10976e-05
1687 2.03925e-05
1692 0.00108934
1694 1.48493e-13
1695 0.00014346
1696 0.00033206
1697 0.00220319
1698 4.84505e-06
1700 0.0007676839999999999
1701 2.38715e-06
1702 4.36596e-11
1703 0.207416
1704 1.69618e-08
1705 0.000598377
1706 0.0021191
1709 0.809665
1710 0.06611210000000001
1712 0.000634446
1715 0.000592876
1716 0.00392332
1719 1.17005e-05
1720 0.00051096
1722 0.00379231
1728 9.14864e-05
1731 0.0119898
1735 8.535239999999999e-05
1736 0.00140332
1737 0.9967360000000001
1740 1.3989400000000001e-06
1742 5.22002e-08
1743 0.000631731
1744 0.034638499999999996
1745 0.00264182
1748 9.12683e-05
1751 3.6692199999999997e-06
1753 0.0110156
1757 0.0182452
1760 0.119255
1762 4.93045e-07
1763 1.81118e-05
1764 0.00022208599999999997
1767 5.7207200000000003e-05
1769 0.0479018
1770 0.0044075
1773 0.0007494169999999999
1774 4.549939999999999e-05
1776 0.18193299999999998
1779 0.00949286
1781 0.00727871
1783 0.00230437
1786 0.0014364
1788 3.35088e-05
1790 3.023e-11
1791 4.50154e-05
1792 0.0851187
1794 0.000459695
1796 0.019804099999999998
1798 0.992224
1802 0.0238021
1803 0.00315347
1804 1.63762e-08
1805 0.000757765
1808 0.154923
1811 5.8722700000000006e-05
1812 1.12803e-05
1813 9.13998e-05
1814 0.00516533
1815 3.93896e-05
1817 0.00502777
1819 0.000586556
1820 1.1402600000000001e-08
1822 4.99341e-09
1823 0.0680432
1824 5.1172599999999996e-08
1826 0.0135468
1829 5.63986e-05
1831 7.268910000000001e-06
1835 2.4302299999999998e-08
1838 3.7616e-15
1839 0.04298130000000001
1844 6.68549e-07
1846 0.000541108
1848 5.83854e-10
1850 0.403079
1851 5.95407e-05
1852 1.50846e-05
1856 0.00016428099999999998
1857 0.03943819999999999
1859 1.33612e-08
1863 1.79543e-08
1865 2.03534e-05
1866 0.000505732
1867 8.610099999999999e-06
1868 0.000414195
1869 0.0106382
1871 8.44271e-11
1873 4.0738000000000006e-09
1874 5.06593e-10
1876 4.17901e-06
1879 0.000872345
1880 1.35122e-05
1883 4.26052e-05
1884 0.0196672
1885 0.00273386
1886 3.8773400000000004e-05
1889 0.889592
1890 1.27788e-07
1891 5.66451e-08
1893 0.129155
1895 1.9718599999999998e-05
1897 0.00011451299999999999
1900 0.0008009769999999999
1905 0.0015597000000000002
1908 3.2866399999999996e-10
1909 1.52976e-10
1910 0.000308231
1912 1.31531e-12
1913 0.00045983
1914 1.53365e-05
1916 0.303554
1917 0.00307848
1919 7.715450000000001e-09
1921 0.000712217
1923 1.2767700000000003e-08
1924 1.4106e-07
1925 2.27345e-09
1926 0.101953
1929 4.80906e-13
1935 0.000299197
1939 0.00054486
1942 1.38563e-06
1943 0.00041242599999999997
1946 0.00011957299999999999
1947 0.00024484
1949 6.48157e-08
1951 5.02834e-06
1953 0.00035309699999999997
1955 0.00252887
1956 0.00023366400000000002
1957 0.00152288
1959 9.5148e-13
1961 1.5135999999999999e-05
1965 0.000435585
1966 0.000403824
1967 4.5998500000000004e-10
1968 0.00653418
1969 0.000938554
1973 0.000521131
1974 0.14643499999999998
1975 0.000373956
1979 0.0244457
1983 2.40856e-05
1984 0.0005502980000000001
1986 0.016369799999999997
1987 4.50594e-06
1988 0.00102766
1990 1.43044e-05
1991 2.91818e-14
1992 3.64596e-06
1993 0.00013409200000000002
1994 2.2485399999999998e-07
1996 3.66208e-05
1997 2.3305700000000003e-16
1998 0.9583860000000001
2003 3.69696e-10
2005 0.0005098969999999999
2007 9.87175e-10
2008 0.00052777
2009 0.211696
2010 1.28427e-05
2013 0.00113874
2014 2.9683e-06
2016 0.194158
2017 0.000151075
2018 0.00384606
2026 0.00221947
2028 0.0006622689999999999
2029 8.28726e-08
2031 0.00237178
2032 0.000484136
2033 2.61997e-07
2035 0.00023951
2038 0.00911131
2040 1.2842800000000002e-07
2041 1.12201e-05
2044 6.72127e-09
2046 0.00949803
2048 3.6785999999999997e-09
2050 0.000265838
2052 0.000118912
2053 0.000180016
2057 3.74045e-05
2059 3.25991e-10
2060 0.0605759
2062 1.2833499999999998e-05
2065 0.000648257
2066 0.000328622
2071 0.00269305
2072 0.00815992
2073 1.97995e-05
2074 0.00307528
2075 0.000194717
2076 0.000826621
2077 0.00041653
2078 1.49843e-08
2079 0.00399574
2080 0.584973
2081 5.547609999999999e-09
2084 5.6348e-09
2085 8.726059999999999e-05
2087 0.00107994
2089 1.49342e-11
2092 0.00822777
2093 1.00682e-09
2097 0.0004997140000000001
2100 0.00883206
2103 6.02958e-09
2105 0.997361
2106 4.18974e-12
2107 0.0300098
2110 0.0367538
2111 0.0044077
2113 2.1395599999999997e-10
2115 0.0007774419999999999
2118 2.9846300000000003e-05
2119 0.00240847
2121 0.00174943
2122 0.061229099999999995
2123 3.69166e-05
2127 4.9338699999999996e-05
2128 2.64981e-06
2130 0.06261699999999999
2131 0.00010481299999999999
2133 1.7866400000000002e-06
2137 2.82495e-07
2138 5.3090599999999994e-06
2141 0.00650828
2143 2.19913e-14
2144 0.18667
2147 1.0675699999999999e-09
2148 0.000307777
2149 3.66338e-05
2150 0.00223021
2154 4.26443e-08
2157 1.49604e-05
2159 0.00577342
2160 2.76667e-05
2161 0.000185142
2162 8.761770000000001e-06
2164 5.2518699999999996e-05
2167 0.000785785
2168 0.0739179
2173 0.000151713
2175 5.59168e-11
2177 0.05367759999999999
2185 0.910509
2188 9.152410000000001e-06
2189 0.000207042
2195 8.29601e-05
2198 0.017997
2200 1.3614e-05
2203 0.000766084
2204 0.000400519
2205 2.88368e-08
2206 4.675519999999999e-06
2207 6.968260000000001e-08
2210 0.001434
2211 0.031957799999999995
2216 0.00111262
2217 2.78065e-09
2222 1.38713e-06
2223 0.00353881
2225 0.000474669
2227 2.46187e-06
2229 0.000113724
2230 0.00879915
2231 0.00170443
2232 0.0193165
2235 0.00304201
2236 0.146622
2239 0.00254227
2240 0.00371553
2242 0.164026
2243 0.00151228
2245 0.00193482
2246 0.24901700000000002
2250 0.00175693
2252 2.70633e-06
2254 0.000300013
2258 1.4266700000000002e-09
2262 0.00027863
2264 0.00217731
2269 0.020331799999999997
2271 3.15497e-10
2274 2.52507e-08
2275 1.3461299999999998e-12
2282 1.19194e-06
2283 0.00971441
2286 4.06264e-06
2289 9.11613e-05
2292 7.82492e-05
2294 1.18155e-08
2295 0.000664074
2296 0.000204678
2297 0.00344014
2298 0.0100304
2299 2.54371e-05
2301 8.52209e-07
2303 1.6916e-06
2304 2.1933000000000003e-09
2309 4.36665e-13
2312 6.36966e-07
2313 3.37591e-05
2314 0.00294158
2316 0.00042683300000000005
2317 0.0273377
2319 4.35759e-09
2322 0.023349599999999998
2325 0.355428
2326 3.69416e-08
2327 3.3087e-08
2331 0.0131277
2336 1.10261e-07
2338 4.60455e-08
2339 2.3009e-05
2341 0.00117394
2344 0.00529686
2346 7.81933e-08
2349 0.017528099999999998
2351 3.0354900000000006e-06
2353 2.03888e-05
2356 8.595900000000001e-08
2357 0.0169582
2358 0.00419303
2360 0.0007470269999999999
2363 0.0620937
2365 9.166899999999999e-05
2370 1.65036e-05
2379 0.9913879999999999
2380 0.0269061
2381 0.00170505
2383 7.428630000000001e-05
2386 0.00170793
2388 6.228e-05
2389 1.4971300000000002e-09
2390 0.000224209
2394 0.00595958
2395 7.49582e-05
2396 5.98466e-06
2397 0.825319
2398 0.20879299999999998
2399 4.8797299999999994e-05
2400 5.2701599999999996e-08
2402 6.751539999999999e-08
2406 1.06621e-05
2408 0.000883153
2409 0.00034656
2412 0.00040361199999999997
2414 0.147886
2416 1.1439e-07
2418 0.000539015
2421 0.013340200000000002
2422 1.52338e-08
2424 0.00024092599999999998
2426 1.3633599999999998e-07
2428 0.00599509
2429 0.00161535
2430 1.63219e-07
2431 0.00541415
2432 0.00040568099999999997
2434 0.0108866
2438 0.00021872599999999998
2440 2.32287e-14
2446 0.000109871
2447 0.000157195
2449 0.000226042
2451 0.161425
2453 1.20229e-07
2455 2.57317e-05
2457 0.000573361
2463 7.4562e-06
2464 5.30674e-06
2467 5.7076900000000003e-08
2469 0.000277836
2473 3.69186e-07
2474 4.2261000000000005e-07
2475 0.014499799999999998
2482 0.00191277
2484 0.00169412
2485 4.71992e-05
2486 2.65911e-07
2487 0.00146861
2488 0.847678
2489 0.0133428
2495 0.455937
2498 0.0125887
2499 0.00041912
2503 0.000238386
2506 6.897300000000001e-09
2507 0.9722430000000001
2509 0.000293095
2510 2.9301e-05
2511 0.440767
2515 0.149058
2516 0.00011264700000000001
2517 5.50025e-11
2521 0.00023312599999999998
2522 4.7193e-06
2526 7.47881e-08
2527 2.61859e-08
2528 0.0212292
2530 2.23954e-05
2531 3.4903899999999997e-13
2532 3.1609099999999995e-05
2535 5.18139e-07
2536 3.19944e-07
2538 0.00220713
2541 2.03291e-06
2543 0.00624948
2548 0.000162958
2550 0.000242085
2551 0.000604189
2552 0.0161688
2553 0.00340362
2556 0.00475662
2557 3.5526799999999998e-09
2560 0.00206145
2562 0.0005500419999999999
2568 0.9299879999999999
2570 0.000486738
2573 0.000718224
2574 3.43031e-05
2575 0.00010421299999999999
2576 0.00443074
2577 1.01052e-14
2580 0.000527015
2581 3.26721e-06
2582 0.45296499999999995
2583 0.000461776
2587 0.00479581
2588 1.98567e-05
2591 0.000176212
2592 0.9684969999999999
2596 0.00804838
2597 6.62826e-06
2601 8.111710000000001e-10
2602 0.266043
2604 0.000111076
2607 0.000974577
2608 1.8032899999999998e-05
2610 0.0962039
2612 0.9570780000000001
2614 0.00982096
2616 2.67402e-06
2617 5.556860000000001e-06
2619 1.564e-07
2620 1.0911300000000002e-05
2622 0.0215085
2623 0.000121346
2624 0.000153294
2626 0.602215
2628 1.93025e-06
2629 0.000138989
2630 1.6336500000000002e-08
2631 0.580318
2638 7.79847e-06
2639 0.00343708
2640 8.236750000000001e-08
2642 1.11745e-07
2644 0.023340700000000002
2650 3.77642e-06
2651 0.00710228
2652 0.00172499
2654 0.000366145
2655 0.0198373
2656 5.04715e-06
2660 0.00694447
2661 2.00071e-09
2663 5.65784e-05
2665 0.00790899
2671 8.61403e-05
2672 0.00203754
2673 2.17124e-05
2674 8.40744e-09
2676 0.00623295
2679 0.00116596
2681 2.6686200000000002e-08
2685 0.000546071
2686 0.6833279999999999
2687 0.0006436640000000001
2688 0.00699808
2692 0.0146031
2694 3.7362e-08
2698 9.86096e-08
2700 0.0174203
2701 0.20864699999999997
2703 0.00822526
2705 0.00207014
2707 0.00169003
2708 0.00140747
2711 0.174137
2712 0.122277
2716 0.00203988
2719 0.000112444
2720 0.000436207
2724 1.66414e-07
2725 4.72963e-06
2726 0.0258837
2728 0.00344676
2729 3.20204e-08
2731 0.0908841
2733 8.456569999999999e-14
2736 2.0837e-08
2739 0.631199
2740 6.22919e-06
2742 0.000547128
2743 0.00047910000000000004
2746 0.00591262
2748 0.101952
2750 0.00290481
2752 1.2379000000000001e-05
2753 2.0293399999999998e-05
2754 0.000962359
2756 0.0226077
2758 0.134688
2761 0.00013502700000000002
2764 1.29517e-13
2768 0.0123284
2769 0.020595099999999998
2770 0.000454694
2771 3.53136e-05
2773 0.0174362
2777 2.7381799999999998e-06
2780 0.00121318
2781 0.009482899999999999
2787 1.36877e-05
2788 0.00424596
2789 0.00033523699999999995
2790 0.043557
2792 4.778899999999999e-07
2793 0.00377674
2797 0.00143198
2799 1.3694499999999999e-06
2802 3.22233e-05
2805 3.64872e-05
2806 0.889769
2808 0.8353290000000001
2809 0.000220377
2811 6.55149e-06
2813 0.10847899999999999
2814 1.46063e-07
2818 0.00125744
2819 0.00720736
2821 0.0929443
2822 2.4467e-06
2823 0.366207
2824 0.00141895
2825 9.46993e-11
2828 0.00193046
2829 4.93336e-06
2830 0.989344
2831 7.52338e-10
2832 0.166101
2837 0.00220469
2839 0.9884209999999999
2840 6.34732e-06
2843 1.9904499999999997e-06
2846 0.00961123
2849 0.00017225200000000002
2850 3.6975300000000006e-06
2851 7.950930000000001e-05
2852 0.000428847
2853 2.3384699999999997e-05
2856 5.9143100000000004e-09
2857 3.8096299999999997e-07
2860 6.46622e-05
2861 3.1607499999999998e-06
2862 9.7926e-08
2863 0.0317295
2865 0.165385
2871 0.000247317
2872 0.00165268
2874 4.07694e-05
2876 8.27941e-06
2877 0.0101457
2878 1.93194e-05
2882 0.000137214
2883 0.036723900000000004
2885 0.0058512
2887 0.0018655000000000002
2888 0.000113826
2890 6.159109999999999e-06
2892 0.760261
2894 0.365487
2895 0.025228900000000002
2897 0.0118039
2898 0.00186092
2900 9.57443e-06
2902 1.39399e-05
2903 3.64357e-05
2904 2.88605e-06
2905 0.000234835
2907 0.0101769
2908 4.6623e-09
2909 0.00362569
2911 0.00899475
2918 0.000979291
2920 0.299941
2921 0.0121957
2922 0.000307466
2923 1.9661e-06
2925 0.0184111
2926 0.00581999
2927 6.880119999999999e-08
2928 0.00100419
2929 0.000456699
2930 4.1198500000000005e-07
2936 8.995539999999999e-12
2945 0.000179344
2948 1.12845e-08
2949 7.792089999999999e-06
2950 0.000186318
2951 2.2410700000000002e-05
2955 0.00248132
2959 0.00157093
2961 6.625100000000001e-07
2964 0.0104037
2968 9.965190000000001e-09
2970 1.21311e-11
2971 0.0205987
2972 4.48631e-05
2973 3.00121e-06
2974 0.00372881
2979 0.000505048
2980 4.73819e-07
2981 0.13816099999999998
2982 0.0023485
2983 7.753e-06
2985 8.850920000000001e-07
2991 4.15755e-05
2993 0.00254535
2996 2.66034e-06
2997 0.00229081
2998 4.9065500000000003e-08
2999 0.9832559999999999
3001 9.4575e-05
3006 0.00116654
3010 0.000930707
3012 0.0347668
3014 0.000603959
3016 0.00187453
3018 5.7334700000000005e-05
3019 5.690560000000001e-06
3020 0.00163043
3022 0.00470059
3025 3.7786e-08
3026 0.014740399999999999
3029 0.00020069999999999997
3030 0.0015136
3033 9.98843e-09
3035 0.00012156700000000001
3036 0.039379500000000005
3037 0.169954
3040 5.75493e-05
3041 0.000188303
3043 2.3129200000000002e-05
3046 2.21526e-12
3048 0.00016590900000000003
3049 0.00186685
3050 7.317760000000001e-10
3052 0.010509399999999999
3055 0.0156056
3059 0.000676798
3060 2.4411500000000004e-10
3062 7.188610000000001e-06
3067 2.36722e-07
3068 5.57975e-05
3069 6.69018e-06
3070 7.562850000000001e-05
3071 8.84374e-07
3073 5.10276e-07
3075 0.09943710000000001
3076 1.0311399999999998e-06
3079 0.132207
3080 4.2851300000000003e-10
3081 0.259365
3084 0.0717747
3087 4.29223e-08
3091 0.00112341
3095 0.00887253
3096 0.0344876
3097 0.00024682
3099 0.0005048569999999999
3101 7.899859999999999e-05
3104 0.107679
3109 8.89334e-08
3111 3.816570000000001e-09
3113 1.29166e-06
3114 0.022477700000000003
3115 1.94728e-05
3119 1.91479e-12
3123 0.00022178900000000001
3125 1.16332e-07
3128 0.000121242
3130 1.4090100000000001e-08
3131 0.00167988
3132 0.00859588
3136 7.859830000000001e-06
3139 0.023406200000000002
3141 5.8729399999999994e-05
3143 1.7875900000000002e-08
3144 0.000654552
3148 0.154977
3151 0.000234214
3152 0.00880895
3153 0.00011544700000000001
3156 1.89037e-05
3158 7.38934e-05
3160 0.012503
3166 1.06812e-07
3167 0.0103556
3168 4.6301400000000004e-05
3171 1.39882e-05
3172 0.00166535
3173 0.272807
3174 3.81202e-06
3179 0.00626882
3180 2.30422e-06
3182 0.021371599999999998
3187 0.0038759999999999997
3190 8.578279999999999e-10
3191 0.000786485
3192 0.049983
3193 0.22115
3196 1.7006799999999997e-06
3197 0.00022683099999999998
3198 0.000143444
3201 0.000450124
3203 2.3472299999999997e-06
3206 4.01044e-05
3208 3.13084e-06
3209 0.00016397299999999998
3212 0.00295982
3215 0.00475671
3217 3.56324e-08
3220 0.000611289
3221 0.00273722
3222 0.0110471
3224 1.50429e-05
3225 0.00170458
3226 0.00319716
3227 1.67089e-11
3230 0.000165423
3232 0.00435601
3234 0.09778989999999999
3235 0.00637927
3237 0.0246783
3238 2.70118e-11
3241 3.4671799999999996e-05
3245 0.00796058
3246 1.7416099999999997e-05
3248 1.76035e-08
3249 5.32283e-11
3251 2.44582e-13
3252 4.61065e-06
3257 5.46868e-08
3263 0.0152317
3264 2.6794099999999998e-05
3265 0.00034889199999999995
3266 2.6702e-06
3267 3.17148e-08
3268 1.7818599999999998e-06
3275 0.00314748
3276 2.97865e-05
3277 1.0189e-05
3278 3.94213e-06
3281 0.00326468
3283 1.20303e-06
3286 9.59783e-07
3287 6.708560000000001e-10
3288 0.0372476
3289 0.00479636
3291 2.5890999999999997e-09
3295 0.00828779
3297 9.559789999999999e-06
3298 1.38899e-05
3302 2.38505e-05
3304 0.00041050300000000005
3305 0.058617499999999996
3306 8.798339999999999e-14
3309 4.99853e-07
3310 1.9986600000000002e-09
3312 3.0520099999999996e-06
3314 9.71896e-06
3315 1.26104e-05
3317 9.361450000000001e-05
3318 2.50732e-07
3319 0.000802522
3321 0.0106895
3322 1.2811500000000001e-05
3323 5.40409e-05
3324 0.00305885
3326 1.8784500000000003e-09
3328 5.919540000000001e-06
3329 0.00629712
3332 3.0339e-07
3333 0.9032370000000001
3334 0.468663
3340 0.163245
3341 7.895310000000001e-05
3342 4.70137e-07
3345 1.03824e-05
3346 0.0212644
3347 8.58817e-05
3348 0.00016412900000000003
3352 1.55613e-05
3353 6.42326e-12
3357 5.814069999999999e-14
3358 0.000182117
3361 0.0080609
3364 5.94928e-08
3366 4.67476e-05
3368 0.00020893799999999998
3371 1.3832499999999998e-06
3372 9.432360000000001e-08
3375 1.4061899999999999e-09
3378 0.00186136
3381 2.52118e-06
3383 0.000717957
3384 0.023594900000000002
3385 0.000289879
3387 7.313739999999999e-13
3388 0.00232312
3389 0.00023534400000000002
3393 0.938275
3394 8.213870000000001e-05
3399 0.13701300000000002
3400 2.6432799999999994e-10
3402 1.27338e-07
3405 1.27503e-11
3409 3.27359e-07
3411 0.000242352
3414 4.82445e-06
3418 0.0297212
3423 0.000209375
3426 0.00217188
3427 8.456089999999999e-08
3428 0.0927933
3431 0.00745519
3432 0.107582
3434 0.037704400000000006
3437 7.59418e-06
3438 1.89386e-05
3440 1.1191500000000001e-06
3442 0.107527
3445 4.47456e-05
3446 0.00032435200000000003
3447 0.000681017
3448 6.60302e-11
3454 0.0497788
3456 3.77261e-09
3457 0.00090882
3459 2.39306e-05
3460 8.747450000000001e-08
3463 0.0137226
3467 2.86942e-10
3471 1.7686900000000002e-05
3472 0.0172793
3473 0.2952
3474 1.1590199999999999e-07
3475 0.424662
3476 0.00439153
3478 0.00046299800000000006
3479 5.95093e-07
3480 1.00583e-06
3481 0.0009155589999999999
3482 0.11124500000000001
3483 0.00713948
3485 0.000886251
3486 0.00351925
3488 0.000254117
3490 2.01203e-05
3494 4.7172299999999996e-05
3495 4.07219e-05
3498 0.000730382
3501 0.0007917369999999999
3502 7.4427600000000005e-09
3503 0.0171487
3504 2.35596e-07
3505 0.792208
3507 1.58667e-07
3512 2.2692499999999998e-09
3513 0.00316121
3514 4.24177e-08
3515 0.0274502
3517 0.178536
3520 0.000471393
3523 0.000345331
3526 0.0155644
3527 0.0880916
3531 0.0109619
3532 7.57357e-05
3533 0.012251
3534 9.240420000000001e-07
3535 1.10262e-06
3538 0.9213819999999999
3540 2.80055e-05
3541 3.38471e-05
3542 0.00273701
3543 0.00154849
3544 0.0227832
3545 2.52969e-10
3547 8.528370000000001e-05
3552 8.63354e-08
3553 1.1531399999999999e-06
3557 0.0231606
3558 0.000142664
3559 0.0007767669999999999
3560 2.12332e-12
3561 0.000129407
3562 0.0006586039999999999
3563 0.00273842
3568 0.000125606
3569 0.045445099999999995
3570 7.79105e-07
3571 0.00110597
3572 3.50101e-17
3573 0.00022841900000000002
3574 3.1011800000000002e-09
3578 0.33614499999999997
3579 0.00451095
3581 0.0024389
3582 0.00266252
3583 0.00906169
3584 0.00109278
3590 0.000146743
3591 5.94116e-06
3592 0.00022757700000000002
3595 0.0315575
3598 0.00724576
3600 0.118777
3601 1.57887e-06
3602 0.000117755
3607 7.757869999999999e-08
3610 7.35282e-07
3612 0.00421664
3613 0.22414800000000001
3615 2.81328e-09
3616 4.06001e-06
3617 0.0607086
3619 0.059148400000000004
3624 8.30061e-05
3626 5.204259999999999e-06
3630 0.00097105
3631 0.0447409
3633 0.11970499999999999
3637 0.00023913
3641 2.70265e-05
3643 0.021291900000000002
3647 1.05364e-12
3649 0.00655182
3650 0.018840700000000002
3652 0.00652402
3653 0.0196146
3659 0.136864
3661 0.08785939999999999
3665 3.87905e-05
3666 9.55257e-10
3668 1.02076e-07
3670 0.99876
3672 0.00061383
3676 4.27031e-05
3677 0.00047104199999999997
3680 0.00370037
3682 9.70223e-11
3683 2.7911000000000003e-10
3686 1.3894400000000001e-09
3687 0.00147302
3689 3.7616900000000005e-06
3692 0.0154983
3693 0.0678548
3697 0.000340229
3701 0.000966759
3702 0.00163566
3707 0.000187125
3710 0.000419973
3712 0.0151792
3715 0.000161557
3716 0.00019569900000000002
3718 1.02102e-06
3719 7.070950000000001e-09
3720 0.000679681
3723 0.052739
3724 1.02447e-08
3725 2.26331e-05
3726 2.11496e-07
3728 0.00012732799999999998
3730 0.965585
3731 0.0006438840000000001
3733 0.00181165
3734 0.035014800000000006
3736 0.031889
3737 0.00017785
3738 0.00113795
3739 4.170159999999999e-06
3741 0.000276001
3742 0.00211581
3744 0.00123975
3745 0.0006106680000000001
3746 1.60218e-05
3747 5.29879e-05
3755 0.00105744
3756 0.000626715
3757 8.148149999999999e-08
3761 2.2865300000000004e-09
3762 0.207352
3764 4.88546e-05
3765 0.0353471
3766 2.0242299999999997e-09
3768 0.000129316
3769 1.7891299999999999e-12
3770 1.2511200000000002e-07
3771 0.0245188
3775 0.008141299999999999
3776 8.026119999999999e-10
3777 0.000478615
3778 0.000360596
3782 4.68436e-08
3785 2.08849e-07
3787 1.05505e-08
3789 0.082544
3794 0.024014700000000003
3795 0.000528232
3799 0.00736394
3800 6.35374e-06
3801 3.1168400000000003e-13
3802 4.69911e-09
3804 7.84103e-11
3805 1.87743e-05
3810 0.9018780000000001
3812 5.33904e-07
3813 1.99168e-11
3815 3.02459e-05
3816 5.73849e-10
3819 1.1900200000000002e-06
3822 8.33661e-12
3823 2.96183e-05
3825 1.53791e-05
3829 0.0005286830000000001
3831 0.116309
3832 0.051616300000000004
3833 0.979275
3836 4.221e-05
3839 0.100012
3840 5.53812e-06
3841 7.66983e-08
3842 6.39982e-11
3843 0.00053188
3850 0.000281879
3851 0.014868899999999999
3852 0.00297789
3853 0.018500599999999996
3854 0.00185693
3858 0.000687808
3862 1.15229e-05
3864 2.90487e-05
3867 0.457971
3870 7.373819999999999e-05
3873 7.4268e-06
3875 0.000342376
3878 0.010002500000000001
3880 1.72549e-07
3881 8.344400000000001e-06
3882 0.00511231
3883 6.45921e-06
3884 0.00536677
3888 0.00167938
3892 4.8362500000000005e-09
3893 1.24075e-09
3894 1.12675e-06
3896 0.08413580000000001
3897 0.00112894
3900 0.000231047
3901 2.3117600000000004e-05
3902 8.80212e-06
3903 3.7979000000000003e-05
3904 0.233672
3906 7.50087e-11
3908 0.00112946
3909 1.77272e-07
3910 2.24745e-05
3914 0.000115243
3916 1.00119e-05
3917 2.91216e-10
3920 4.11317e-05
3922 0.00517886
3925 1.21055e-07
3927 0.00054843
3928 0.00297861
3929 0.241839
3930 0.018402900000000003
3931 0.000275929
3933 2.18154e-06
3934 1.33102e-07
3938 0.00852649
3940 5.10401e-05
3942 0.00091187
3943 0.000354515
3944 0.066373
3950 0.0254505
3951 0.0105509
3952 2.22134e-09
3955 0.00257285
3958 0.00096736
3959 1.60177e-05
3962 0.000519101
3964 8.33459e-07
3967 0.00839472
3968 0.06805549999999999
3972 5.94671e-05
3975 0.000695047
3976 2.2533799999999998e-06
3977 1.0560600000000001e-07
3978 0.0163114
3980 0.00034150900000000004
3981 5.59365e-06
3982 0.011953
3985 3.8298099999999995e-08
3989 0.6582279999999999
3995 0.000802318
3999 0.0233132
4000 1.2109200000000001e-05
4001 0.000724151
4002 2.81127e-06
4004 0.119372
4006 0.04481369999999999
4007 0.00825289
4018 6.97841e-07
4021 6.975289999999999e-07
4022 0.022745400000000002
4024 1.00355e-07
4026 2.00817e-06
4027 9.789060000000001e-06
4029 0.00211866
4030 0.18793900000000002
4032 2.36777e-05
4036 5.16128e-11
4038 8.74316e-06
4040 2.16785e-08
4041 0.000791701
4042 3.93525e-06
4043 4.75459e-07
4044 0.0006055990000000001
4045 0.000524929
4048 8.587280000000002e-10
4049 2.39718e-05
4050 8.552119999999999e-15
4053 0.0007722689999999999
4054 1.35873e-05
4055 7.54896e-05
4056 0.00039761699999999996
4059 2.9658099999999995e-06
4061 0.00122204
4062 2.79256e-05
4063 1.89222e-06
4064 1.3964400000000001e-06
4065 0.0959525
4068 0.039336199999999995
4070 0.9968520000000001
4071 6.97604e-09
4072 0.0195554
4074 0.000480754
4078 0.502401
4079 0.00023123599999999998
4080 4.77096e-07
4081 2.57041e-05
4083 5.10593e-12
4084 0.00262924
4086 0.000320366
4088 1.0541199999999998e-05
4090 0.007484
4094 5.3897700000000004e-05
4096 0.00127889
4097 3.55449e-08
4098 0.00101122
4099 0.06598860000000001
4101 0.0680327
4103 0.035665300000000004
4104 0.00983703
4107 0.00918004
4109 0.00148983
4112 1.2116e-08
4114 3.02784e-10
4115 4.65013e-06
4116 0.000155425
4118 0.028930200000000003
4119 2.2425100000000003e-05
4123 0.0887161
4124 7.9812e-09
4125 0.0585183
4126 0.00028869400000000004
4127 9.10958e-05
4128 0.00020094900000000002
4130 0.00271106
4132 1.3697000000000001e-05
4134 0.00037826099999999996
4139 8.88325e-07
4144 0.1537
4147 0.190944
4151 0.23693899999999998
4153 3.17241e-05
4154 0.306817
4155 4.32915e-07
4156 0.013159200000000001
4157 5.6479e-06
4159 5.8594499999999996e-05
4160 3.38964e-09
4161 1.41668e-11
4162 1.30306e-06
4165 2.45341e-08
4166 0.0115015
4167 0.0621029
4172 0.0627412
4173 0.00897261
4175 0.00039398300000000004
4176 1.22296e-11
4177 0.11559100000000001
4179 0.00178212
4180 9.625700000000001e-07
4181 2.82259e-06
4182 1.95547e-05
4183 1.5722e-05
4184 0.000285032
4187 0.017783700000000003
4188 2.5674200000000003e-08
4197 0.0196363
4198 0.93189
4199 4.28709e-07
4202 1.81387e-05
4206 2.4329e-08
4207 0.00237673
4208 0.0838601
4210 0.000204201
4211 0.06576110000000002
4213 3.39576e-05
4214 0.972764
4216 7.33306e-05
4217 9.215460000000001e-12
4218 0.00129214
4219 7.53403e-05
4222 0.000307745
4225 1.5885299999999999e-12
4226 1.07649e-06
4227 3.66804e-05
4233 0.000112753
4234 0.00664527
4235 0.000633249
4236 1.1173299999999999e-05
4238 0.632625
4240 0.00257668
4243 0.877194
4245 0.000185256
4248 0.09837130000000001
4249 0.00403594
4250 0.00037887
4251 5.96797e-15
4252 0.00011145700000000001
4254 1.51947e-13
4260 2.91636e-09
4261 2.82694e-05
4262 5.51026e-05
4266 0.00153613
4267 3.42142e-06
4268 0.000142502
4276 0.0251253
4277 0.103898
4278 4.93091e-06
4282 0.000616789
4285 0.000161073
4288 4.28033e-07
4289 0.00239178
4290 0.00010224799999999999
4294 0.0004053
4297 3.43126e-05
4299 1.62717e-09
4301 0.00847811
4302 6.80454e-05
4305 0.058062199999999994
4306 0.00208542
4308 9.02704e-05
4309 0.185936
4311 0.00017118599999999998
4313 7.30488e-07
4314 8.04339e-06
4316 0.00174125
4317 0.00728298
4319 1.18482e-05
4320 1.15252e-05
4324 2.0487700000000002e-07
4328 0.031828800000000004
4330 0.00038223300000000005
4332 0.021784
4334 0.013973300000000001
4335 1.59314e-11
4336 0.00316873
4337 0.000494105
4340 3.6466000000000004e-06
4342 9.10581e-09
4343 6.23894e-05
4344 0.000130336
4348 0.023041700000000002
4350 2.83323e-07
4353 7.0026e-12
4355 0.00040617800000000004
4357 0.161404
4358 0.000160059
4362 9.44241e-13
4363 0.0821077
4366 0.269131
4373 0.00114491
4374 4.92312e-11
4375 1.2093e-05
4377 0.000899998
4378 0.013223500000000001
4381 0.11776700000000001
4382 3.04747e-09
4383 0.00421033
4385 0.028692000000000002
4388 4.26068e-05
4393 0.000420555
4394 1.98264e-11
4395 3.50719e-08
4398 1.59927e-06
4399 0.000626758
4400 5.157280000000001e-10
4401 4.65183e-08
4402 1.87788e-06
4403 1.06985e-16
4406 3.3717199999999997e-12
4407 7.44979e-05
4408 0.0177484
4410 7.43409e-05
4412 0.12481500000000001
4413 2.58274e-07
4414 2.1783e-06
4415 6.59187e-06
4416 0.029853300000000003
4417 0.0158326
4418 5.7760200000000005e-09
4419 2.52917e-05
4420 0.00273468
4422 0.012278
4425 4.1946e-13
4426 4.948730000000001e-10
4427 6.42702e-10
4428 1.3799700000000001e-05
4431 0.000198175
4435 0.000901475
4440 0.000622234
4442 0.0680531
4443 8.331790000000001e-05
4444 1.8348e-10
4445 0.000187089
4447 0.0532735
4448 0.934584
4449 0.0184475
4451 0.000137443
4453 3.943710000000001e-09
4454 0.0822077
4456 0.0211084
4458 3.03217e-05
4460 2.92782e-06
4461 2.44637e-08
4462 1.57765e-05
4465 2.1074900000000003e-06
4467 5.20413e-13
4469 0.011528100000000001
4472 3.4989000000000004e-09
4473 1.09955e-06
4475 0.277395
4476 0.00543627
4477 0.00450448
4478 1.86755e-05
4480 0.00754307
4482 0.00323899
4483 1.2445999999999999e-05
4485 0.010877
4486 5.714399999999999e-09
4489 0.000423214
4491 0.0020609
4492 1.12073e-05
4497 0.365735
4501 0.00011365
4503 5.52322e-07
4504 5.62986e-09
4505 0.056877300000000006
4506 6.57108e-08
4511 7.939789999999999e-06
4513 7.75188e-05
4515 2.9633700000000003e-08
4516 0.11121700000000001
4521 0.0720068
4522 6.67993e-05
4523 0.134562
4525 1.7198499999999998e-05
4529 5.59072e-08
4531 0.000383097
4533 4.0982e-07
4534 0.0257536
4536 0.0008437060000000001
4538 0.128402
4541 5.494540000000001e-06
4543 3.2173200000000002e-06
4545 0.0179107
4546 5.0904599999999995e-06
4547 0.000110421
4550 0.00805967
4554 1.35548e-06
4556 1.59748e-05
4557 3.60302e-05
4559 0.0791488
4560 2.85621e-05
4561 0.140823
4564 0.000178405
4567 0.00035925599999999996
4568 0.957249
4569 1.41675e-05
4572 8.87805e-07
4573 0.00360364
4575 0.000150686
4577 1.53565e-11
4578 0.0712643
4580 0.00642528
4582 7.05179e-06
4583 4.2587e-05
4586 0.00039275599999999996
4589 0.0222624
4590 0.000297413
4593 1.87923e-05
4594 1.20696e-05
4596 0.000148142
4598 0.000279039
4599 2.56279e-06
4602 6.827330000000001e-07
4603 0.00040061199999999995
4608 0.000950555
4610 1.59906e-05
4613 0.000238695
4614 5.33969e-05
4615 0.188891
4616 0.015005600000000001
4617 4.17759e-06
4619 0.00377084
4620 0.00827608
4621 0.0145607
4624 0.0554817
4629 0.000609726
4633 0.00696612
4635 0.0979089
4637 1.72078e-10
4638 7.55713e-05
4639 0.00110639
4640 0.00357922
4641 0.9705379999999999
4642 0.000333322
4645 1.38307e-10
4646 0.041944999999999996
4650 0.9656389999999999
4657 0.000124455
4658 2.8406e-05
4659 4.20022e-05
4661 1.5135899999999999e-05
4663 0.000288989
4664 9.28964e-05
4665 1.98141e-07
4666 0.156636
4667 9.57426e-06
4668 0.00627989
4669 0.000412099
4670 0.00118874
4677 3.21454e-05
4678 1.26089e-07
4680 2.10695e-13
4681 0.00031125799999999997
4684 3.4175e-06
4688 3.5026100000000004e-13
4690 1.51691e-06
4695 0.00029037400000000004
4696 0.023249099999999998
4697 6.0845e-15
4698 0.180866
4700 4.898030000000001e-06
4703 0.0191692
4704 5.5344e-05
4709 0.00232176
4711 1.70235e-06
4712 2.44976e-05
4713 0.00385277
4716 5.74264e-07
4717 3.5123500000000003e-08
4720 1.00959e-06
4721 0.0783344
4724 2.94871e-05
4725 0.7721640000000001
4726 0.00614277
4728 0.000615909
4729 0.8777370000000001
4730 9.25207e-06
4731 0.000315462
4733 3.47165e-05
4734 2.7173999999999997e-07
4736 5.54528e-08
4738 0.332509
4739 0.0103359
4740 0.0400647
4741 0.0033198
4744 0.0146249
4745 3.68483e-12
4749 0.000147491
4751 0.000138409
4752 1.17325e-05
4755 0.00170292
4756 0.136522
4757 3.24322e-09
4758 4.70178e-07
4759 6.373939999999999e-09
4762 0.000682051
4763 0.000219342
4764 0.0008660380000000001
4765 0.00158572
4766 0.136913
4767 2.0850500000000003e-05
4769 0.00203994
4771 0.00449724
4772 2.60261e-05
4774 5.292999999999999e-06
4775 0.000942263
4778 7.98023e-05
4780 0.00166414
4781 0.000982442
4784 4.06661e-07
4787 5.22265e-07
4791 0.000104929
4795 0.534886
4798 0.00085998
4800 0.9643219999999999
4802 0.10668399999999999
4803 0.00559625
4804 0.010282
4806 5.23771e-06
4807 0.00202121
4809 5.35506e-13
4810 0.0118403
4811 0.00124289
4813 4.11578e-06
4817 0.00452381
4819 0.00010399299999999999
4820 0.00057889
4821 0.00509291
4822 0.9697100000000001
4824 5.11513e-14
4827 4.8017e-07
4829 9.119790000000001e-07
4833 0.9479280000000001
4835 0.03314280000000001
4838 0.00719037
4843 1.55089e-07
4844 0.00212154
4845 6.74257e-13
4847 0.00162246
4851 9.85888e-07
4853 0.000505526
4854 4.752149999999999e-09
4855 0.0105196
4858 0.00561311
4860 2.89813e-08
4861 2.40937e-09
4862 0.00131353
4864 0.23726399999999997
4865 0.000938931
4870 0.375201
4871 0.000219483
4874 0.00442876
4875 0.000840413
4877 1.86738e-05
4880 0.00047676699999999996
4881 0.00041479999999999995
4883 0.000481314
4884 7.21738e-07
4887 0.0014709000000000002
4888 5.20719e-05
4889 0.00022307099999999998
4891 3.13434e-05
4892 0.41868500000000003
4893 0.0397768
4894 6.64046e-05
4899 0.00400071
4900 0.029796100000000002
4901 0.000361531
4904 9.76408e-06
4906 8.85733e-07
4908 0.0044426000000000005
4909 7.213270000000001e-09
4914 2.09155e-06
4915 4.819e-09
4917 0.442925
4918 6.157479999999999e-05
4919 0.043861699999999997
4920 0.12923199999999999
4921 2.1303899999999998e-05
4922 0.00160169
4923 3.68056e-05
4924 0.00150111
4925 2.50198e-05
4927 0.000341169
4930 0.100366
4932 0.000262751
4933 7.22469e-05
4934 0.000136899
4937 0.00910047
4940 4.25582e-08
4941 4.90436e-05
4942 0.9832559999999999
4944 0.145296
4945 8.1158e-05
4947 0.00393219
4949 0.10307899999999999
4952 3.17117e-05
4957 1.80701e-05
4959 0.152754
4964 0.000433413
4965 0.00044533400000000003
4969 1.28657e-07
4970 4.7594099999999995e-06
4971 0.000114987
4975 9.73059e-11
4978 0.006935300000000001
4979 8.03578e-06
4980 0.00766692
4981 3.39004e-14
4988 0.00414891
4989 0.0016221
4993 3.75615e-05
4996 2.67193e-12
5000 7.33066e-07
5002 1.66114e-07
5005 3.85728e-06
5008 2.15332e-11
5009 5.63818e-07
5010 2.9735100000000003e-05
5011 0.0179082
5012 0.00135297
5013 0.00030744
5015 0.00011049200000000001
5017 0.023933700000000002
5019 0.000572597
5021 4.79016e-11
5022 5.21711e-07
5025 4.56165e-05
5030 6.52269e-15
5031 4.88935e-05
5034 0.00400802
5035 3.15268e-15
5038 4.8491899999999996e-05
5040 0.0103303
5041 0.5262560000000001
5043 0.00182366
5044 0.00107025
5046 2.14104e-05
5048 1.10249e-06
5049 0.000259609
5050 5.91531e-06
5051 1.7462900000000003e-06
5053 0.00380873
5059 3.34493e-07
5060 0.000736902
5066 3.5442e-05
5069 0.0333288
5070 0.0021375
5074 0.000550791
5075 4.919840000000001e-09
5076 0.0660369
5080 8.93544e-05
5082 0.00276461
5083 4.15442e-10
5087 0.995777
5088 0.00020098900000000002
5089 2.36463e-10
5091 0.07007730000000001
5092 0.000214725
5095 0.00311842
5096 3.8509200000000003e-10
5098 7.31289e-05
5099 5.33597e-08
5100 0.00018956900000000003
5103 0.000212587
5105 5.030340000000001e-07
5106 0.00130779
5109 1.7122799999999997e-10
5112 3.3874699999999996e-07
5113 0.00536853
5115 1.40985e-10
5117 9.939239999999999e-06
5118 5.393640000000001e-06
5119 0.101408
5120 0.012001399999999999
5123 0.000265526
5125 1.88091e-08
5126 0.00142132
5127 0.011368600000000001
5132 0.000532677
5133 0.98172
5137 0.00010659299999999999
5139 0.00066417
5140 0.000188305
5141 0.0033403
5142 0.00286648
5147 1.1452e-07
5148 0.00037364900000000004
5149 1.08401e-05
5151 8.77873e-05
5152 4.75887e-05
5154 2.46041e-06
5155 1.5428599999999998e-09
5157 1.28479e-07
5158 1.58186e-07
5162 7.78431e-07
5163 0.0329656
5164 4.39967e-09
5165 1.0233099999999999e-05
5166 9.72733e-07
5167 0.00658082
5170 0.00187589
5172 0.410679
5174 3.83181e-05
5178 9.39718e-11
5180 0.000341217
5182 0.00024906799999999997
5184 0.00300688
5187 1.85734e-07
5188 0.989107
5192 1.1942700000000002e-08
5193 0.0023618000000000003
5194 2.8882400000000002e-08
5196 2.8845199999999998e-06
5197 0.9746530000000001
5198 0.015578899999999998
5200 3.02491e-06
5201 1.6211300000000002e-05
5204 1.56024e-12
5205 0.0082334
5206 0.0655779
5207 0.00020376
5211 1.8465599999999998e-06
5213 3.44634e-05
5216 0.000317497
5218 0.00110537
5221 0.00287755
5225 2.6686999999999997e-05
5226 0.0346274
5227 0.11187799999999999
5228 1.38949e-07
5232 0.00134358
5233 6.89432e-05
5234 0.00211495
5235 8.53827e-05
5237 0.00047136
5238 2.11207e-08
5240 2.06608e-05
5241 0.00017555400000000002
5243 9.84528e-07
5247 3.8433300000000003e-07
5249 0.258802
5250 0.031019799999999997
5251 0.0950423
5252 0.00208373
5255 5.64143e-05
5256 0.00525529
5261 0.000532689
5265 6.2011e-05
5266 0.000475283
5271 0.0022416
5272 6.2568400000000005e-09
5275 7.66037e-08
5276 0.0255003
5277 0.00020731799999999998
5279 7.73819e-06
5280 0.000301725
5282 1.88205e-12
5284 6.57192e-05
5286 0.000195971
5287 2.05815e-05
5289 4.73493e-07
5291 0.00014989
5294 0.00256616
5295 0.00278747
5296 0.00788612
5299 0.00219648
5300 5.8021000000000006e-05
5301 1.26274e-05
5302 0.000430635
5308 0.154533
5309 2.7841199999999997e-13
5313 0.028185500000000002
5316 0.9048719999999999
5317 2.5373e-09
5321 2.59005e-05
5322 4.97479e-05
5323 0.00111411
5324 5.90794e-08
5329 0.00128755
5330 6.609279999999999e-05
5332 0.000194059
5333 0.000853213
5334 0.00055846
5335 0.0007357860000000001
5339 0.000168772
5341 0.00460824
5342 0.000570569
5347 0.308127
5353 0.000776137
5354 0.9782420000000001
5356 1.0846e-05
5357 0.0415586
5359 0.000398535
5361 1.99391e-06
5362 0.000336953
5364 2.19045e-15
5366 0.012035700000000002
5372 0.000328448
5375 0.000858777
5376 0.00163823
5377 0.00149436
5381 0.00210247
5382 8.44135e-05
5386 0.00793298
5390 1.70023e-05
5392 0.29147199999999995
5394 0.000136014
5399 0.000987674
5400 5.47513e-07
5401 3.4140400000000003e-12
5402 0.000217486
5403 7.20625e-07
5409 0.00021067700000000002
5411 5.54028e-08
5412 0.0610715
5415 0.00786201
5422 7.79049e-06
5425 5.1363500000000004e-05
5426 0.00480833
5427 0.00122478
5428 6.923159999999999e-09
5432 1.05787e-09
5435 0.86114
5437 5.30351e-11
5442 0.000193219
5443 0.000152473
5444 4.35482e-09
5446 0.037547000000000004
5447 0.00015832
5449 0.00032549099999999996
5452 1.5031899999999998e-06
5456 0.000327696
5458 0.000490839
5459 0.0439399
5460 0.000317816
5462 1.4396000000000002e-06
5463 5.231699999999999e-06
5464 3.73418e-08
5466 0.189649
5468 0.966561
5472 0.00408531
5473 2.0965900000000002e-05
5474 1.08591e-05
5476 5.46175e-06
5477 0.0641781
5479 0.9798209999999999
5480 1.55339e-06
5482 1.8637200000000002e-05
5484 1.4338e-07
5488 3.7172e-06
5490 0.0005677540000000001
5491 0.00027179900000000003
5492 0.297579
5493 3.76401e-12
5494 0.000542496
5495 1.3692e-13
5498 0.00121444
5500 0.00128923
5501 5.96399e-12
5502 0.00012168
5503 2.43384e-07
5504 1.46533e-06
5505 0.033692
5506 0.9231600000000001
5512 0.0007808489999999999
5513 0.000201208
5516 1.3421799999999998e-08
5520 1.1561400000000001e-09
5523 2.3902e-06
5525 1.02378e-05
5528 1.16808e-05
5529 0.000167766
5532 1.2163099999999999e-05
5533 0.019399200000000002
5534 0.9986649999999999
5537 0.0114393
5538 0.000205672
5540 9.92958e-08
5543 5.0822399999999996e-05
5545 8.085580000000001e-08
5546 0.0476966
5548 0.0195912
5551 0.00011568
5553 0.951092
5555 8.11246e-05
5556 0.000263192
5557 3.0911e-06
5558 1.8160000000000001e-09
5560 0.27014499999999997
5561 0.00253839
5562 3.33454e-08
5564 0.00119965
5565 0.000445919
5567 2.20163e-05
5569 0.000161691
5570 0.000232046
5571 0.9452149999999999
5572 0.0076616
5575 3.0203500000000003e-10
5578 0.00354661
5580 2.01938e-05
5581 0.000463944
5587 4.4305e-06
5589 2.36665e-06
5594 1.0128200000000002e-06
5595 0.5592159999999999
5596 6.872460000000001e-06
5597 3.80081e-05
5598 7.83e-06
5602 0.000144677
5604 1.78735e-08
5607 0.0005269469999999999
5610 0.00686313
5612 6.74947e-06
5616 0.00132556
5617 0.000170275
5619 0.00037858300000000004
5621 6.44899e-06
5622 0.00039763
5623 5.24143e-10
5626 0.00665194
5627 7.67291e-06
5628 6.565109999999999e-05
5632 0.043774099999999996
5633 0.0104049
5634 0.033474800000000006
5635 4.79042e-08
5638 0.028180599999999997
5642 0.0126763
5643 0.000449405
5646 6.5485e-05
5649 1.20845e-10
5650 0.000472739
5651 5.0852399999999994e-05
5656 8.806229999999999e-05
5659 0.00976346
5661 0.00011863
5663 0.000143334
5665 1.89666e-09
5666 0.0157312
5667 0.00016716299999999998
5670 0.7129260000000001
5671 9.597700000000001e-09
5673 9.606669999999999e-06
5675 1.51107e-05
5677 0.0353178
5678 0.994541
5681 9.553360000000001e-05
5683 9.786260000000001e-05
5684 0.10730999999999999
5688 1.32116e-11
5689 0.0164668
5690 1.3413900000000001e-06
5691 0.139423
5692 0.000256853
5694 1.30469e-12
5698 0.00010077899999999999
5703 0.00168425
5706 1.92652e-07
5707 0.00412328
5708 0.16969
5709 0.000864513
5711 0.00208261
5712 5.9926499999999996e-05
5717 0.00126894
5720 1.57905e-05
5721 0.000148866
5722 0.0037774
5724 0.73031
5725 0.000237068
5726 2.4829e-08
5727 6.59669e-05
5733 0.00153591
5734 0.0006771860000000001
5737 2.01365e-05
5739 1.58338e-05
5744 2.70931e-08
5745 0.00379841
5746 0.00528086
5748 0.0285541
5750 0.50302
5751 4.28721e-05
5753 0.0975326
5754 0.00327857
5758 4.74332e-07
5759 0.735933
5763 9.36288e-08
5766 0.0950492
5767 4.68891e-05
5770 5.75171e-09
5771 0.000793483
5772 0.00983168
5774 0.683592
5775 9.786530000000001e-09
5776 0.000210935
5777 0.00113393
5778 6.3661e-05
5785 5.8890299999999994e-05
5787 0.695788
5792 6.14986e-05
5793 3.57185e-07
5795 4.03486e-06
5797 0.011623
5798 0.8251200000000001
5800 0.000853974
5801 0.00188809
5802 6.626590000000001e-07
5804 0.092914
5807 8.44667e-05
5808 5.17945e-05
5809 0.0026264
5810 3.06481e-06
5816 0.9948440000000001
5820 1.02798e-08
5822 0.00012041600000000001
5823 1.0331500000000001e-05
5827 0.127203
5832 1.4780100000000001e-08
5833 0.33429699999999996
5834 1.31038e-11
5835 0.0200438
5837 0.000241369
5842 0.173956
5844 1.22803e-12
5846 0.017923500000000002
5847 0.000151907
5848 2.16621e-05
5849 0.00852516
5855 6.40124e-10
5857 1.61947e-05
5858 0.010364299999999998
5862 3.5724499999999997e-07
5865 0.21631199999999998
5866 7.184989999999999e-05
5869 0.00123263
5870 1.64874e-05
5871 0.0628502
5872 2.58885e-11
5876 0.031285
5880 0.10666800000000001
5882 0.45375200000000004
5883 0.000165102
5886 6.71491e-05
5887 0.00014303799999999998
5890 0.516464
5891 2.0635100000000002e-05
5892 0.0095387
5896 0.00379185
5898 0.031222800000000002
5900 0.44808100000000006
5902 1.55139e-08
5904 2.81858e-07
5907 0.030599200000000003
5913 4.8383699999999996e-05
5915 2.74179e-08
5916 0.000978015
5921 0.0102221
5922 0.00021421
5924 0.0005292469999999999
5925 0.0231178
5926 2.4431599999999998e-05
5927 8.45778e-05
5929 1.14596e-11
5931 0.16902799999999998
5932 0.00204918
5933 8.27318e-05
5934 0.0012129
5935 7.26475e-05
5936 7.12622e-05
5937 1.4019300000000001e-05
5939 0.039173900000000005
5941 2.39137e-06
5942 0.0009633510000000001
5943 0.00131989
5944 0.13547599999999999
5945 0.000710838
5946 0.00137662
5949 2.41625e-07
5950 1.77832e-07
5953 0.00568089
5955 4.19526e-06
5957 1.98994e-05
5958 5.1001e-05
5959 1.21095e-11
5962 1.62186e-10
5965 2.41456e-06
5966 0.00021198400000000002
5967 0.00275321
5969 0.00146932
5972 2.4837899999999998e-05
5973 0.12463800000000001
5974 8.82253e-12
5976 0.00207964
5977 3.75677e-11
5978 0.00313274
5982 0.000437836
5986 1.03271e-05
5987 0.00011850000000000001
5993 0.00408205
5994 0.0615975
5997 0.000499284
5999 3.4096e-06
6002 0.00239389
6003 3.21347e-08
6006 2.03792e-07
6007 0.00575944
6008 0.00874113
6010 0.035919
6013 0.00949445
6014 1.6578e-06
6015 0.10265099999999999
6016 2.3762399999999998e-07
6017 1.31172e-11
6019 5.151560000000001e-09
6021 0.00166859
6022 0.00058889
6024 0.000143854
6031 0.000655001
6032 0.069415
6034 5.96293e-05
6036 0.0179392
6037 4.45728e-07
6039 0.0023924
6040 8.35916e-05
6044 2.5515700000000003e-06
6047 0.00583873
6048 3.15572e-06
6049 0.0309188
6050 0.00270076
6051 2.74073e-05
6052 1.2543599999999999e-07
6053 7.009539999999999e-09
6054 0.00343106
6056 8.185469999999999e-07
6057 5.58925e-10
6059 0.191689
6060 0.00512037
6063 1.1959000000000001e-11
6064 1.8084000000000002e-08
6068 3.03888e-08
6072 0.33008699999999996
6075 9.40372e-08
6076 0.157025
6077 0.000137793
6080 1.46825e-13
6081 0.0199701
6082 0.00049644
6083 0.991849
6085 0.0693928
6086 0.00588924
6087 6.15164e-05
6090 4.592519999999999e-10
6092 4.2546199999999996e-05
6093 0.004118999999999999
6094 0.00589033
6099 4.04187e-07
6101 0.030958499999999996
6102 1.25282e-05
6106 0.000790094
6109 0.0213373
6110 0.00059953
6112 0.00021976
6113 0.00757919
6114 0.00151604
6115 0.0641162
6116 1.16416e-16
6118 0.405981
6119 0.988333
6121 1.73437e-12
6122 0.00675178
6126 7.28417e-05
6127 0.00804005
6132 1.50739e-13
6137 5.61907e-07
6138 9.73702e-06
6142 0.00102126
6143 0.00442195
6144 6.590100000000001e-07
6145 0.0565104
6147 0.25629
6149 0.00030759900000000003
6152 0.000120523
6154 0.0172893
6155 0.00439245
6157 0.00321522
6160 6.92942e-05
6164 0.0074375
6165 0.16754000000000002
6167 0.0032174
6168 0.000264678
6169 0.000303704
6173 0.00618552
6178 0.45907200000000004
6182 3.57244e-06
6186 0.000308821
6191 4.04603e-06
6192 0.026384300000000003
6193 0.804508
6194 1.49915e-08
6195 0.00043975300000000003
6197 0.00095838
6199 0.000144859
6200 0.245956
6204 0.000323396
6205 4.7719800000000005e-06
6207 0.00438476
6211 0.000592477
6213 0.00886814
6217 0.00032911400000000003
6226 5.2905500000000004e-05
6227 0.00289741
6228 9.050530000000002e-09
6231 0.00112184
6232 0.154377
6237 0.00430555
6239 5.168310000000001e-05
6242 2.12435e-08
6244 0.000158326
6245 7.76184e-08
6246 0.000102312
6248 0.024169299999999998
6253 1.4837899999999998e-07
6255 0.00370439
6256 3.3099099999999998e-09
6257 0.000242367
6263 4.71911e-12
6265 2.14266e-07
6266 0.000103743
6268 1.1199200000000001e-12
6271 1.53004e-05
6273 0.0193678
6274 1.73422e-05
6278 5.76476e-05
6280 9.968480000000001e-06
6283 3.35925e-07
6287 0.000371129
6288 0.00110444
6292 0.00109597
6293 0.07208560000000001
6294 0.000397761
6297 1.9375799999999998e-06
6298 0.000478643
6302 8.67408e-08
6303 2.6972200000000002e-08
6307 0.00210408
6308 2.17577e-10
6310 0.036216000000000005
6311 0.00282798
6312 0.0120377
6313 0.00036947099999999996
6315 8.37725e-06
6316 4.1898e-06
6317 0.00296175
6322 0.00213993
6324 1.9620000000000002e-07
6326 1.03084e-14
6327 8.660989999999999e-05
6328 6.6557000000000005e-06
6331 1.66736e-09
6332 0.000357271
6333 3.8430400000000004e-14
6334 0.000365914
6336 8.02111e-09
6340 1.05847e-11
6342 0.0007738630000000001
6343 0.017759
6345 9.68439e-06
6347 2.2552800000000002e-05
6354 9.68043e-05
6356 3.68427e-07
6358 0.390319
6359 0.000619024
6360 0.0025384
6361 0.023165599999999998
6364 0.00691435
6365 0.0943278
6368 0.000414219
6370 0.000983823
6372 3.1726999999999996e-05
6373 0.000499332
6376 0.130531
6378 0.000298859
6379 2.1601e-06
6380 0.000541707
6383 2.73246e-06
6384 0.0286665
6386 4.1454799999999995e-05
6388 0.00043106599999999997
6389 1.52266e-07
6390 6.544270000000001e-05
6393 0.00016432599999999998
6394 6.94019e-11
6397 4.687380000000001e-10
6399 6.83386e-05
6401 0.141896
6402 2.49519e-06
6403 0.000326558
6405 0.00151779
6406 4.4001599999999996e-05
6407 0.0117376
6408 1.4680799999999998e-06
6410 0.014553100000000001
6412 2.53471e-06
6413 0.0770668
6414 0.0004915119999999999
6415 6.62586e-09
6416 0.00973918
6420 0.00158035
6422 2.19418e-06
6423 0.00345385
6426 0.000246129
6431 0.7837189999999999
6432 0.00060259
6435 0.00226178
6439 4.6233900000000005e-09
6441 0.020698400000000002
6446 0.000960018
6451 2.15534e-10
6452 0.00032497200000000003
6453 0.00126422
6454 8.809479999999999e-09
6457 9.29228e-07
6460 0.000560065
6461 7.98045e-05
6464 6.431770000000001e-05
6467 1.21056e-06
6469 0.566595
6471 9.096049999999999e-05
6477 0.0209582
6478 0.0118009
6479 1.87708e-05
6481 6.950189999999999e-10
6485 0.00109365
6487 4.671979999999999e-05
6489 0.000370846
6490 0.05960940000000001
6491 9.27412e-12
6493 4.77443e-05
6494 1.95054e-11
6496 0.000156067
6498 6.17512e-11
6500 0.014671200000000002
6502 1.91459e-13
6504 0.000772278
6505 8.02535e-06
6508 0.08163200000000001
6510 2.26296e-09
6511 1.42286e-05
6513 0.00020957
6514 0.38258000000000003
6516 0.00624351
6517 0.07456499999999999
6518 0.37845100000000004
6521 0.0284168
6522 0.00062655
6525 0.000379925
6526 0.00174388
6527 0.028819599999999997
6528 0.0018507
6531 0.326275
6533 8.350189999999999e-10
6535 1.29377e-09
6537 9.0775e-06
6539 0.0698575
6540 0.0007180210000000001
6541 0.000383676
6544 0.000766437
6545 6.33792e-07
6546 0.000859772
6552 0.150278
6554 0.0103299
6555 0.000317416
6557 4.96011e-09
6558 4.00974e-06
6559 0.011030700000000001
6561 0.992036
6563 0.018537099999999997
6566 7.43962e-06
6567 0.989136
6568 5.3178500000000006e-05
6571 8.261410000000001e-06
6573 0.00019231
6574 0.000156235
6577 9.085299999999999e-05
6579 0.011581999999999999
6580 0.018588900000000002
6581 0.0600303
6582 0.0719252
6586 0.00417058
6589 0.00263579
6590 6.05671e-08
6591 0.00201298
6592 0.0355535
6594 0.018860299999999997
6596 2.2906300000000002e-07
6598 0.00046746699999999995
6600 1.0768399999999998e-05
6601 0.000318046
6604 6.36601e-09
6607 0.00020744
6608 1.3709e-05
6613 0.541147
6614 0.40646
6615 0.000488235
6616 0.0169132
6620 9.768030000000001e-05
6623 0.000287613
6624 0.0688804
6629 0.173704
6630 1.06576e-06
6633 8.206729999999999e-05
6634 1.29638e-06
6639 4.57015e-08
6640 1.1733e-08
6641 9.72232e-17
6642 2.22373e-08
6644 2.08263e-05
6646 0.0018058
6649 0.00305296
6650 1.60537e-08
6651 0.143321
6653 7.378149999999999e-13
6655 2.7306599999999997e-06
6656 3.0029299999999997e-05
6659 0.014301099999999999
6662 0.0286628
6663 0.00029754900000000003
6665 0.000980224
6669 0.0659845
6672 0.00131718
6675 0.00022895900000000001
6676 9.62665e-08
6680 0.000310953
6683 1.7785999999999998e-07
6685 1.52299e-07
6686 8.758560000000002e-06
6688 1.90635e-10
6691 1.62804e-09
6692 0.000858064
6693 1.33972e-07
6700 1.0576099999999999e-05
6701 2.5289700000000003e-06
6705 0.0009592439999999999
6710 0.00464073
6711 0.00244035
6712 1.28062e-11
6713 0.222998
6715 0.00515452
6716 1.0703200000000001e-08
6717 2.7906599999999998e-05
6720 1.8459e-05
6721 4.5551099999999996e-07
6723 3.9094099999999996e-05
6724 1.1632100000000002e-09
6728 0.010204600000000001
6729 0.00131829
6732 0.0010285000000000001
6733 3.98758e-07
6737 9.24199e-06
6741 1.24799e-07
6742 4.85821e-07
6743 1.4271099999999998e-09
6744 0.00182355
6745 0.00616581
6746 0.000190535
6749 1.63184e-13
6750 1.03434e-05
6752 1.36939e-08
6754 1.2014400000000002e-13
6756 0.00318393
6757 3.21803e-09
6758 0.000218487
6763 4.357e-06
6764 5.5615900000000004e-05
6767 0.0747556
6770 0.029167099999999998
6771 3.3509100000000002e-06
6774 8.27536e-09
6775 0.00319441
6776 0.302166
6778 0.114561
6779 0.0101836
6780 7.0332e-05
6785 0.000123063
6787 0.0307673
6788 0.113738
6790 0.000760548
6791 5.0804700000000005e-05
6792 0.000568182
6793 0.000126556
6795 0.0025985
6796 0.9471209999999999
6798 3.19923e-05
6801 1.72523e-05
6804 0.0230594
6807 0.000153549
6809 0.000791818
6811 2.01577e-05
6812 0.0008381560000000001
6815 0.00033683
6816 0.000588664
6817 0.000544359
6818 0.00994936
6820 1.55552e-05
6823 0.512887
6826 2.65659e-08
6830 4.3788900000000004e-05
6831 5.42942e-05
6832 3.57866e-06
6834 2.34063e-08
6837 0.00207034
6843 0.457899
6846 0.000872723
6851 0.00409454
6853 4.44319e-10
6854 6.916520000000001e-09
6856 0.0007201439999999999
6857 0.0328043
6861 0.000312754
6863 0.00413212
6870 9.37641e-07
6871 2.00705e-10
6872 2.4984e-05
6873 0.00919177
6875 0.00100319
6877 2.90421e-06
6879 0.010009200000000001
6881 0.0006381609999999999
6882 0.750247
6885 0.0136889
6888 5.84799e-08
6889 1.7449599999999998e-06
6890 1.9563099999999999e-07
6891 0.000217812
6894 0.0305062
6895 0.00199014
6897 0.00168358
6898 0.00789537
6901 4.77017e-05
6902 7.98124e-05
6904 0.000454821
6905 0.00107779
6906 0.00911518
6907 0.00138355
6913 2.68068e-05
6915 0.0109771
6920 0.916067
6921 0.921927
6923 5.84907e-07
6925 0.0674818
6926 0.000680987
6927 1.0189700000000001e-08
6928 2.61101e-06
6929 8.9499e-12
6936 0.00310285
6937 3.2089699999999997e-06
6938 0.000282715
6941 1.6032100000000002e-05
6942 2.29586e-10
6946 1.87419e-08
6951 0.9890979999999999
6954 0.00387591
6955 6.0507e-07
6957 0.0008124289999999999
6960 4.29951e-14
6961 2.42257e-07
6964 0.000292307
6967 4.15658e-05
6969 1.29886e-07
6970 0.00261411
6973 0.00166969
6974 0.013764700000000001
6975 0.00184903
6977 7.77183e-10
6978 0.000531937
6979 3.7393299999999997e-13
6980 3.13385e-05
6982 0.00556376
6984 2.5485e-06
6985 0.000187651
6986 0.00487193
6991 0.00016904599999999998
6992 0.00336103
6993 1.51471e-09
6996 2.07981e-06
6997 5.92024e-10
6998 3.18558e-05
6999 3.9228499999999994e-15
7000 0.0127905
7001 0.00012744700000000001
7005 7.85737e-05
7010 2.79445e-10
7012 2.37635e-07
7013 0.00290329
7014 8.194879999999999e-08
7015 4.11875e-13
7017 0.00965544
7019 0.000106087
7024 0.036276300000000004
7026 0.000256785
7027 1.0944e-06
7028 0.056864599999999994
7030 0.00389499
7032 0.0367018
7034 4.16254e-06
7037 9.78564e-05
7041 1.82533e-09
7043 0.000113495
7044 0.0011727999999999999
7047 0.000299279
7051 0.048195999999999996
7053 0.000856283
7055 0.000880276
7057 0.000188278
7060 0.035906
7061 0.06892569999999999
7063 1.8688800000000002e-10
7066 0.00528367
7067 0.0043046000000000004
7069 0.00163138
7076 3.71877e-09
7081 0.00015993
7082 0.00082713
7083 0.000307529
7085 0.00503636
7087 0.017389599999999998
7091 1.7531e-06
7094 0.00363888
7096 0.00286666
7098 9.851800000000001e-08
7099 7.620890000000001e-05
7102 8.249459999999999e-05
7103 0.158658
7106 0.000236456
7107 0.000640878
7110 1.1545699999999999e-05
7111 0.000965499
7112 4.91298e-06
7115 9.98108e-11
7116 0.00144606
7118 0.0285678
7119 0.00753241
7120 0.00998713
7124 0.00159191
7126 0.062218100000000005
7127 0.00354239
7131 1.6210799999999998e-08
7134 0.029779700000000003
7135 0.00320178
7136 0.00908269
7137 0.0973146
7142 0.002022
7143 3.9664e-10
7145 3.77201e-09
7151 0.000136425
7155 3.72663e-11
7156 0.00295158
7157 1.56683e-05
7158 0.0151119
7160 2.4659999999999997e-08
7161 3.40398e-05
7164 8.22221e-07
7169 0.141101
7170 0.00339816
7171 0.828606
7173 0.00167668
7175 5.46226e-05
7176 0.00129019
7178 0.0136238
7179 0.00102387
7181 0.00174895
7183 2.38259e-06
7186 0.272328
7188 7.14601e-08
7190 6.043e-07
7192 0.013205200000000002
7195 0.08968999999999999
7196 7.6988e-05
7198 0.00982938
7199 4.54689e-12
7201 0.308711
7202 0.0005065919999999999
7203 0.00171962
7206 3.51319e-07
7207 0.0116303
7209 7.189250000000001e-08
7218 0.00740475
7220 0.0117203
7221 3.24164e-06
7225 0.000379175
7226 7.25585e-05
7228 6.3789800000000005e-06
7229 0.000295728
7231 0.00045738800000000003
7232 0.00129849
7233 1.21902e-10
7235 0.000448916
7237 0.013056799999999999
7238 5.02004e-11
7239 0.00251453
7240 3.4298900000000005e-07
7242 0.00180584
7246 9.59607e-07
7248 1.11054e-06
7251 1.08397e-05
7252 0.00602617
7253 0.00177921
7254 3.6853200000000003e-07
7255 0.00300555
7257 6.514449999999999e-09
7262 0.00435528
7264 8.64442e-05
7265 0.00023381099999999997
7267 0.00437966
7268 0.000201787
7269 0.00118024
7272 0.000118559
7273 2.6394200000000002e-06
7277 3.83011e-05
7278 0.00436681
7281 6.0801300000000003e-05
7282 1.36145e-05
7286 2.45504e-06
7287 9.15987e-06
7288 5.12245e-14
7290 4.1983599999999996e-05
7291 6.92293e-11
7293 0.0209018
7301 9.229869999999999e-06
7303 0.000295784
7304 0.00261955
7306 0.000617032
7307 0.9780260000000001
7309 2.2798299999999998e-05
7310 0.08668880000000001
7312 0.00015233100000000002
7313 0.00991337
7315 0.000401137
7316 0.000215939
7317 0.0168351
7319 0.0100959
7320 0.00234758
7321 0.00390616
7324 0.199879
7326 9.75979e-07
7328 0.00020198
7331 3.1338599999999997e-07
7332 8.43537e-05
7333 4.99363e-05
7335 0.00126033
7337 0.00501498
7338 0.07572860000000001
7339 1.65213e-10
7340 1.1992e-06
7341 2.2599200000000002e-05
7342 0.41443500000000005
7345 0.0008234010000000001
7347 0.011705
7348 4.0409e-06
7349 0.00189922
7352 0.28018200000000004
7353 0.000146677
7354 6.649450000000001e-10
7355 0.00025044
7357 5.02761e-07
7358 6.16189e-05
7360 6.84066e-05
7362 4.74324e-10
7364 0.000211652
7366 0.00918759
7367 1.37056e-05
7368 0.977635
7371 0.00319345
7377 1.16688e-05
7378 0.0101401
7379 5.6953599999999996e-05
7380 0.015207299999999998
7382 0.00212145
7384 0.269386
7386 7.56273e-06
7387 1.1152699999999999e-07
7391 0.0249369
7392 0.00240117
7393 0.00034273
7395 0.00011431399999999999
7397 0.00120634
7399 4.06596e-11
7400 0.00173704
7401 2.9300499999999997e-07
7402 4.80433e-07
7403 1.43152e-09
7404 0.0187301
7405 0.000119766
7406 0.018116900000000002
7407 0.00563333
7409 1.9969e-08
7412 0.00531403
7415 0.000696635
7418 6.02811e-09
7420 0.00027834400000000003
7423 2.3367699999999998e-07
7426 4.1962e-13
7428 0.0385679
7429 1.05518e-09
7430 0.000287574
7434 8.52929e-05
7440 5.968490000000001e-06
7441 3.57469e-13
7442 0.000403463
7444 0.0373493
7447 0.00251073
7450 0.0013126
7452 0.00110245
7453 0.000492114
7455 1.7818900000000001e-09
7456 0.0193387
7459 0.000271668
7462 6.54911e-10
7463 2.85812e-05
7464 0.000830511
7469 4.47948e-06
7471 0.08685599999999999
7472 0.00240025
7473 3.18127e-06
7476 0.08007819999999999
7478 0.000141266
7485 0.00039772900000000004
7487 6.07886e-08
7488 0.0471159
7492 1.8006599999999997e-06
7494 0.021024
7495 0.000150525
7496 0.000448253
7499 6.784999999999999e-07
7500 0.00140797
7501 0.868828
7502 1.37862e-07
7504 1.41457e-07
7505 5.331100000000001e-07
7507 0.0099392
7508 4.24296e-05
7509 0.0111126
7510 0.00926231
7512 1.30731e-05
7514 0.00282973
7515 0.000148252
7516 0.0009330889999999999
7518 0.000281557
7520 1.21539e-05
7522 0.00409528
7529 0.000123514
7531 0.258666
7532 0.00290942
7534 4.5289900000000005e-08
7539 4.4261099999999994e-08
7541 0.00025498299999999997
7542 2.36289e-07
7545 0.000132617
7548 0.108973
7549 7.5628e-05
7550 0.743226
7552 0.00266202
7553 0.9323469999999999
7554 0.00083212
7556 4.3682299999999997e-13
7557 3.55151e-06
7560 0.00771704
7561 2.9882400000000003e-06
7562 8.170439999999999e-05
7564 0.09161430000000001
7567 0.000161495
7569 0.00223952
7573 0.44297200000000003
7574 3.7696300000000003e-06
7577 0.00438272
7580 0.000102784
7581 0.011343700000000002
7582 0.0004986880000000001
7583 6.58728e-05
7584 0.000182842
7587 0.00011701100000000001
7588 1.53107e-05
7589 4.1067300000000004e-07
7591 9.152580000000001e-10
7593 0.9812
7595 0.00100362
7596 9.30655e-05
7597 0.037892199999999994
7598 0.00545025
7599 0.000130173
7602 1.39274e-05
7604 0.00909762
7607 0.0316352
7608 0.00431564
7609 0.0034089
7610 0.043865100000000004
7613 4.27468e-07
7616 1.74777e-05
7617 5.08971e-08
7620 0.0009704539999999999
7623 0.00383878
7625 0.000329394
7627 0.0363129
7628 0.000119973
7630 2.8861599999999997e-16
7632 0.00125178
7634 0.0605008
7635 1.05624e-06
7636 0.00371986
7638 0.000789973
7641 2.00024e-06
7643 9.93591e-13
7644 0.000109604
7645 0.760961
7646 0.000204884
7648 0.0008654060000000001
7651 4.76405e-08
7652 0.000821117
7658 0.016487599999999998
7659 2.66541e-05
7660 0.015909899999999998
7661 3.8089699999999996e-08
7665 4.01238e-07
7669 1.01238e-05
7674 1.87301e-05
7676 0.030326
7681 2.42341e-06
7684 0.0113006
7686 0.000509143
7689 0.161301
7690 0.00021600599999999998
7693 1.3413999999999998e-06
7695 0.000573849
7698 4.3868600000000003e-10
7700 0.00432039
7701 5.7957e-08
7703 0.00174424
7706 0.202351
7707 0.0450157
7708 3.51435e-06
7710 0.10930799999999999
7711 0.39212800000000003
7714 0.0399567
7716 0.0006482230000000001
7717 6.86818e-07
7719 0.0652382
7722 0.0272046
7725 1.81589e-05
7726 0.00236112
7728 0.000542652
7730 0.049913099999999995
7733 3.86976e-05
7734 6.519080000000001e-08
7737 0.000393597
7738 0.00484574
7739 0.00272717
7741 3.66125e-06
7744 2.1417100000000002e-05
7747 2.43689e-05
7750 0.00236485
7752 0.00429988
7755 6.01283e-06
7756 0.0007906069999999999
7757 3.94791e-13
7759 0.00109121
7761 2.88905e-12
7764 1.0733099999999999e-05
7766 0.0008442839999999999
7769 0.00229372
7770 0.000461165
7771 2.99741e-08
7774 0.0015585
7778 0.00145612
7780 9.6471e-05
7782 0.000301234
7783 0.9671489999999999
7784 0.00732794
7785 0.00206122
7787 6.41705e-05
7788 0.00133841
7789 0.00168462
7792 0.80047
7794 1.27896e-05
7796 0.0196447
7797 1.2974000000000001e-08
7800 7.93312e-05
7801 0.0356375
7802 4.415130000000001e-06
7804 0.017957
7805 0.00125394
7806 0.034293199999999996
7807 1.97623e-06
7808 0.00392137
7811 0.000143151
7816 0.000329559
7817 2.1642399999999998e-05
7818 0.0022244
7822 0.524931
7823 6.96541e-08
7825 7.7075e-05
7827 7.94735e-09
7828 1.1742e-05
7829 5.16043e-07
7830 0.120199
7832 4.98051e-06
7835 7.79068e-09
7837 5.539169999999999e-06
7839 0.0204579
7842 3.10339e-07
7844 2.07241e-12
7846 1.40911e-05
7848 0.5911489999999999
7849 2.97568e-05
7850 6.906950000000001e-06
7851 0.00114806
7852 0.000155618
7858 0.00790448
7860 6.8659e-07
7861 4.48008e-06
7862 0.00218587
7866 0.00028402799999999997
7867 8.547290000000001e-08
7870 0.21428200000000003
7871 5.3453100000000005e-05
7874 0.00931004
7875 2.2978200000000003e-08
7879 0.000185146
7880 1.50674e-05
7881 0.00465495
7882 1.74419e-12
7887 0.000443925
7888 4.4170400000000005e-06
7891 0.00022051599999999997
7892 0.0383771
7893 0.000391768
7894 7.8046e-10
7895 0.000135757
7896 0.046165
7903 0.00331843
7904 0.0716373
7906 1.49882e-12
7907 0.0006766669999999999
7912 9.11859e-05
7913 0.13451300000000002
7917 0.000612063
7918 0.0138936
7922 0.00108055
7927 1.81763e-09
7929 0.00038922
7930 0.00909003
7934 5.48867e-11
7936 5.13255e-05
7937 5.60876e-06
7938 3.31717e-05
7941 3.36815e-05
7942 0.0654859
7944 0.00016472
7945 6.644289999999999e-07
7948 0.00011172100000000001
7949 0.00019286
7951 1.7825699999999998e-05
7952 0.000283308
7955 0.00188132
7957 0.00114607
7960 4.35925e-11
7961 0.8256979999999999
7962 0.000977594
7965 0.0160951
7966 0.00245749
7967 0.000394111
7969 0.00246947
7972 0.00104515
7973 1.38711e-06
7975 0.000276727
7977 8.783719999999999e-05
7978 0.126996
7981 0.00155193
7982 0.001008
7983 0.174232
7985 0.047082599999999995
7986 0.00639431
7988 0.00235503
7989 6.53339e-05
7990 0.000867111
7992 0.00255818
7993 7.99606e-07
7994 0.0116724
7995 3.97207e-07
8000 0.00218824
8003 0.9638559999999999
8006 0.00444159
8007 2.63456e-08
8010 0.23685
8011 4.72267e-07
8013 0.0107276
8014 0.018323
8015 4.36813e-06
8016 6.59299e-05
8018 0.00039063199999999997
8020 7.32794e-05
8021 0.441071
8022 0.00010193700000000001
8025 0.011090299999999999
8027 0.04475730000000001
8028 0.00135771
8030 8.49352e-11
8034 0.9101239999999999
8035 0.215021
8038 0.00516532
8039 0.00518785
8041 0.00345103
8045 0.00120246
8046 4.41723e-05
8047 0.000142318
8050 0.000530106
8052 0.000458921
8054 1.19449e-05
8055 2.17012e-07
8056 0.000936091
8058 0.00014204200000000002
8059 0.000315301
8065 0.00799952
8066 4.81621e-05
8070 0.000174264
8071 0.00559083
8073 0.000515358
8074 4.2422799999999996e-05
8077 0.00016371
8078 0.00026727
8080 0.0007292189999999999
8081 0.00500268
8088 4.7370199999999996e-07
8089 0.000890041
8090 0.00035868
8092 0.000104164
8094 0.0112953
8097 3.4667e-05
8099 2.28308e-11
8102 0.00783077
8104 0.07532029999999999
8109 0.0261899
8110 0.00019655400000000002
8111 0.0054666
8113 4.3921800000000004e-10
8114 0.00013312
8118 0.000139873
8119 6.71746e-05
8120 0.024722900000000003
8123 0.06290130000000001
8124 0.0026133000000000003
8126 0.0009599410000000001
8128 6.4534e-06
8129 3.8127400000000003e-07
8131 0.000146549
8133 4.68048e-06
8134 1.89745e-09
8135 3.14421e-07
8136 4.9570300000000005e-06
8143 0.00025818200000000003
8145 0.00162044
8146 0.0688418
8147 0.00178905
8148 2.5554000000000004e-11
8149 6.149349999999999e-07
8152 0.562002
8153 0.0648309
8154 2.46052e-05
8155 5.13162e-05
8156 7.27674e-07
8157 0.0256955
8158 0.00020411599999999998
8161 1.69349e-05
8162 0.00153849
8165 3.30796e-05
8167 0.00637747
8170 0.00272536
8172 4.82821e-05
8176 5.928229999999999e-05
8178 0.000576961
8179 3.03093e-09
8181 2.03309e-09
8182 0.00299838
8183 8.60863e-05
8184 5.29576e-05
8185 7.09626e-09
8187 6.8442600000000004e-06
8192 0.00568441
8193 1.90074e-11
8194 0.0008390689999999999
8195 0.418426
8196 8.647180000000001e-05
8198 3.33621e-10
8201 0.00111626
8205 0.00902137
8206 2.21702e-06
8207 4.1438999999999994e-05
8210 2.68252e-05
8212 0.00228563
8214 1.82608e-05
8215 0.000756288
8217 0.020058000000000003
8219 3.0215899999999997e-06
8221 0.0007708239999999999
8227 0.0487211
8228 0.000346922
8230 0.9828969999999999
8231 1.5442600000000001e-06
8233 0.000523805
8234 3.16554e-05
8237 0.00274887
8238 1.9958199999999998e-05
8239 4.4856899999999994e-05
8240 4.34597e-06
8242 0.476529
8243 2.98013e-08
8245 0.301819
8246 2.50139e-06
8247 8.09222e-05
8249 7.34317e-05
8255 9.96012e-07
8256 0.00024077099999999998
8257 1.71776e-05
8259 0.0171296
8264 6.91781e-05
8265 0.000421906
8266 0.000246118
8267 0.00038325699999999997
8270 6.79328e-08
8271 0.00100469
8273 0.732268
8274 1.86585e-10
8276 1.61564e-05
8277 2.93183e-06
8278 4.92219e-12
8283 1.4965899999999999e-09
8286 0.00703674
8287 8.31709e-05
8288 3.9638299999999996e-05
8289 2.4389499999999997e-05
8290 3.73369e-08
8291 8.072110000000001e-07
8298 0.00219773
8303 0.00978625
8304 0.00170581
8305 6.61194e-05
8308 0.00169964
8309 7.65684e-05
8314 0.000482425
8321 0.00250243
8324 0.316386
8325 0.000388316
8328 6.0753100000000006e-05
8330 0.017265700000000002
8331 4.71579e-05
8333 1.8698599999999998e-06
8334 3.31158e-05
8337 6.50279e-05
8339 0.00330585
8340 2.4077699999999998e-05
8343 5.78799e-06
8344 0.00339672
8347 0.00228716
8348 1.84987e-14
8350 0.884508
8352 0.00135225
8353 1.49792e-07
8354 0.0355279
8356 4.12571e-06
8357 2.03996e-05
8358 0.000167937
8361 1.01513e-11
8362 0.0169198
8363 0.00038433300000000005
8366 1.68286e-05
8367 0.04284419999999999
8369 1.21922e-11
8371 4.97205e-05
8373 9.249889999999999e-05
8375 0.006653399999999999
8377 7.90739e-06
8378 1.67884e-09
8379 0.000572535
8380 0.00254283
8382 0.00218235
8383 0.0138644
8389 0.000290809
8392 0.0320985
8393 1.61284e-05
8394 3.2267899999999996e-05
8395 2.0880599999999998e-05
8396 1.66155e-05
8399 0.00808206
8400 0.00017467400000000002
8401 0.000467006
8402 0.00538376
8404 0.00015461200000000002
8405 1.2562899999999998e-10
8406 0.014374600000000001
8407 0.0299217
8408 1.43476e-08
8411 0.000169147
8412 0.000544612
8414 2.3866800000000002e-06
8417 0.00103544
8418 0.00284802
8419 0.00190847
8420 2.59556e-06
8421 4.04634e-11
8428 2.49668e-10
8431 1.6016299999999998e-06
8432 1.70706e-07
8435 5.58684e-05
8436 0.023206400000000002
8439 0.000132633
8440 0.046639
8441 0.000247469
8446 0.000179068
8447 1.36911e-11
8448 0.00411807
8451 4.77397e-07
8455 0.600052
8457 1.5911700000000002e-10
8458 0.000314687
8459 0.00941011
8460 0.18581199999999998
8463 0.164303
8464 0.00406802
8469 2.2333099999999997e-06
8471 0.0023396000000000003
8473 5.47816e-08
8474 0.00035136900000000003
8476 0.00203526
8479 1.26279e-06
8480 0.00247736
8481 0.049140300000000005
8486 0.00157664
8487 2.07013e-05
8488 0.00129903
8489 2.6398900000000005e-06
8490 7.00667e-07
8491 0.0194597
8493 0.000274165
8496 0.00511108
8497 2.7092400000000005e-06
8500 0.0007959960000000001
8501 0.0227692
8504 0.00036016900000000003
8505 0.00370705
8507 0.00034265300000000005
8508 1.29814e-12
8510 0.000278477
8511 3.18416e-08
8515 5.55283e-05
8516 0.000106045
8520 0.00044562
8525 2.97272e-05
8527 0.005288899999999999
8528 1.05124e-06
8531 0.000532419
8532 2.33465e-05
8537 0.10860299999999999
8538 0.000413862
8539 3.53466e-09
8540 2.08427e-06
8543 0.0139179
8544 0.00563834
8545 4.45451e-12
8546 4.13664e-06
8547 4.15434e-09
8548 4.98393e-05
8551 1.5994899999999998e-06
8552 0.0145352
8554 0.000227805
8555 0.00047054
8560 0.000335405
8561 8.177480000000001e-10
8563 0.068266
8565 2.31546e-05
8566 0.0178377
8567 0.000164105
8569 2.21085e-05
8570 9.79605e-09
8571 7.95062e-07
8574 0.00333978
8575 3.02976e-08
8577 0.00431207
8578 0.000633048
8579 0.945881
8580 0.000192888
8583 0.00086646
8589 1.45554e-07
8590 0.000978745
8591 7.056289999999999e-10
8593 0.000567516
8594 4.50315e-05
8597 0.9821409999999999
8598 0.000188275
8599 0.00010708399999999999
8600 0.014211099999999999
8603 0.00022170799999999999
8605 0.00124484
8609 4.60242e-11
8611 0.00102569
8613 1.05924e-05
8614 1.98776e-06
8616 3.51505e-05
8619 0.9900329999999999
8622 3.71411e-09
8623 0.952578
8625 0.00052168
8626 4.13797e-06
8627 0.033979
8629 6.96618e-05
8630 0.000165532
8631 9.430139999999999e-06
8632 1.3363300000000002e-07
8634 0.027295
8637 0.00109958
8640 1.551e-05
8641 0.0025965999999999997
8642 0.00046894
8643 1.34732e-13
8646 1.3377100000000001e-05
8648 0.538985
8649 5.36391e-07
8650 2.95741e-05
8651 1.44357e-06
8652 0.000295465
8656 5.4187e-07
8657 0.000940092
8658 0.00561031
8659 2.22371e-08
8660 4.0456e-05
8661 0.00537726
8662 2.9392900000000003e-14
8664 0.00219572
8666 0.00147666
8668 0.000136454
8669 0.077401
8671 0.0122637
8672 8.12444e-05
8673 0.000268195
8674 8.748480000000001e-08
8675 1.07449e-05
8677 0.000261875
8678 0.000274056
8679 0.000280519
8681 0.00104322
8682 7.551060000000001e-06
8684 6.07638e-07
8685 5.67863e-05
8686 0.00017764099999999998
8689 0.97811
8693 1.98527e-10
8694 0.10310899999999999
8696 1.24914e-05
8697 6.44186e-05
8700 6.89344e-07
8703 1.05425e-11
8704 1.64655e-08
8705 0.00033914
8707 0.00213323
8708 0.0210888
8711 0.655741
8712 0.000233108
8714 4.55323e-12
8715 5.9334199999999995e-06
8719 0.00345614
8721 0.00043871800000000005
8724 1.79674e-05
8726 0.00214816
8729 0.00432102
8734 0.427062
8735 0.000244659
8736 0.000670041
8737 4.73953e-09
8740 7.42062e-05
8743 0.00171982
8745 0.438354
8746 0.00848334
8751 0.0978313
8754 3.33825e-05
8758 0.00182774
8761 0.138167
8762 0.00200429
8763 1.10302e-06
8765 0.013508899999999999
8767 2.0529199999999998e-07
8774 0.0029636999999999997
8777 4.31765e-14
8778 0.00022339
8779 5.5205e-06
8780 0.000150271
8781 2.0854099999999997e-05
8782 4.9043e-07
8785 0.0144441
8786 0.06841389999999999
8787 3.60305e-11
8788 3.6248900000000004e-06
8789 1.03585e-05
8791 8.92267e-06
8792 9.21368e-08
8795 0.00130597
8797 0.409376
8798 0.00491324
8800 5.61077e-07
8802 0.00042540300000000003
8803 3.96775e-05
8804 0.00259156
8807 0.017650599999999995
8808 0.00012266
8812 0.07524349999999999
8816 0.00294587
8818 4.6306999999999996e-05
8820 0.122019
8821 0.000637999
8824 0.9071110000000001
8825 2.1178300000000002e-08
8827 0.0072813
8828 0.23690300000000003
8829 5.41064e-11
8830 3.80326e-07
8832 1.77782e-05
8834 0.000240917
8839 0.00183072
8842 0.00037990400000000003
8844 0.000145168
8845 0.9870760000000001
8846 1.65526e-08
8850 2.03067e-05
8851 0.00556826
8852 0.966992
8853 0.0005038
8855 0.000585011
8857 0.0007401430000000001
8860 1.7522799999999998e-06
8861 0.000306008
8863 0.00127573
8864 1.67184e-05
8866 0.00542528
8868 0.041300199999999995
8869 1.90472e-05
8870 1.9770800000000002e-10
8875 4.32614e-06
8877 0.8010609999999999
8881 6.65808e-09
8882 0.7781060000000001
8887 0.0005882530000000001
8889 4.24156e-06
8893 0.049086300000000006
8894 0.00021861599999999998
8895 0.0793932
8896 1.08636e-08
8897 0.0278908
8898 3.15337e-05
8899 0.013900200000000001
8901 0.88484
8902 0.000642241
8903 0.000124265
8904 0.00991265
8906 7.303560000000001e-05
8907 0.00339974
8908 8.135549999999999e-06
8910 0.000273183
8912 1.72935e-07
8915 0.00200219
8916 0.0114495
8918 2.31876e-05
8922 0.0120331
8924 3.31616e-08
8925 1.0025e-07
8928 0.00603591
8934 4.1238300000000006e-15
8935 4.19806e-11
8937 1.0599e-06
8938 6.494329999999999e-07
8941 4.2956499999999994e-05
8945 0.050126199999999996
8946 6.4863e-05
8947 0.000973151
8949 8.801519999999999e-07
8950 1.57297e-11
8952 0.475314
8954 0.0221422
8956 1.07126e-13
8957 3.4295500000000004e-05
8959 0.00464652
8963 0.00175076
8964 9.443639999999999e-05
8972 2.1311500000000002e-10
8974 2.8123e-06
8977 1.2181999999999998e-06
8981 2.69714e-09
8984 1.7373199999999998e-05
8986 2.4180100000000002e-05
8990 0.000702978
8991 0.010912700000000001
8992 0.000287468
8993 0.000676908
8994 0.7562399999999999
8996 5.08001e-05
8998 0.000146994
9001 3.9686000000000004e-06
9003 0.00131724
9008 0.985308
9009 4.2040200000000005e-05
9010 7.5255e-07
9011 0.0936087
9012 1.81279e-07
9013 0.000761242
9014 0.000770981
9017 0.0887783
9021 0.00047318699999999997
9023 1.3058e-11
9025 3.927e-06
9026 0.000141907
9028 0.11379600000000001
9030 0.00150945
9031 0.00153483
9033 0.015978700000000002
9038 2.97436e-07
9040 0.173011
9041 0.996344
9043 0.000232345
9044 0.963777
9046 0.0012714
9047 0.939995
9050 0.989025
9052 1.6422799999999998e-07
9054 0.0007622719999999999
9055 0.00539967
9056 2.58254e-06
9057 4e-08
9061 1.20118e-07
9062 0.00148528
9065 0.9422950000000001
9067 0.000509536
9069 0.978517
9070 5.2563100000000005e-05
9071 8.361260000000001e-12
9074 0.5655020000000001
9075 0.00331485
9076 0.00419401
9077 0.013706799999999998
9081 5.77989e-07
9082 0.000517007
9083 0.000140328
9084 0.958924
9088 0.000600981
9090 4.79799e-07
9092 0.00596264
9093 2.04258e-05
9095 6.80006e-07
9096 1.05781e-09
9097 2.3683699999999998e-05
9101 0.017484299999999998
9102 0.00348608
9103 0.00026052299999999997
9104 0.0206817
9107 1.97306e-05
9109 0.00129291
9110 0.0420486
9111 5.6396999999999996e-05
9115 0.0323462
9118 0.00012204200000000001
9119 1.11669e-07
9120 0.00156959
9122 0.00240128
9124 0.355302
9125 0.021278000000000002
9127 0.00034364300000000003
9130 0.0005174380000000001
9132 0.00135236
9134 6.12023e-05
9135 1.7494799999999998e-06
9137 8.96237e-07
9139 0.8908360000000001
9140 0.00431981
9142 1.5185399999999998e-06
9143 2.03378e-05
9145 0.9975870000000001
9146 1.0818099999999999e-05
9149 3.26375e-06
9152 0.0985894
9154 4.75976e-06
9156 2.59385e-10
9158 1.7200000000000001e-12
9164 0.010111700000000001
9165 3.69568e-05
9167 4.3361000000000006e-13
9169 0.000563985
9170 0.00264775
9171 0.0015784
9172 0.0560247
9176 0.000171749
9182 1.107e-08
9183 3.8493e-14
9188 1.21027e-06
9190 1.0155100000000001e-06
9198 8.41625e-08
9199 3.1022600000000003e-05
9201 0.00130712
9203 0.000212177
9204 0.00659776
9206 7.5566100000000005e-06
9207 0.00176839
9210 9.9537e-05
9211 2.37608e-13
9216 2.81994e-06
9217 2.91526e-11
9219 0.0160947
9220 0.06365219999999999
9222 4.05787e-05
9223 0.000946685
9225 0.0416383
9226 3.10584e-09
9228 0.198216
9229 0.407575
9231 0.000589794
9232 0.0256219
9233 0.000292963
9234 1.6547099999999998e-08
9235 0.00994453
9237 0.07842769999999999
9240 2.5096700000000003e-06
9241 0.0105825
9243 1.34971e-11
9248 0.00380517
9253 0.000674867
9256 1.14147e-14
9257 1.1269400000000001e-05
9258 9.60325e-05
9260 5.9021800000000005e-05
9261 0.00137922
9262 1.1428900000000002e-05
9263 0.00704033
9264 0.00115073
9265 0.000779493
9266 0.000197387
9267 0.00392102
9274 1.93243e-07
9275 0.000199491
9276 0.000229218
9277 0.992561
9280 0.03591269999999999
9284 0.0829441
9292 0.00253406
9293 0.327732
9294 0.00319895
9297 0.0143505
9298 2.26469e-05
9300 0.125507
9301 0.00143014
9302 1.0533999999999999e-08
9304 0.0202431
9305 1.28836e-08
9310 0.000295666
9311 0.00222681
9313 3.2703499999999996e-07
9314 0.00615826
9317 0.27256199999999997
9319 7.334069999999999e-09
9320 0.00344791
9321 1.88072e-09
9322 0.117353
9328 0.0007715630000000001
9329 1.65876e-05
9332 0.018606
9335 2.74594e-06
9338 0.990099
9340 0.000187267
9341 8.39767e-08
9344 0.0406656
9345 0.000205672
9346 3.5010599999999995e-07
9352 0.000749109
9353 0.00412186
9355 4.44723e-08
9356 0.000124846
9357 1.2654200000000001e-06
9360 3.0198000000000003e-09
9361 0.811189
9363 3.1641300000000003e-06
9364 0.00354701
9366 5.55255e-12
9367 0.00185201
9369 0.010805799999999999
9370 0.00014167299999999998
9372 6.75615e-05
9376 5.77726e-07
9379 0.000491076
9380 0.176628
9381 3.5515099999999997e-12
9383 4.38658e-07
9384 0.00414015
9385 7.1516e-07
9387 0.00258667
9390 3.9158000000000006e-11
9391 0.0480168
9395 1.35815e-07
9396 0.12907000000000002
9397 3.11503e-06
9399 0.000299268
9400 0.00875485
9402 0.048894
9403 5.5723900000000004e-05
9404 0.000239045
9415 0.0176164
9416 6.088749999999999e-10
9423 1.73784e-05
9425 0.00209658
9426 4.82846e-05
9427 0.00113928
9428 0.00737642
9430 2.47486e-11
9431 1.29508e-07
9435 0.00141388
9436 0.18693099999999999
9441 0.10367799999999999
9442 5.86474e-12
9444 1.87928e-05
9447 5.4843400000000005e-08
9449 1.37175e-05
9450 0.00238158
9451 1.5858400000000002e-10
9452 8.97278e-06
9453 1.59327e-05
9462 2.4788600000000003e-09
9467 0.000207724
9471 0.0142137
9473 0.000714232
9474 2.09863e-07
9475 6.68081e-09
9478 0.00141184
9482 1.9652e-05
9483 4.44009e-14
9485 0.0009110189999999999
9486 6.55602e-05
9487 0.00911617
9489 0.00196021
9492 1.4362700000000001e-08
9493 0.00795197
9495 0.586372
9498 0.00021858900000000002
9501 9.31204e-05
9503 0.00432202
9505 0.00179779
9506 0.00111323
9509 0.0465684
9510 9.74026e-07
9511 5.16158e-05
9513 0.000152215
9514 0.00114111
9521 1.95756e-05
9522 1.85715e-07
9525 4.343630000000001e-06
9529 0.00924931
9530 0.00499237
9534 0.0404503
9535 0.000933418
9536 8.402709999999999e-13
9538 0.00811931
9539 0.17959
9544 1.27969e-06
9547 6.777729999999999e-05
9548 1.68102e-05
9552 5.40789e-07
9553 7.914369999999999e-07
9554 0.000334721
9555 0.001973
9556 0.0004899580000000001
9559 0.0282188
9561 0.000314873
9563 0.0419108
9564 0.499939
9569 0.00349359
9570 0.00597248
9572 0.000636545
9574 0.00035643400000000004
9575 2.35568e-08
9578 0.0039954
9581 2.23611e-07
9582 0.00314418
9583 0.0021176
9589 1.4303999999999999e-06
9590 1.4668700000000001e-06
9592 5.37767e-05
9593 3.9994800000000004e-08
9594 0.000233658
9595 1.67904e-05
9599 0.00278548
9601 0.0445995
9602 3.27395e-10
9604 0.00025632599999999997
9606 0.0124542
9607 0.0318137
9608 1.5085e-06
9610 0.00048433
9612 4.6001700000000004e-05
9616 4.06919e-05
9622 2.2724700000000004e-08
9624 2.23889e-05
9625 0.00166279
9626 0.00014493200000000001
9628 0.000163795
9630 0.000831277
9631 0.00418582
9632 1.1423399999999999e-06
9633 0.00184426
9635 0.00281529
9639 0.6630189999999999
9640 2.8016e-11
9642 0.00223001
9643 0.00042506
9645 1.16147e-06
9646 1.6510499999999997e-10
9648 0.00582668
9651 0.00011491200000000001
9652 1.7579999999999998e-15
9653 0.00014162700000000002
9657 0.644155
9660 0.00544362
9661 0.00786806
9662 1.21021e-07
9663 1.84326e-05
9665 0.00375041
9669 2.2099700000000003e-08
9672 0.000531107
9673 0.975439
9674 0.988467
9675 2.1207099999999998e-08
9677 0.51583
9680 5.03011e-09
9682 7.26591e-06
9683 5.773399999999999e-05
9688 3.08347e-07
9689 0.00166926
9690 2.12385e-05
9694 0.0143846
9696 0.00173012
9697 6.27259e-05
9701 0.000817551
9704 0.120098
9705 0.07614760000000001
9708 0.0006343519999999999
9714 0.010668799999999999
9715 9.33826e-05
9716 3.13923e-14
9720 4.75361e-14
9722 0.127103
9723 4.654529999999999e-09
9725 0.00150709
9727 0.000227548
9728 1.65798e-05
9730 0.0798841
9731 1.2327e-09
9736 2.00358e-05
9739 0.00180942
9740 1.90966e-09
9741 0.0578751
9742 0.033015699999999995
9744 0.00041618
9750 0.037454699999999994
9751 4.02348e-05
9752 0.00257759
9753 8.82366e-05
9757 2.1841799999999998e-09
9759 1.53678e-06
9760 0.000284315
9765 3.86547e-07
9766 1.1790099999999999e-05
9768 0.00207831
9769 0.00335059
9770 4.998060000000001e-05
9771 0.0145751
9775 6.68567e-09
9777 0.00675171
9779 3.60977e-05
9782 0.030044
9783 0.24655100000000002
9784 0.0008519539999999999
9786 0.00623448
9787 8.726250000000001e-07
9788 5.2030400000000005e-08
9791 0.0009292460000000001
9793 1.76268e-06
9795 4.52693e-08
9798 0.00144674
9799 1.67605e-05
9802 0.000443369
9803 0.016476400000000002
9804 0.00212676
9806 0.0376766
9811 2.34943e-05
9812 0.00713381
9814 1.26403e-07
9815 3.8865800000000005e-06
9817 0.0883641
9818 0.000788289
9820 4.30629e-07
9821 3.76676e-12
9824 0.00422834
9826 1.8335000000000001e-09
9827 1.72976e-05
9829 0.00950365
9835 1.07497e-05
9837 1.34843e-05
9838 0.000469901
9840 3.70696e-09
9843 0.380862
9844 0.0007867260000000001
9846 0.000137233
9847 0.021213299999999997
9849 0.00222359
9850 0.8698
9853 0.00045944199999999996
9854 6.80027e-05
9856 0.0480133
9857 0.648543
9861 0.00016529400000000002
9864 0.00324809
9866 2.4794899999999997e-07
9871 4.59495e-05
9873 1.9178200000000002e-08
9875 0.00496566
9876 6.895369999999999e-14
9883 0.00461064
9885 0.027501099999999997
9888 0.00022945900000000003
9889 0.00345414
9890 0.9833350000000001
9891 8.65307e-05
9892 4.27262e-05
9893 6.959780000000001e-06
9895 1.2361400000000002e-05
9899 1.14615e-06
9901 0.00510799
9903 0.00516505
9906 2.6221799999999997e-08
9907 2.4155300000000002e-05
9909 2.00565e-05
9910 0.00143489
9912 0.000515895
9914 0.000346093
9915 9.423049999999999e-05
9916 9.14709e-05
9919 0.00022753900000000002
9921 0.00334807
9922 2.32741e-07
9924 0.7422449999999999
9925 6.64748e-10
9927 2.2129000000000002e-07
9928 0.000121601
9929 1.65976e-05
9930 0.000333151
9931 0.000188165
9933 1.86392e-05
9934 0.010096700000000002
9936 0.000602667
9937 0.015895600000000003
9941 0.000112155
9943 6.552850000000001e-05
9948 0.0183288
9951 0.0724945
9952 1.7855700000000001e-06
9953 7.185510000000001e-09
9956 1.4335999999999999e-09
9957 0.00157644
9960 0.9574950000000001
9962 0.062268
9963 0.127331
