1 0.45594300000000004
2 0.00327239
3 0.00744341
4 0.123025
6 0.0651883
8 0.013659899999999999
10 0.397385
11 0.000210274
13 0.0388135
14 0.132932
15 0.00433533
18 0.0228359
22 0.456908
25 0.41262200000000004
27 0.515335
28 8.90024e-07
29 0.005688800000000001
31 0.00656854
37 0.00179759
38 0.026782099999999996
40 1.23496e-07
43 0.676661
45 0.00181253
49 0.0158781
53 0.000442894
54 0.115646
55 0.230514
56 0.285144
57 1.9040899999999998e-09
58 0.300221
59 0.229778
62 0.013769899999999998
67 0.00514766
68 5.38385e-10
69 0.5634640000000001
70 0.0029530000000000003
71 0.00077607
74 0.00968953
75 0.0015747
76 0.44054799999999994
79 0.00243265
80 0.040419800000000006
82 0.00197187
84 0.000769963
85 0.385274
86 0.361211
87 0.14110599999999998
88 0.134847
90 0.29285
92 1.30281e-05
94 0.0655452
96 0.834369
97 0.0646453
98 0.0237569
100 0.0218965
103 0.309377
105 0.601969
106 6.792500000000001e-08
108 0.179878
111 0.138276
114 0.0129157
115 0.0127683
116 0.0590077
119 1.11138e-06
124 0.19911900000000002
126 0.494287
127 0.622145
128 0.219534
135 0.08657360000000001
136 0.0513222
137 0.21556199999999998
139 0.09794560000000001
144 0.40073200000000003
145 0.046573800000000005
148 4.1579200000000003e-13
149 0.000631442
151 0.444121
152 0.00288022
155 0.19796
157 0.00759087
160 0.147379
166 0.360336
167 8.80408e-06
168 0.360279
172 0.00474148
175 0.00024801799999999997
176 0.000774032
178 0.00125178
179 0.057551099999999994
181 0.185475
182 0.5886859999999999
183 0.00105046
185 0.019894099999999998
186 0.00389456
188 0.183445
191 0.299064
195 0.0170422
196 0.00933433
197 0.00500302
199 7.10471e-08
201 0.124662
202 0.554794
204 0.000408993
205 0.32562399999999997
206 0.345986
212 0.316984
213 0.017475499999999998
216 4.72321e-05
217 0.00911424
223 0.06653099999999999
226 0.18498199999999998
227 0.00018884599999999997
230 0.392665
231 0.0404841
234 0.000233313
237 0.43160299999999996
238 0.044005699999999995
239 0.201131
240 0.022768299999999998
243 4.8681300000000004e-05
247 0.311791
248 0.26653000000000004
252 0.058917
253 0.00150459
254 0.08332010000000001
255 0.000121742
258 0.42766499999999996
260 0.127176
261 0.0136195
264 0.432091
265 0.232485
267 0.21002600000000002
271 0.09801289999999999
272 0.5933470000000001
273 0.154199
274 6.11434e-08
277 0.246993
279 0.526775
280 0.15548900000000002
281 0.121814
283 0.053547500000000005
284 0.00790889
286 0.5936819999999999
287 0.27655599999999997
290 0.280438
291 0.00549434
292 0.00025498599999999996
293 0.0431757
295 0.0352066
297 0.09405980000000001
299 0.302795
300 0.048390300000000004
301 0.035732599999999996
309 6.09505e-06
310 0.337365
313 0.0165386
314 0.00210389
315 0.902435
316 0.00652063
319 0.418299
324 0.011570299999999999
326 0.143599
327 0.07792819999999999
330 0.34121
333 0.00017983400000000003
335 0.22353299999999998
339 0.288313
341 0.036726
342 0.571118
345 0.0491515
346 0.305113
348 0.062072699999999995
350 0.00144159
351 0.122853
353 0.0240441
356 0.5125270000000001
357 8.712459999999999e-05
358 0.0527928
360 0.00309635
361 0.0031411
362 0.00495402
364 0.00373067
365 0.000565989
366 0.00648106
368 0.484075
369 0.478239
371 0.378347
375 0.22165100000000001
376 0.08115089999999998
377 0.364935
378 0.36996100000000004
383 4.3877300000000006e-08
384 0.00185641
385 0.00037803099999999997
386 0.360519
388 0.867563
389 0.0201839
390 0.023428099999999997
392 0.414099
393 0.38190599999999997
397 0.00663746
398 0.124838
399 0.00117762
401 0.0007685880000000001
402 0.036562800000000006
405 0.54953
409 0.924743
410 0.46780299999999997
412 0.00571836
413 0.47860600000000003
414 0.00106609
415 0.00171056
418 0.2022
421 0.0122837
422 0.07918969999999999
423 0.31572
425 0.056135300000000006
426 0.00405129
429 0.0177335
432 0.0572488
434 0.42398
436 0.000491937
437 0.256632
440 0.0200399
441 0.00111172
442 1.50253e-07
444 0.361481
445 0.326386
447 0.429796
449 0.5697810000000001
451 0.00304584
452 0.00467775
453 0.00409575
455 0.39170900000000003
456 0.0225257
457 0.48764399999999997
458 0.342105
465 0.00573369
466 0.258655
467 0.139526
471 0.0778214
472 8.150860000000001e-12
473 0.061732600000000006
475 0.00231495
478 0.07986610000000001
479 0.492705
481 0.14659
485 0.356592
487 0.00212466
488 0.00533336
490 0.283172
493 0.458142
495 0.00823217
497 0.019867199999999998
502 0.809683
504 0.32604
505 0.0609313
506 0.474105
507 0.45809300000000003
510 0.0075858
511 0.0478616
512 0.0995781
517 0.145499
521 0.017653
527 0.10943599999999999
529 0.09439550000000001
532 0.202399
533 0.46354399999999996
534 0.756887
536 0.107733
538 0.202708
539 0.41537299999999994
542 4.00231e-06
546 0.32716300000000004
547 0.187816
548 0.00843527
551 0.38708400000000004
553 0.015450799999999999
556 0.0224549
557 0.405364
558 0.161299
560 0.109293
561 4.46024e-06
562 0.24236
566 0.22203699999999998
567 0.171729
568 0.00174877
569 7.996800000000001e-09
570 0.08211610000000001
571 0.0311307
572 0.0376249
573 0.042906900000000005
574 0.00278939
575 0.0109604
576 0.0413668
578 0.583071
580 0.00183472
584 0.0008515430000000001
585 0.00572046
586 0.234713
587 0.301029
593 0.00198039
594 0.138303
595 0.00549808
596 0.0116582
600 0.043879800000000004
602 0.33232399999999995
603 0.022662400000000003
604 0.366021
606 0.137033
607 0.277032
611 0.016621900000000002
614 0.00371135
615 0.327466
616 0.20928200000000002
617 0.162973
618 0.293043
621 0.163976
623 0.32248899999999997
624 0.29225300000000004
627 0.00135577
629 0.08907430000000001
630 0.145045
631 0.118477
634 0.34634499999999996
636 0.027117000000000002
638 0.00502856
639 0.7916810000000001
640 0.000147961
641 0.276411
642 0.437151
643 0.5073310000000001
644 0.00010622600000000001
646 0.025952099999999995
649 0.027595299999999996
650 0.0134732
651 0.00440003
652 0.350641
655 0.0333398
658 0.00775792
659 0.00012544799999999998
662 0.326869
664 0.8529530000000001
665 3.24278e-05
666 0.46252299999999996
668 0.00376252
669 0.024689199999999998
670 0.32117399999999996
673 0.00109301
674 0.0600192
678 0.00258053
679 0.027444999999999997
681 0.00233765
683 0.419683
687 0.0315087
691 0.23047399999999998
692 0.448114
693 0.27073200000000003
696 0.148297
697 0.13133599999999998
698 0.07720679999999999
701 0.00700295
703 0.132977
704 0.36049699999999996
706 0.00208271
708 0.00587044
715 0.050501199999999996
716 0.017022
718 0.0118158
719 0.19312
721 0.013436700000000001
722 0.00210671
723 0.333523
724 0.00402507
725 0.23495
727 0.113322
732 0.10194199999999999
734 0.307076
735 0.12684
736 0.0130078
737 0.31049099999999996
741 1.3036700000000002e-08
743 0.110775
744 0.31885399999999997
745 0.026998
747 0.0019228
749 0.000205587
751 0.375745
757 0.00814453
758 0.00588088
759 0.0166628
762 0.22294499999999998
765 0.592487
766 0.477735
769 0.47435
773 0.002938
775 0.0620736
778 0.0180168
779 3.60042e-05
781 0.931349
783 0.40930700000000003
784 0.393798
785 0.000237585
788 0.00012434
789 0.00033593699999999997
790 0.220604
792 0.0852215
795 0.056674199999999994
798 0.43191899999999994
801 0.00320698
803 2.94511e-05
807 0.602092
809 0.00500708
811 0.00226591
813 0.000244858
817 0.024025099999999997
819 0.138355
821 6.00874e-05
824 0.0303403
825 0.00204982
833 0.16062
835 0.00047046800000000004
836 0.45423199999999997
837 0.0079257
838 5.50361e-10
839 0.17765799999999998
840 0.0448712
841 0.138752
844 0.0111323
846 0.012059299999999998
852 0.0197433
853 0.00258973
856 0.302429
858 0.180703
861 0.508101
864 0.11017
866 0.388044
869 0.479475
870 0.451874
873 0.0788049
875 0.0541735
877 0.00415029
881 0.00281675
883 0.0277491
884 0.00010894
886 0.502892
890 0.378634
891 0.335923
893 0.0512809
894 0.027493200000000002
897 0.011028200000000002
901 0.44446499999999994
905 0.028386099999999997
907 0.48559399999999997
909 0.36672899999999997
910 0.460729
913 0.33370900000000003
914 0.09275499999999999
916 0.102181
922 0.37356
924 0.00269675
925 1.42458e-05
927 0.633078
928 0.33062600000000003
930 0.212186
932 0.0106996
933 0.00046960400000000004
938 0.114607
939 0.42010699999999995
940 0.354567
941 0.125588
942 0.00290529
944 0.40265300000000004
945 0.00286931
952 0.7002689999999999
953 0.00474592
955 0.363126
956 0.35936
957 0.00137277
959 0.536557
960 0.42407700000000004
961 0.00978691
963 0.00117271
968 0.0213359
969 0.911546
970 0.136904
974 0.000791587
975 0.00536305
976 0.45738900000000005
978 0.534313
979 0.287918
981 0.6525920000000001
983 0.00290063
984 0.27839899999999995
985 0.0300594
986 0.21286999999999998
988 0.784359
990 0.751463
992 0.00233883
994 0.00020795599999999997
995 0.0452336
998 2.8339e-07
1000 0.0379105
1003 0.000888375
1005 0.00962535
1006 0.168235
1007 0.000223889
1013 0.33924499999999996
1016 0.00904483
1019 1.69375e-07
1020 0.439583
1021 0.447376
1022 0.0125371
1023 0.0024237
1025 0.0971182
1026 0.402385
1029 0.000345235
1030 0.027534899999999998
1031 0.04410719999999999
1032 3.09557e-06
1033 0.202183
1034 0.032681299999999996
1035 0.150172
1037 0.421954
1038 0.558221
1039 0.110851
1040 0.47968900000000003
1044 0.07393939999999999
1046 0.0812178
1047 0.174897
1048 0.00121898
1049 0.139653
1051 2.78098e-08
1054 0.00848108
1055 0.37001100000000003
1058 0.0469041
1059 0.0174795
1063 0.37461300000000003
1065 0.749884
1067 0.39373400000000003
1070 0.00104185
1075 0.401545
1076 0.382761
1080 0.0361327
1081 0.015823900000000002
1085 0.019852099999999998
1086 0.45528900000000005
1087 0.0961177
1088 0.00169733
1089 0.00281274
1090 0.0272754
1094 0.0394176
1095 0.411458
1096 0.0862146
1098 2.58283e-09
1099 0.273434
1100 0.292744
1103 0.00266409
1105 0.243166
1108 0.713816
1111 0.07299639999999999
1114 0.0345026
1115 0.0042629
1116 0.8663280000000001
1117 0.114524
1118 0.5668479999999999
1120 0.280606
1122 7.0329399999999994e-06
1123 0.0293666
1126 0.000261272
1128 0.0858763
1131 0.03981969999999999
1132 0.08573689999999999
1133 0.19428199999999998
1134 0.055385500000000004
1135 0.00603981
1138 0.011224
1139 3.48181e-05
1141 0.375273
1146 0.15595499999999998
1150 0.348273
1153 0.025762900000000002
1155 0.193768
1157 0.026038799999999997
1159 0.173657
1162 0.0174696
1163 0.012114299999999998
1165 0.450957
1167 0.45702299999999996
1169 0.27200100000000005
1173 0.18092
1177 0.170049
1178 0.00961785
1179 0.000864761
1180 0.326275
1181 3.62808e-10
1183 0.368035
1188 0.00853044
1189 0.000313629
1190 0.177374
1193 0.0472466
1195 0.0134416
1196 1.1588800000000002e-05
1197 0.000896662
1198 0.0006854560000000001
1202 0.0460445
1208 0.262358
1210 0.359194
1213 0.05128869999999999
1216 0.0315376
1217 0.254078
1218 0.110474
1219 0.09746200000000001
1220 0.351929
1222 0.246979
1223 0.00770576
1227 0.137757
1228 0.294425
1232 0.0246117
1235 0.0249928
1238 0.11318099999999999
1242 0.817277
1243 0.465371
1244 0.226491
1245 0.308871
1246 0.080149
1249 0.374533
1251 0.395036
1252 0.00394263
1253 0.272777
1255 0.260866
1256 0.4209
1257 0.00116671
1261 0.344483
1262 2.35518e-12
1264 0.018728099999999998
1267 0.124618
1271 0.24211100000000002
1275 0.000550167
1276 0.0143359
1278 0.0049147
1280 0.00483659
1282 0.55076
1283 0.00443677
1285 0.163431
1291 0.0110635
1295 4.8e-05
1296 0.028420499999999998
1297 0.48878299999999997
1300 0.00431976
1301 0.0803469
1302 0.0166111
1303 0.592334
1305 0.259285
1306 0.000660696
1307 0.383133
1308 0.0798704
1313 0.0617692
1317 0.0590314
1318 0.152849
1319 0.236346
1320 0.415558
1321 0.00730514
1322 0.00657329
1328 0.01609
1329 0.180541
1331 0.00693289
1335 0.117949
1336 0.124082
1338 0.0117415
1339 0.0261722
1340 0.351991
1342 0.453313
1344 0.00106085
1347 0.32821100000000003
1349 0.10751400000000001
1351 0.232798
1353 0.0633221
1354 0.388465
1355 0.101008
1356 0.00230569
1357 0.09752639999999999
1358 0.372881
1359 0.0456794
1363 0.013498699999999999
1366 0.38111100000000003
1367 0.00011303
1368 0.308963
1369 0.000386461
1370 0.132492
1372 0.182602
1373 0.0321261
1374 0.00385621
1376 0.5368470000000001
1377 0.00674001
1379 0.0108622
1380 0.0125463
1381 3.51442e-07
1382 0.275404
1389 0.0338088
1391 0.1633
1392 4.92133e-06
1394 0.00836464
1396 0.266529
1398 0.0910368
1399 0.351655
1401 1.05623e-05
1403 0.218493
1407 0.215687
1410 0.13586600000000001
1411 0.459506
1412 0.349542
1415 0.00560932
1416 0.00844411
1417 0.38946
1419 0.40289899999999995
1422 0.0280395
1423 0.614775
1424 0.220408
1425 0.033514999999999996
1428 0.027146800000000002
1429 0.6596890000000001
1431 0.09966799999999999
1433 0.173122
1435 0.047763
1437 0.040403800000000004
1438 0.207083
1440 2.8788900000000002e-08
1446 0.105485
1447 0.0133207
1448 0.461649
1449 0.0621877
1452 0.46561400000000003
1454 0.508337
1456 0.5862729999999999
1458 0.07825660000000001
1459 0.26815
1461 0.27815
1462 0.012652799999999999
1469 0.47489799999999993
1471 0.0906939
1473 0.575309
1474 0.024353599999999996
1476 0.10503599999999999
1477 0.00693559
1478 0.015773
1482 0.49345
1487 0.0378688
1489 0.025544
1491 0.00600413
1495 0.535992
1496 0.00832804
1500 0.00364279
1502 0.00561636
1503 0.00662031
1505 0.011753
1506 0.366568
1507 0.00671396
1508 0.16176
1511 0.000309297
1513 0.0073774
1516 0.00419247
1518 0.000878627
1519 0.00590243
1520 0.000107107
1525 0.0045131
1527 0.01024
1530 0.00336113
1533 0.308897
1534 0.11465399999999999
1535 0.0286579
1538 0.18701600000000002
1540 0.021514500000000002
1542 0.00877915
1546 0.000301932
1547 0.000231255
1549 0.028755000000000003
1550 0.000457747
1551 0.0154738
1552 0.0190612
1558 0.476745
1560 0.010560799999999999
1562 0.00145336
1564 0.408249
1566 0.465898
1567 0.0295966
1568 0.031422000000000005
1569 0.366658
1570 0.489546
1572 0.000303842
1573 3.81112e-05
1574 0.373106
1575 0.276932
1578 0.00986821
1581 0.407465
1583 0.459399
1584 0.244171
1585 0.154495
1587 0.0524702
1589 0.325545
1591 0.00381166
1592 0.00471984
1596 0.625396
1599 0.00803318
1600 0.0644849
1601 0.00033833
1602 0.0339089
1605 0.06144790000000001
1606 0.174482
1609 0.0182263
1613 0.00350842
1615 0.00267512
1616 0.046275
1619 0.125861
1620 0.127538
1621 0.0116959
1623 0.00980434
1624 0.33355999999999997
1625 0.36686199999999997
1626 0.022272
1629 0.295259
1631 0.00689596
1634 0.04774
1635 0.276271
1637 0.10693
1639 0.0617159
1641 0.0156118
1644 0.423296
1645 0.00768973
1646 0.07748089999999999
1648 0.29347
1652 0.358039
1655 0.00405651
1656 0.481343
1657 0.15770399999999998
1658 0.0155892
1659 0.011084100000000001
1660 0.000286611
1663 9.096620000000001e-05
1664 0.586975
1665 0.00622661
1666 0.0915565
1667 0.48303900000000005
1668 0.44616300000000003
1670 3.95344e-05
1671 0.186442
1672 0.0015431
1674 0.00196128
1679 0.06759739999999999
1681 0.000985033
1687 0.00128413
1692 0.434817
1694 4.2119099999999994e-08
1695 0.13205999999999998
1696 0.117966
1697 0.0686462
1698 0.0298944
1700 0.034387
1701 0.0006436290000000001
1702 5.48798e-06
1703 0.410991
1704 0.000617095
1705 0.205693
1706 0.241729
1709 0.196008
1710 0.380734
1712 0.30501300000000003
1715 0.0436179
1716 0.162383
1719 0.00338035
1720 0.207206
1722 0.49671400000000004
1728 0.380168
1731 0.117525
1735 0.188727
1736 0.183282
1737 0.0129625
1740 0.009483
1742 0.00135517
1743 0.357989
1744 0.060933400000000006
1745 0.118301
1748 0.232596
1751 0.0007347839999999999
1753 0.217216
1757 0.344545
1760 0.417542
1762 0.000139829
1763 0.00259858
1764 0.012595
1767 0.00960514
1769 0.17186400000000002
1770 0.0550768
1773 0.0700025
1774 0.00103621
1776 0.348587
1779 0.21764699999999998
1781 0.41685500000000003
1783 0.0869847
1786 0.20992
1788 0.0022934
1790 1.5453399999999999e-06
1791 0.929215
1792 0.430017
1794 0.37014600000000003
1796 0.026902
1798 0.0126767
1802 0.529025
1803 0.0655396
1804 0.00572049
1805 0.18353
1808 0.264753
1811 0.00366818
1812 0.240742
1813 0.00493025
1814 0.0322191
1815 0.00335595
1817 0.08974750000000001
1819 0.415372
1820 0.00673954
1822 0.00828248
1823 0.44296899999999995
1824 0.000296229
1826 0.08298029999999999
1829 0.0207023
1831 0.287313
1835 0.0006103090000000001
1838 0.000135511
1839 0.29685100000000003
1844 0.0196192
1846 0.111034
1848 0.000353565
1850 0.344304
1851 0.00147337
1852 0.0187643
1856 0.010949700000000001
1857 0.288709
1859 0.000822021
1863 0.00359272
1865 0.00230511
1866 0.09360349999999999
1867 0.00256591
1868 0.152574
1869 0.0176205
1871 0.000146025
1873 0.00376178
1874 1.03495e-05
1876 0.0006975810000000001
1879 0.07356900000000001
1880 0.00102004
1883 0.16874
1884 0.145533
1885 0.102927
1886 0.0234357
1889 0.0423827
1890 8.85499e-05
1891 0.061107100000000004
1893 0.29189899999999996
1895 0.0684578
1897 0.0779265
1900 0.267756
1905 0.0198098
1908 0.000986855
1909 3.5780900000000002e-06
1910 0.0161371
1912 9.91825e-05
1913 0.15269000000000002
1914 0.275095
1916 0.0931375
1917 0.0330729
1919 0.00184566
1921 0.474813
1923 0.0154404
1924 0.0097125
1925 2.60023e-05
1926 0.193313
1929 6.8147e-06
1935 0.0770819
1939 0.21721100000000002
1942 0.026721299999999996
1943 0.674705
1946 0.8995920000000001
1947 0.8987040000000001
1949 0.000841446
1951 0.0135197
1953 0.16880599999999998
1955 0.07630369999999999
1956 0.05752480000000001
1957 0.00597628
1959 3.0488999999999997e-10
1961 0.00260693
1965 0.08263569999999999
1966 0.04626040000000001
1967 3.6082099999999995e-07
1968 0.36479
1969 0.260683
1973 0.604751
1974 0.419837
1975 0.315637
1979 0.415962
1983 0.100136
1984 0.00738773
1986 0.653475
1987 0.000811907
1988 0.130639
1990 0.0162933
1991 0.000306412
1992 0.105447
1993 0.267759
1994 0.00250991
1996 0.0637297
1997 5.79815e-13
1998 0.09261280000000001
2003 2.299e-06
2005 0.0314936
2007 0.000478274
2008 0.129741
2009 0.0524726
2010 0.392624
2013 0.108883
2014 0.00316435
2016 0.433062
2017 0.014346799999999998
2018 0.185614
2026 0.161331
2028 0.0296911
2029 0.013149899999999999
2031 0.31874
2032 0.07638810000000001
2033 0.00831708
2035 0.00448922
2038 0.193227
2040 0.062265
2041 0.0294372
2044 2.56914e-06
2046 0.168493
2048 1.61828e-05
2050 0.342553
2052 0.0174082
2053 0.0074468
2057 0.021651300000000002
2059 8.739019999999999e-06
2060 0.304539
2062 0.00865226
2065 0.7374229999999999
2066 0.0133947
2071 0.35538200000000003
2072 0.35778699999999997
2073 0.031943599999999996
2074 0.19008599999999998
2075 0.0433319
2076 0.156729
2077 0.336138
2078 0.0002803
2079 0.484346
2080 0.0770284
2081 0.000120185
2084 3.56755e-05
2085 0.0485628
2087 0.36827600000000005
2089 2.37586e-05
2092 0.08322719999999999
2093 0.000121351
2097 0.597488
2100 0.173767
2103 5.324490000000001e-07
2105 0.022346599999999998
2106 1.36092e-06
2107 0.18971
2110 0.28503
2111 0.46385
2113 6.19233e-06
2115 0.0656
2118 0.059115499999999994
2119 0.20241099999999998
2121 0.5970310000000001
2122 0.335519
2123 0.00242745
2127 0.10484500000000001
2128 0.00881435
2130 0.0178005
2131 0.341613
2133 0.000458435
2137 0.156182
2138 0.00412815
2141 0.41119399999999995
2143 0.000409435
2144 0.375726
2147 1.71242e-05
2148 0.00042066699999999995
2149 0.026126599999999996
2150 0.07727080000000001
2154 0.0170155
2157 0.027312400000000004
2159 0.355941
2160 0.000857353
2161 0.017628099999999997
2162 0.000455044
2164 0.18681199999999998
2167 0.00728117
2168 0.11490299999999999
2173 0.0584453
2175 0.0033781999999999996
2177 0.149874
2185 0.0999409
2188 0.0432813
2189 0.264842
2195 0.465334
2198 0.251567
2200 0.00659446
2203 0.26833
2204 0.321702
2205 0.000180478
2206 0.000247477
2207 0.131546
2210 0.114095
2211 0.49355200000000005
2216 0.175599
2217 0.00033872800000000005
2222 0.000479543
2223 0.235339
2225 0.10760399999999999
2227 0.000451597
2229 0.146977
2230 0.034589
2231 0.15296600000000002
2232 0.050852800000000004
2235 0.383181
2236 0.049243199999999994
2239 0.31301999999999996
2240 0.0203488
2242 0.0853193
2243 0.125122
2245 0.176109
2246 0.29729099999999997
2250 0.436796
2252 0.241727
2254 0.031620499999999996
2258 7.09354e-05
2262 0.64868
2264 0.072727
2269 0.48627700000000007
2271 0.00036563300000000003
2274 0.0206386
2275 2.3927700000000003e-07
2282 0.00105231
2283 0.371132
2286 0.0102541
2289 0.0340388
2292 0.0408994
2294 0.0327115
2295 0.753915
2296 0.017700099999999996
2297 0.06545930000000001
2298 0.279238
2299 0.00440609
2301 0.163616
2303 0.00157683
2304 3.9372699999999997e-05
2309 5.00227e-10
2312 0.000614626
2313 0.0024939
2314 0.327022
2316 0.00461658
2317 0.376948
2319 0.012753200000000001
2322 0.0343218
2325 0.34315500000000004
2326 0.0168036
2327 0.000360401
2331 0.27921799999999997
2336 2.19944e-05
2338 0.00136427
2339 0.00303671
2341 0.33365
2344 0.8484950000000001
2346 0.0138976
2349 0.0305389
2351 0.0047055
2353 0.0205571
2356 0.000250917
2357 0.181229
2358 0.10628299999999999
2360 0.373808
2363 0.511729
2365 0.408922
2370 0.0232763
2379 0.023299700000000003
2380 0.204754
2381 0.00418443
2383 0.101435
2386 0.0609578
2388 0.0120885
2389 0.000631202
2390 0.0539486
2394 0.12573
2395 0.111375
2396 0.0596528
2397 0.0559314
2398 0.42441999999999996
2399 0.410287
2400 4.21169e-06
2402 0.0235185
2406 0.00473337
2408 0.0591439
2409 0.347796
2412 0.084146
2414 0.290458
2416 0.129558
2418 0.042614599999999996
2421 0.42149200000000003
2422 9.9089e-05
2424 0.0245821
2426 0.197716
2428 0.369346
2429 0.445763
2430 0.000156163
2431 0.298228
2432 0.00529535
2434 0.670611
2438 0.531382
2440 2.71923e-08
2446 0.0374585
2447 0.00944207
2449 0.038555
2451 0.110429
2453 0.00044859699999999996
2455 0.29370799999999997
2457 0.07813139999999999
2463 0.33550100000000005
2464 0.00798615
2467 0.00508369
2469 0.199988
2473 0.00151059
2474 0.0054607
2475 0.164331
2482 0.0155778
2484 0.0416686
2485 0.012001600000000001
2486 5.81492e-05
2487 0.0246065
2488 0.114533
2489 0.28065999999999997
2495 0.13133
2498 0.440392
2499 0.145815
2503 0.216959
2506 0.000360181
2507 0.0435765
2509 0.8467709999999999
2510 0.184038
2511 0.397581
2515 0.14489100000000002
2516 0.362109
2517 0.00147043
2521 0.00401735
2522 0.0484725
2526 0.00731416
2527 1.50784e-05
2528 0.48105200000000004
2530 0.0722049
2531 0.00175103
2532 0.00208994
2535 0.00839322
2536 0.0866844
2538 0.278067
2541 0.00699238
2543 0.143214
2548 0.048416
2550 0.567245
2551 0.36988899999999997
2552 0.166389
2553 0.41225500000000004
2556 0.128387
2557 0.00072124
2560 0.12823099999999998
2562 0.321483
2568 0.051639
2570 0.46577399999999997
2573 0.451096
2574 0.0184947
2575 0.25290300000000004
2576 0.045920800000000005
2577 0.000344061
2580 0.0434
2581 0.00367908
2582 0.356601
2583 0.0151624
2587 0.222136
2588 0.594673
2591 0.49739300000000003
2592 0.047358199999999996
2596 0.315585
2597 0.00639657
2601 2.6590700000000003e-05
2602 0.294323
2604 0.491601
2607 0.0687525
2608 0.00264087
2610 0.21254299999999998
2612 0.0750205
2614 0.274547
2616 0.000729742
2617 0.0304314
2619 0.00615646
2620 0.222281
2622 0.167626
2623 0.00438586
2624 0.32544
2626 0.233789
2628 0.0489582
2629 0.0212052
2630 1.03574e-05
2631 0.28560599999999997
2638 0.000366811
2639 0.49013599999999996
2640 0.000466689
2642 0.00039527599999999996
2644 0.030291200000000004
2650 0.00682601
2651 0.619165
2652 0.310367
2654 0.010534700000000001
2655 0.45596000000000003
2656 0.24062199999999997
2660 0.22105500000000003
2661 0.00111011
2663 0.0224634
2665 0.160655
2671 0.669276
2672 0.00414285
2673 0.476102
2674 0.00106076
2676 0.20379
2679 0.208177
2681 0.0152662
2685 0.450408
2686 0.267752
2687 0.56539
2688 0.0287212
2692 0.46961800000000004
2694 0.0059485
2698 0.0007547119999999999
2700 0.492208
2701 0.35490900000000003
2703 0.140526
2705 0.367919
2707 0.03420619999999999
2708 0.0552836
2711 0.211296
2712 0.282752
2716 0.13638499999999998
2719 0.061747199999999995
2720 0.026411700000000003
2724 0.00245086
2725 0.0007487160000000001
2726 0.490832
2728 0.409407
2729 0.00735261
2731 0.100486
2733 0.000422474
2736 8.94232e-05
2739 0.174869
2740 0.000302674
2742 0.11453599999999999
2743 0.016190299999999998
2746 0.0901865
2748 0.129192
2750 0.48237399999999997
2752 0.00731499
2753 0.00854775
2754 0.058756899999999994
2756 0.145974
2758 0.19794
2761 0.576519
2764 0.00114718
2768 0.502825
2769 0.34075700000000003
2770 0.0358046
2771 0.00471541
2773 0.476505
2777 0.00107129
2780 0.395899
2781 0.466513
2787 0.0113208
2788 0.289304
2789 0.039186
2790 0.30533499999999997
2792 0.159388
2793 0.138667
2797 0.052756700000000004
2799 0.0216605
2802 0.00474841
2805 0.0724526
2806 0.0550361
2808 0.07056230000000001
2809 0.0836537
2811 0.0219653
2813 0.22061999999999998
2814 0.018541
2818 0.0911216
2819 0.33976100000000004
2821 0.41113299999999997
2822 0.00354719
2823 0.322776
2824 0.773982
2825 5.6879e-09
2828 0.220453
2829 0.034063199999999995
2830 0.0226041
2831 0.000563349
2832 0.302555
2837 0.12334
2839 0.010832099999999999
2840 0.021687599999999998
2843 0.0188405
2846 0.399998
2849 0.0445886
2850 0.00131245
2851 0.0229516
2852 0.18612
2853 0.00167971
2856 0.061760199999999994
2857 0.176846
2860 0.26326900000000003
2861 0.00022506599999999998
2862 0.0064819000000000005
2863 0.329692
2865 0.183892
2871 0.079323
2872 0.562829
2874 0.455229
2876 0.00993736
2877 0.713674
2878 0.8928010000000001
2882 0.0178521
2883 0.394058
2885 0.18035
2887 0.00828639
2888 0.247223
2890 0.00672092
2892 0.035639599999999994
2894 0.406659
2895 0.323158
2897 0.197129
2898 0.0776536
2900 0.044179
2902 0.00293579
2903 0.00440362
2904 0.22788699999999998
2905 0.439698
2907 0.0514374
2908 0.000245157
2909 0.40998199999999996
2911 0.438327
2918 0.405609
2920 0.148257
2921 0.48100699999999996
2922 0.010301799999999998
2923 0.00583125
2925 0.5731689999999999
2926 0.181887
2927 0.00337187
2928 0.004564899999999999
2929 0.016414500000000002
2930 0.00221348
2936 1.1391500000000001e-06
2945 0.29994299999999996
2948 0.00417039
2949 0.0149692
2950 0.311643
2951 0.00255462
2955 0.252786
2959 0.0092944
2961 0.00953102
2964 0.263938
2968 1.11897e-06
2970 6.4583e-07
2971 0.05021130000000001
2972 0.827269
2973 0.00713394
2974 0.234346
2979 0.025166400000000002
2980 0.000759019
2981 0.44817799999999997
2982 0.7576579999999999
2983 0.0596366
2985 0.0007861960000000001
2991 0.0101737
2993 0.07256510000000001
2996 0.00184035
2997 0.0031761999999999997
2998 1.6442899999999998e-05
2999 0.0143635
3001 0.0432608
3006 0.0833291
3010 0.160079
3012 0.483879
3014 0.0595097
3016 0.29391300000000004
3018 0.352111
3019 0.00040664900000000003
3020 0.412684
3022 0.34511
3025 0.00800368
3026 0.5487310000000001
3029 0.246243
3030 0.036526499999999996
3033 0.010498700000000001
3035 0.588047
3036 0.44513400000000003
3037 0.19071
3040 0.342406
3041 0.384753
3043 0.0177188
3046 0.000792185
3048 0.014552899999999999
3049 0.097065
3050 0.000203411
3052 0.38697
3055 0.024799099999999998
3059 0.00748285
3060 3.65374e-05
3062 0.00508629
3067 0.0003929
3068 0.00745728
3069 0.00180257
3070 0.196123
3071 0.00653487
3073 0.00878542
3075 0.28876599999999997
3076 0.00198164
3079 0.310017
3080 7.702230000000001e-06
3081 0.417575
3084 0.252839
3087 0.0006539730000000001
3091 0.6526109999999999
3095 0.420045
3096 0.143333
3097 0.010468600000000002
3099 0.11438599999999999
3101 0.046118400000000004
3104 0.497025
3109 0.0025732
3111 0.0147191
3113 0.000187525
3114 0.34130900000000003
3115 0.0741984
3119 1.53171e-07
3123 0.234342
3125 9.60385e-06
3128 0.043910000000000005
3130 0.00360682
3131 0.0447145
3132 0.575666
3136 0.15193399999999999
3139 0.249236
3141 0.00669805
3143 0.0077886000000000006
3144 0.0656922
3148 0.401861
3151 0.248352
3152 0.0933908
3153 0.133158
3156 0.00671323
3158 0.017324700000000002
3160 0.198251
3166 5.9399300000000006e-05
3167 0.284846
3168 0.0241291
3171 0.00835223
3172 0.45216000000000006
3173 0.359028
3174 0.019783900000000004
3179 0.299224
3180 0.00942667
3182 0.479959
3187 0.40525500000000003
3190 0.000130635
3191 0.88902
3192 0.029356999999999998
3193 0.32202600000000003
3196 0.302523
3197 0.287638
3198 0.526077
3201 0.0609524
3203 0.00557412
3206 0.0104979
3208 0.00692803
3209 0.0227065
3212 0.026792700000000003
3215 0.133503
3217 0.0134566
3220 0.190148
3221 0.12465999999999999
3222 0.388015
3224 0.490612
3225 0.522409
3226 0.53635
3227 1.38774e-06
3230 0.036754699999999994
3232 0.352023
3234 0.444538
3235 0.493993
3237 0.414642
3238 5.2322699999999995e-06
3241 0.0116961
3245 0.42198100000000005
3246 0.010865399999999999
3248 0.00010355700000000001
3249 4.79569e-07
3251 1.93531e-05
3252 0.498033
3257 0.0492885
3263 0.335563
3264 0.0492991
3265 0.15232
3266 0.00648925
3267 4.88764e-06
3268 0.020643400000000003
3275 0.0225476
3276 0.0995405
3277 0.11436400000000001
3278 0.290904
3281 0.037593699999999994
3283 0.0355293
3286 0.000747175
3287 9.30277e-06
3288 0.26510300000000003
3289 0.116924
3291 0.000130185
3295 0.293427
3297 0.00215971
3298 0.9439219999999999
3302 0.033473
3304 0.387287
3305 0.253118
3306 0.000412392
3309 0.26761399999999996
3310 0.00038878400000000004
3312 0.00139169
3314 0.106869
3315 0.000215738
3317 0.036801
3318 0.00134209
3319 0.014271100000000002
3321 0.148627
3322 0.00557915
3323 0.14071
3324 0.14962899999999998
3326 0.0178813
3328 0.32868600000000003
3329 0.531324
3332 0.033038
3333 0.029649000000000002
3334 0.182666
3340 0.33920300000000003
3341 0.45983
3342 0.012199
3345 0.00872913
3346 0.31254499999999996
3347 0.0110195
3348 0.0570043
3352 0.21843200000000002
3353 0.000725552
3357 0.00021845099999999999
3358 0.0799881
3361 0.022090900000000004
3364 0.0197871
3366 0.008879399999999999
3368 0.862607
3371 0.00828753
3372 0.000788693
3375 0.0147047
3378 0.513602
3381 0.0108148
3383 0.621508
3384 0.34228600000000003
3385 0.250944
3387 0.000357328
3388 0.13876
3389 0.00791671
3393 0.0689976
3394 0.0116545
3399 0.220732
3400 0.000128529
3402 0.00092834
3405 0.000581069
3409 0.016574099999999998
3411 0.132598
3414 0.0640367
3418 0.08022639999999999
3423 0.6489199999999999
3426 0.7589
3427 0.0322883
3428 0.09346030000000001
3431 0.335284
3432 0.45993999999999996
3434 0.390511
3437 0.00852068
3438 0.00114051
3440 0.0022957
3442 0.107897
3445 0.0977912
3446 0.0249243
3447 0.262511
3448 2.13301e-05
3454 0.41063599999999995
3456 0.00202392
3457 0.0442431
3459 0.210054
3460 0.0237984
3463 0.256196
3467 2.5168200000000002e-08
3471 0.016819900000000002
3472 0.112002
3473 0.369015
3474 0.00038523800000000004
3475 0.362365
3476 0.100075
3478 0.0217064
3479 0.00423407
3480 0.000961218
3481 0.044126900000000004
3482 0.393308
3483 0.506648
3485 0.38766300000000004
3486 0.150116
3488 0.0296457
3490 0.00317254
3494 0.0595984
3495 0.0182807
3498 0.104751
3501 0.271257
3502 0.00105364
3503 0.154889
3504 0.00024707799999999997
3505 0.0912544
3507 0.000683365
3512 0.00881865
3513 0.0115488
3514 3.6435400000000006e-06
3515 0.256798
3517 0.32105100000000003
3520 0.278064
3523 0.036155900000000005
3526 0.178814
3527 0.223302
3531 0.500178
3532 0.00586379
3533 0.136139
3534 0.0970206
3535 0.000390583
3538 0.103951
3540 0.08975989999999999
3541 0.456579
3542 0.150353
3543 0.336541
3544 0.122404
3545 0.0033813000000000003
3547 0.027606099999999998
3552 0.00994688
3553 0.027260900000000005
3557 0.41416800000000004
3558 0.07193619999999999
3559 0.0236326
3560 1.29673e-06
3561 0.167043
3562 0.512423
3563 0.0170054
3568 0.015006299999999998
3569 0.138953
3570 0.022137200000000003
3571 0.0434916
3572 1.0379399999999998e-08
3573 0.367846
3574 0.00170073
3578 0.0612232
3579 0.45496099999999995
3581 0.45101499999999994
3582 0.0159543
3583 0.425886
3584 0.403159
3590 0.226332
3591 0.00274591
3592 0.438936
3595 0.330867
3598 0.2221
3600 0.421393
3601 0.000556571
3602 0.859892
3607 0.00478431
3610 0.9595959999999999
3612 0.6096229999999999
3613 0.35684499999999997
3615 1.79747e-05
3616 0.00851251
3617 0.28276
3619 0.43966000000000005
3624 0.00854776
3626 0.00996816
3630 0.032158400000000004
3631 0.331378
3633 0.337325
3637 0.05975369999999999
3641 0.166101
3643 0.427692
3647 7.35342e-07
3649 0.234722
3650 0.230107
3652 0.129178
3653 0.138721
3659 0.425292
3661 0.155366
3665 0.49124799999999996
3666 0.00243063
3668 0.03482380000000001
3670 0.0109165
3672 0.0373758
3676 0.012335500000000001
3677 0.19434300000000002
3680 0.31344099999999997
3682 3.6848699999999997e-06
3683 0.00127088
3686 0.000118174
3687 0.0489186
3689 0.000833212
3692 0.122945
3693 0.30701
3697 0.00847907
3701 0.0564832
3702 0.138355
3707 0.37842600000000004
3710 0.034564
3712 0.317038
3715 0.134864
3716 0.0681827
3718 0.028435200000000004
3719 0.0119645
3720 0.373196
3723 0.325853
3724 3.02439e-05
3725 0.252338
3726 0.00125842
3728 0.1563
3730 0.029493099999999998
3731 0.870814
3733 0.0723421
3734 0.421332
3736 0.32376900000000003
3737 0.168475
3738 0.027489599999999996
3739 0.39614099999999997
3741 0.0434325
3742 0.478422
3744 0.151672
3745 0.444688
3746 0.109702
3747 0.536842
3755 0.033536500000000004
3756 0.030997900000000005
3757 0.00109185
3761 0.000578712
3762 0.36492199999999997
3764 0.31233
3765 0.603015
3766 0.00045584099999999996
3768 0.16725299999999999
3769 0.00173871
3770 0.0313682
3771 0.497291
3775 0.170377
3776 0.000160445
3777 0.0165243
3778 0.16456300000000001
3782 0.000226475
3785 0.000750887
3787 0.000355864
3789 0.448108
3794 0.40379299999999996
3795 0.188684
3799 0.0832821
3800 0.011337200000000002
3801 1.03413e-05
3802 0.000787285
3804 2.95317e-05
3805 0.24672
3810 0.0967447
3812 0.0012523
3813 2.35204e-06
3815 0.0914587
3816 1.15289e-06
3819 0.08307819999999999
3822 4.45177e-09
3823 0.0469091
3825 0.379312
3829 0.015870500000000003
3831 0.271938
3832 0.310548
3833 0.0336445
3836 0.0574768
3839 0.344868
3840 0.00108926
3841 0.000117875
3842 3.08246e-06
3843 0.042107599999999995
3850 0.00792374
3851 0.5172979999999999
3852 0.309178
3853 0.246376
3854 0.282413
3858 0.6176649999999999
3862 0.014940799999999999
3864 0.150927
3867 0.367203
3870 0.034732400000000004
3873 0.00834265
3875 0.556289
3878 0.22508000000000003
3880 0.010686200000000002
3881 0.00473741
3882 0.163572
3883 0.00227369
3884 0.28759
3888 0.133529
3892 0.0210259
3893 0.0021664
3894 0.015397799999999998
3896 0.289434
3897 0.671443
3900 0.08305189999999998
3901 0.000283583
3902 0.00983227
3903 0.637359
3904 0.327898
3906 3.83677e-06
3908 0.00679388
3909 0.000345365
3910 0.548021
3914 0.0336097
3916 0.00918374
3917 0.00168502
3920 0.00301716
3922 0.405777
3925 0.000123153
3927 0.802876
3928 0.00716603
3929 0.44123599999999996
3930 0.077956
3931 0.0109021
3933 0.00477726
3934 0.000254742
3938 0.337318
3940 0.0557826
3942 0.37556100000000003
3943 0.11879400000000001
3944 0.3352
3950 0.17111300000000002
3951 0.42662700000000003
3952 0.00924472
3955 0.387011
3958 0.0158318
3959 0.48310600000000004
3962 0.034837900000000005
3964 0.0007343660000000001
3967 0.0833125
3968 0.460218
3972 0.554322
3975 0.140977
3976 0.0699313
3977 0.00137463
3978 0.40641
3980 0.0161466
3981 0.532497
3982 0.103652
3985 0.00010115100000000001
3989 0.138353
3995 0.72267
3999 0.0887852
4000 0.5424329999999999
4001 0.0443072
4002 0.00801824
4004 0.186728
4006 0.32965500000000003
4007 0.107787
4018 3.09066e-05
4021 0.000788495
4022 0.23408299999999999
4024 0.00147416
4026 0.024608500000000002
4027 0.00348773
4029 0.40587
4030 0.147645
4032 0.020966099999999998
4036 1.6228e-08
4038 0.00486288
4040 0.000500507
4041 0.592642
4042 0.747325
4043 0.0241778
4044 0.00438055
4045 0.100984
4048 2.28418e-05
4049 0.45707600000000004
4050 0.00028330200000000003
4053 0.00908128
4054 0.38263600000000003
4055 0.014178999999999999
4056 0.00890967
4059 0.0239171
4061 0.017419900000000002
4062 0.00940022
4063 0.553682
4064 0.055429599999999996
4065 0.289434
4068 0.287392
4070 0.0109536
4071 0.00874123
4072 0.467991
4074 0.582878
4078 0.17661300000000002
4079 0.0167984
4080 0.04574469999999999
4081 0.00430179
4083 1.0442e-09
4084 0.270004
4086 0.012770100000000001
4088 0.00775633
4090 0.518677
4094 0.0972771
4096 0.0879742
4097 0.00159248
4098 0.0669737
4099 0.305793
4101 0.164044
4103 0.345717
4104 0.0431044
4107 0.171058
4109 0.368373
4112 0.000626618
4114 5.227280000000001e-06
4115 0.00815089
4116 0.00265912
4118 0.255071
4119 0.00849777
4123 0.414181
4124 1.94969e-05
4125 0.38707199999999997
4126 0.372682
4127 0.5354899999999999
4128 0.382918
4130 0.014855100000000001
4132 0.394944
4134 0.09373730000000001
4139 0.00747773
4144 0.36246
4147 0.316808
4151 0.133525
4153 0.0466925
4154 0.14588399999999999
4155 0.0011569
4156 0.248283
4157 0.0129084
4159 0.0020177
4160 0.00789429
4161 4.20589e-07
4162 0.00156204
4165 8.86316e-05
4166 0.130759
4167 0.28415799999999997
4172 0.166626
4173 0.44321099999999997
4175 0.774349
4176 5.38402e-09
4177 0.320637
4179 0.30955
4180 0.00039551
4181 0.000469726
4182 0.00204052
4183 0.0326052
4184 0.019776099999999998
4187 0.357569
4188 4.83674e-05
4197 0.380925
4198 0.077539
4199 0.00573217
4202 0.00896223
4206 1.65995e-06
4207 0.383115
4208 0.44846400000000003
4210 0.374682
4211 0.380101
4213 0.5305989999999999
4214 0.039859
4216 0.015656299999999998
4217 0.00132331
4218 0.0735952
4219 0.590312
4222 0.00664752
4225 0.00425885
4226 0.0013844
4227 0.0380599
4233 0.00583464
4234 0.343145
4235 0.022401
4236 0.05348819999999999
4238 0.32913000000000003
4240 0.040293199999999994
4243 0.09062460000000001
4245 0.0953117
4248 0.256824
4249 0.09002410000000001
4250 0.198007
4251 4.5815300000000006e-12
4252 0.00151227
4254 0.0007378589999999999
4260 0.11594000000000002
4261 0.00375878
4262 0.00462181
4266 0.0883421
4267 0.00399912
4268 0.0105465
4276 0.201996
4277 0.365626
4278 0.031376999999999995
4282 0.016678099999999998
4285 0.512174
4288 0.304778
4289 0.413797
4290 0.042875699999999996
4294 0.39719299999999996
4297 0.12490799999999999
4299 0.0190755
4301 0.46771999999999997
4302 0.11492000000000001
4305 0.243206
4306 0.0182445
4308 0.0480742
4309 0.520138
4311 0.157006
4313 0.013040600000000001
4314 0.0368175
4316 0.169632
4317 0.449658
4319 0.00643071
4320 0.014290299999999999
4324 0.00019653700000000002
4328 0.46607600000000005
4330 0.265369
4332 0.187796
4334 0.240575
4335 0.001009
4336 0.6428050000000001
4337 0.0474243
4340 0.00117879
4342 0.00296207
4343 0.013353499999999999
4344 0.0923181
4348 0.10475
4350 1.0385e-05
4353 4.38816e-07
4355 0.312109
4357 0.28830700000000004
4358 0.00352934
4362 1.3292899999999999e-09
4363 0.35941100000000004
4366 0.275636
4373 0.461884
4374 0.00297106
4375 0.00157272
4377 0.0699294
4378 0.474179
4381 0.277125
4382 0.00953109
4383 0.669359
4385 0.197467
4388 0.00821181
4393 0.0204451
4394 3.93152e-09
4395 0.078253
4398 0.00902447
4399 0.0610791
4400 3.6068800000000006e-08
4401 0.0007084169999999999
4402 0.0779431
4403 4.73643e-13
4406 7.750780000000001e-10
4407 0.00389281
4408 0.378436
4410 0.26758899999999997
4412 0.499292
4413 9.17699e-05
4414 0.00179943
4415 0.00603898
4416 0.210288
4417 0.158135
4418 0.0008873889999999999
4419 0.00800552
4420 0.666667
4422 0.17732699999999998
4425 1.0185899999999999e-10
4426 0.0140578
4427 1.22773e-05
4428 0.160737
4431 0.0326616
4435 0.5552819999999999
4440 0.467743
4442 0.12036600000000001
4443 0.00766971
4444 1.0508e-05
4445 0.0152415
4447 0.446404
4448 0.031304200000000004
4449 0.32474000000000003
4451 0.0008546319999999999
4453 0.014360499999999998
4454 0.45313000000000003
4456 0.109011
4458 0.00886734
4460 0.00018003
4461 4.50477e-06
4462 0.00410379
4465 0.374186
4467 1.06369e-07
4469 0.199364
4472 0.000182473
4473 0.00239626
4475 0.123526
4476 0.266776
4477 0.112292
4478 0.0688772
4480 0.542746
4482 0.4587
4483 0.00571223
4485 0.581179
4486 0.00150617
4489 0.107868
4491 0.055988800000000005
4492 0.00916368
4497 0.34431999999999996
4501 0.06345579999999999
4503 2.61571e-05
4504 8.79664e-06
4505 0.031114999999999997
4506 0.00343818
4511 0.0696304
4513 0.0112251
4515 0.0526611
4516 0.359858
4521 0.29391799999999996
4522 0.013132900000000001
4523 0.367714
4525 0.09776189999999998
4529 1.39287e-06
4531 0.00296844
4533 0.00159984
4534 0.320461
4536 0.571887
4538 0.367111
4541 0.0382666
4543 0.022031
4545 0.304429
4546 0.00488437
4547 0.24566500000000002
4550 0.41103900000000004
4554 0.00617657
4556 0.038787800000000004
4557 0.9215780000000001
4559 0.13664400000000002
4560 0.026593400000000003
4561 0.45973100000000006
4564 0.405163
4567 0.0738641
4568 0.0589641
4569 0.00704993
4572 0.0021203000000000003
4573 0.25619699999999995
4575 0.0204116
4577 4.6924399999999994e-05
4578 0.149707
4580 0.41399600000000003
4582 0.288713
4583 0.00146393
4586 0.11034400000000001
4589 0.363381
4590 0.249852
4593 0.214858
4594 0.00585273
4596 0.0102257
4598 0.532518
4599 0.0107663
4602 0.0110834
4603 0.027146100000000003
4608 0.0334647
4610 0.00335581
4613 0.0395038
4614 0.00245063
4615 0.16385999999999998
4616 0.0208298
4617 0.0199855
4619 0.7853979999999999
4620 0.12103499999999999
4621 0.434879
4624 0.185771
4629 0.365019
4633 0.197467
4635 0.304663
4637 0.08412560000000001
4638 0.022352
4639 0.610536
4640 0.160833
4641 0.0715985
4642 0.29554
4645 0.0007017260000000001
4646 0.21817199999999998
4650 0.029537900000000002
4657 0.0142263
4658 0.014044399999999999
4659 0.0187453
4661 0.48433699999999996
4663 0.021202000000000002
4664 0.012648000000000001
4665 0.048529
4666 0.103979
4667 0.13077
4668 0.351952
4669 0.0565112
4670 0.27821799999999997
4677 0.238504
4678 3.91855e-05
4680 1.66493e-05
4681 0.017765799999999998
4684 0.014330700000000002
4688 0.0006045730000000001
4690 0.07967869999999999
4695 0.0239733
4696 0.360721
4697 0.000659935
4698 0.34979299999999997
4700 0.00149203
4703 0.170274
4704 0.772133
4709 0.648065
4711 0.000310851
4712 0.199103
4713 0.701196
4716 0.256191
4717 0.00036356
4720 0.00037052699999999994
4721 0.509571
4724 0.106243
4725 0.131734
4726 0.695391
4728 0.0674038
4729 0.0838528
4730 3.29702e-05
4731 0.144316
4733 0.0177523
4734 0.0137059
4736 5.65007e-05
4738 0.368153
4739 0.40799
4740 0.328895
4741 0.10976
4744 0.4952
4745 0.00139738
4749 0.396056
4751 0.050227999999999995
4752 0.0101822
4755 0.106761
4756 0.434511
4757 3.98699e-07
4758 0.0020956
4759 2.03629e-05
4762 0.136207
4763 0.00377809
4764 0.0336334
4765 0.219113
4766 0.44571000000000005
4767 0.0102929
4769 0.271414
4771 0.33419899999999997
4772 0.00267255
4774 0.00169553
4775 0.043093400000000004
4778 0.012027
4780 0.100418
4781 0.0069432
4784 0.00205935
4787 0.00205137
4791 0.302126
4795 0.297294
4798 0.026606099999999997
4800 0.0458864
4802 0.212896
4803 0.375681
4804 0.266934
4806 0.0307757
4807 0.478634
4809 1.18518e-07
4810 0.180854
4811 0.389627
4813 0.00827922
4817 0.06927810000000001
4819 0.271794
4820 0.13505999999999999
4821 0.0668362
4822 0.0748419
4824 4.18933e-06
4827 0.00229632
4829 0.00545724
4833 0.0546006
4835 0.241761
4838 0.174201
4843 0.023841
4844 0.0909175
4845 4.0234699999999997e-07
4847 0.298702
4851 0.00959584
4853 0.059824800000000004
4854 0.0008008269999999999
4855 0.305206
4858 0.196856
4860 0.00897186
4861 3.5772e-08
4862 0.018661700000000003
4864 0.17260799999999998
4865 0.174569
4870 0.09245249999999999
4871 0.0180672
4874 0.43024700000000005
4875 0.00982782
4877 0.00582485
4880 0.00746626
4881 0.0789618
4883 0.14741300000000002
4884 0.160493
4887 0.170189
4888 0.00083646
4889 0.39797899999999997
4891 0.0267407
4892 0.181792
4893 0.37089
4894 0.629624
4899 0.0398415
4900 0.26057800000000003
4901 0.0209405
4904 0.052751400000000004
4906 0.0017143
4908 0.609791
4909 1.91478e-07
4914 0.029771499999999996
4915 6.184490000000001e-07
4917 0.0436552
4918 0.44337600000000005
4919 0.0490423
4920 0.323452
4921 0.00530174
4922 0.435424
4923 0.268814
4924 0.157225
4925 0.35220999999999997
4927 0.059088999999999996
4930 0.45667299999999994
4932 0.47475100000000003
4933 0.0038043
4934 0.8929090000000001
4937 0.267731
4940 0.011722
4941 0.299782
4942 0.040282099999999994
4944 0.262253
4945 0.05967959999999999
4947 0.486755
4949 0.423303
4952 0.00240525
4957 0.10033500000000001
4959 0.22460300000000002
4964 0.065423
4965 0.0545617
4969 0.0015062
4970 0.294006
4971 0.335622
4975 4.235569999999999e-06
4978 0.555495
4979 1.00013e-05
4980 0.27657
4981 0.00037918800000000003
4988 0.10819300000000001
4989 0.16581500000000002
4993 0.022487599999999996
4996 0.000895306
5000 0.00222993
5002 0.00271082
5005 0.022885
5008 0.000199199
5009 0.000236622
5010 0.00174985
5011 0.172903
5012 0.350118
5013 0.0238103
5015 0.00216619
5017 0.44964
5019 0.294032
5021 0.000443635
5022 0.00928083
5025 0.39107
5030 0.00021767099999999998
5031 0.182267
5034 0.0979208
5035 0.0005817369999999999
5038 0.11237799999999999
5040 0.390232
5041 0.21086100000000002
5043 0.0386721
5044 0.0673582
5046 0.131251
5048 0.00208751
5049 0.352152
5050 0.0559707
5051 0.00182939
5053 0.0466518
5059 0.0103417
5060 0.369752
5066 0.0272762
5069 0.40586500000000003
5070 0.0304252
5074 0.178507
5075 3.9033099999999995e-07
5076 0.141665
5080 0.00359344
5082 0.0358208
5083 0.00164749
5087 0.00999456
5088 0.12933699999999998
5089 7.501239999999999e-06
5091 0.092795
5092 0.0210293
5095 0.06978580000000001
5096 4.4935400000000005e-06
5098 0.0153225
5099 0.00385812
5100 0.325276
5103 0.42360699999999996
5105 0.0614006
5106 0.0515982
5109 2.64814e-05
5112 0.041439300000000005
5113 0.277715
5115 3.67994e-08
5117 0.555389
5118 0.350598
5119 0.297437
5120 0.180573
5123 0.07019349999999999
5125 0.015546899999999999
5126 0.0976257
5127 0.299929
5132 0.32008000000000003
5133 0.0366491
5137 0.00522728
5139 0.237844
5140 0.152618
5141 0.13328900000000002
5142 0.15929400000000002
5147 0.00476583
5148 0.719171
5149 0.00666656
5151 0.32759
5152 0.2893
5154 0.00072301
5155 1.25321e-05
5157 0.0021244
5158 0.0252197
5162 0.06918660000000001
5163 0.28025700000000003
5164 0.000537381
5165 0.0035442
5166 0.0543872
5167 0.368195
5170 0.37016
5172 0.269963
5174 0.0605769
5178 0.000271364
5180 0.028769799999999998
5182 0.33382
5184 0.311392
5187 0.028723099999999998
5188 0.029628300000000003
5192 0.025611599999999998
5193 0.0350005
5194 0.000788191
5196 0.243615
5197 0.0510611
5198 0.38454
5200 0.00176911
5201 0.00197135
5204 0.000319181
5205 0.421737
5206 0.501812
5207 0.00122921
5211 0.000495648
5213 0.24294699999999997
5216 0.0145769
5218 0.194831
5221 0.17663399999999999
5225 0.446248
5226 0.38508400000000004
5227 0.454004
5228 0.00011112299999999999
5232 0.22030500000000003
5233 0.200035
5234 0.330502
5235 0.00906904
5237 0.371408
5238 0.00356597
5240 0.00755859
5241 0.0104589
5243 0.022066299999999997
5247 1.53347e-05
5249 0.15978399999999998
5250 0.22409899999999996
5251 0.40323200000000003
5252 0.655359
5255 0.012788899999999999
5256 0.0368614
5261 0.205033
5265 0.183033
5266 0.0402962
5271 0.185353
5272 0.0141903
5275 0.014427200000000001
5276 0.43162799999999996
5277 0.0895669
5279 0.00326503
5280 0.033124
5282 5.232060000000001e-10
5284 0.000557171
5286 0.231133
5287 0.059983400000000006
5289 6.63214e-05
5291 0.29463
5294 0.320824
5295 0.249189
5296 0.176506
5299 0.342134
5300 0.00179198
5301 0.0817324
5302 0.0401474
5308 0.38904299999999997
5309 2.326e-07
5313 0.0135201
5316 0.0365751
5317 1.22302e-05
5321 0.38157399999999997
5322 0.788974
5323 0.364072
5324 0.00180994
5329 0.088474
5330 0.0167988
5332 0.0526488
5333 0.062345199999999996
5334 0.22808499999999998
5335 0.0653067
5339 0.014635800000000001
5341 0.45936899999999997
5342 0.381456
5347 0.37848899999999996
5353 0.37982
5354 0.0412848
5356 0.600126
5357 0.234015
5359 0.018597
5361 0.00816558
5362 0.0206725
5364 2.14277e-12
5366 0.390309
5372 0.016462099999999997
5375 0.293315
5376 0.10998800000000002
5377 0.31157399999999996
5381 0.0942718
5382 0.0773648
5386 0.489565
5390 0.0121916
5392 0.416353
5394 0.00362639
5399 0.7675609999999999
5400 0.0264538
5401 0.0049742
5402 0.0675939
5403 1.70783e-05
5409 0.311882
5411 0.152685
5412 0.254643
5415 0.424515
5422 0.00456534
5425 0.565912
5426 0.0567845
5427 0.0431105
5428 4.8802e-05
5432 0.0100745
5435 0.0821142
5437 0.00282669
5442 0.613351
5443 0.0477914
5444 0.00016192
5446 0.14362
5447 0.46770600000000007
5449 0.60126
5452 1.38446e-05
5456 0.301134
5458 0.11829
5459 0.441543
5460 0.0365664
5462 0.00131718
5463 0.00139166
5464 0.00438168
5466 0.237421
5468 0.0483202
5472 0.018543
5473 0.00298747
5474 0.00207762
5476 0.00373435
5477 0.192518
5479 0.051278899999999995
5480 0.00542938
5482 0.22797800000000001
5484 0.041411699999999996
5488 0.47026
5490 0.6835140000000001
5491 0.32198699999999997
5492 0.224253
5493 0.0008997769999999999
5494 0.237934
5495 6.13794e-11
5498 0.10152699999999999
5500 0.5997899999999999
5501 0.00148935
5502 0.00525267
5503 0.000732495
5504 0.00120845
5505 0.293178
5506 0.0659737
5512 0.0798775
5513 0.423105
5516 0.0005894019999999999
5520 0.00761406
5523 0.030443500000000002
5525 0.00046572800000000005
5528 0.00542226
5529 0.0106428
5532 0.053224400000000005
5533 0.31256100000000003
5534 0.00996534
5537 0.36143400000000003
5538 0.0693822
5540 0.00454928
5543 0.00908358
5545 0.00129291
5546 0.325276
5548 0.46695299999999995
5551 0.0243178
5553 0.0935157
5555 0.11629300000000001
5556 0.288116
5557 0.029857599999999998
5558 0.0305438
5560 0.274387
5561 0.105898
5562 5.9647799999999995e-05
5564 0.027360400000000003
5565 0.0656033
5567 0.000276497
5569 0.0287387
5570 0.29441100000000003
5571 0.046764599999999996
5572 0.0432957
5575 0.000732131
5578 0.19384200000000001
5580 0.0165663
5581 0.09133689999999998
5587 0.000486312
5589 0.000507588
5594 0.9553969999999999
5595 0.241456
5596 0.391424
5597 0.00709478
5598 0.061093600000000005
5602 0.0582587
5604 0.013340200000000002
5607 0.00448612
5610 0.417178
5612 0.45665600000000006
5616 0.06435369999999999
5617 0.170398
5619 0.0142137
5621 0.00188867
5622 0.271045
5623 0.0008411060000000001
5626 0.055626999999999996
5627 0.021022
5628 0.107706
5632 0.12407699999999999
5633 0.24838000000000002
5634 0.409895
5635 0.00022899700000000002
5638 0.436381
5642 0.06269590000000001
5643 0.0242062
5646 0.0760522
5649 0.00426787
5650 0.669035
5651 0.00412408
5656 0.251135
5659 0.133741
5661 0.0027783
5663 0.0339848
5665 0.00042568
5666 0.143479
5667 0.029357499999999998
5670 0.21198000000000003
5671 0.00551331
5673 0.000657374
5675 0.49902700000000005
5677 0.473563
5678 0.0226986
5681 0.00758527
5683 0.0008170339999999999
5684 0.41981
5688 6.09701e-07
5689 0.026412599999999998
5690 0.00329561
5691 0.580741
5692 0.0412864
5694 0.0009052999999999999
5698 0.464243
5703 0.252729
5706 0.014634600000000001
5707 0.094863
5708 0.270773
5709 0.21743400000000002
5711 0.11235
5712 0.047010699999999996
5717 0.28925300000000004
5720 0.203746
5721 0.346825
5722 0.436906
5724 0.141671
5725 0.410861
5726 0.0153373
5727 0.009450100000000001
5733 0.346946
5734 0.0122147
5737 0.0427869
5739 0.0743883
5744 3.8775699999999995e-06
5745 0.296968
5746 0.19808199999999998
5748 0.24424899999999997
5750 0.18600899999999998
5751 0.00483898
5753 0.258701
5754 0.134728
5758 0.040954500000000005
5759 0.110516
5763 0.0133567
5766 0.272794
5767 0.00318777
5770 0.00458231
5771 0.0232851
5772 0.21272600000000003
5774 0.148992
5775 0.00408581
5776 0.0335748
5777 0.328948
5778 0.43521499999999996
5785 0.0243919
5787 0.06340319999999999
5792 0.567277
5793 0.0153755
5795 0.00605641
5797 0.322351
5798 0.0886198
5800 0.635844
5801 0.158158
5802 0.00240764
5804 0.08477610000000001
5807 0.013483000000000002
5808 0.517025
5809 0.226978
5810 0.0487742
5816 0.0193428
5820 6.706029999999999e-05
5822 0.034537
5823 0.22021500000000002
5827 0.015710599999999998
5832 2.2621999999999998e-05
5833 0.214166
5834 1.81453e-05
5835 0.42640100000000003
5837 0.00633656
5842 0.058731200000000004
5844 2.09188e-05
5846 0.47784499999999996
5847 0.00353449
5848 0.10531800000000001
5849 0.250102
5855 1.1945299999999999e-05
5857 0.00364633
5858 0.320943
5862 0.012368500000000001
5865 0.34727800000000003
5866 0.00281344
5869 0.15446500000000002
5870 0.0688347
5871 0.0666755
5872 1.3878100000000001e-06
5876 0.149064
5880 0.173035
5882 0.33200599999999997
5883 0.34757899999999997
5886 0.012067200000000002
5887 0.614556
5890 0.307733
5891 0.008208
5892 0.201578
5896 0.649411
5898 0.00278565
5900 0.292657
5902 0.00015780000000000001
5904 0.0125948
5907 0.261371
5913 0.042005400000000005
5915 0.00014315
5916 0.10677
5921 0.528257
5922 0.0254916
5924 0.0645385
5925 0.315866
5926 0.52581
5927 0.0502454
5929 0.00168856
5931 0.481338
5932 0.169178
5933 0.0049339
5934 0.180892
5935 0.014324100000000001
5936 0.022028
5937 0.302281
5939 0.11622
5941 0.00190358
5942 0.5070560000000001
5943 0.116378
5944 0.406348
5945 0.40675700000000004
5946 0.101266
5949 0.00018411099999999999
5950 0.05617180000000001
5953 0.695626
5955 0.0175597
5957 0.00169996
5958 0.850406
5959 0.00196807
5962 3.46543e-06
5965 0.00410393
5966 0.638483
5967 0.334942
5969 0.358074
5972 0.38554
5973 0.41830500000000004
5974 0.000877515
5976 0.151453
5977 1.6429300000000002e-05
5978 0.124662
5982 0.6060800000000001
5986 0.016224799999999998
5987 0.012070399999999998
5993 0.488899
5994 0.276769
5997 0.00611322
5999 0.00257107
6002 0.14938800000000002
6003 4.22599e-05
6006 0.015345699999999999
6007 0.09551369999999999
6008 0.0423761
6010 0.09235610000000001
6013 0.130723
6014 0.0486546
6015 0.142878
6016 0.085763
6017 0.00683518
6019 0.0110228
6021 0.0827341
6022 0.07044500000000001
6024 0.0743775
6031 0.013530700000000001
6032 0.25816
6034 0.0876975
6036 0.49854499999999996
6037 0.000123115
6039 0.37394
6040 0.340817
6044 0.00146947
6047 0.0370741
6048 0.15168
6049 0.24636799999999998
6050 0.444708
6051 0.00806968
6052 0.000620352
6053 6.633280000000001e-07
6054 0.312153
6056 0.0516904
6057 0.00032768900000000004
6059 0.31516
6060 0.415893
6063 1.7872099999999997e-06
6064 0.000296803
6068 0.000500901
6072 0.11381500000000001
6075 0.000679638
6076 0.47483500000000006
6077 0.00248955
6080 1.24078e-07
6081 0.121973
6082 0.158333
6083 0.020103299999999998
6085 0.297319
6086 0.0280942
6087 0.592921
6090 0.00015662399999999998
6092 0.296473
6093 0.37228
6094 0.0950068
6099 0.00146884
6101 0.324153
6102 0.00035798199999999996
6106 0.0506021
6109 0.0927122
6110 0.0647279
6112 0.00153829
6113 0.07939960000000001
6114 0.0784755
6115 0.271873
6116 2.21647e-07
6118 0.271874
6119 0.0361468
6121 0.000610475
6122 0.362818
6126 0.017046799999999997
6127 0.0491321
6132 1.3698e-11
6137 0.011179600000000001
6138 0.00798685
6142 0.15879200000000002
6143 0.314837
6144 0.00471593
6145 0.208965
6147 0.0864885
6149 0.550842
6152 0.778786
6154 0.0434856
6155 0.052968799999999996
6157 0.0610155
6160 0.0296601
6164 0.311656
6165 0.172211
6167 0.548517
6168 0.53105
6169 0.330994
6173 0.13940999999999998
6178 0.351001
6182 0.00613743
6186 0.36381399999999997
6191 0.0006792289999999999
6192 0.29990700000000003
6193 0.111175
6194 0.000287098
6195 0.43100200000000005
6197 0.159895
6199 0.24521199999999999
6200 0.288611
6204 0.0280955
6205 0.031602
6207 0.407008
6211 0.00685975
6213 0.126367
6217 0.063166
6226 0.519212
6227 0.274619
6228 0.0173458
6231 0.0231307
6232 0.190995
6237 0.413876
6239 0.492166
6242 0.00195118
6244 0.058048800000000005
6245 0.00084596
6246 0.00800427
6248 0.205619
6253 0.000129576
6255 0.794675
6256 0.00447997
6257 0.149489
6263 6.44673e-05
6265 0.0009165260000000001
6266 0.435993
6268 3.0275200000000003e-10
6271 0.0139017
6273 0.252817
6274 0.15693
6278 0.00782957
6280 0.00462706
6283 0.025756
6287 0.41310600000000003
6288 0.587801
6292 0.116414
6293 0.0225072
6294 0.0847573
6297 0.00856893
6298 0.12475499999999999
6302 0.06140269999999999
6303 0.00022543
6307 0.101607
6308 0.000133615
6310 0.564377
6311 0.205648
6312 0.124491
6313 0.347492
6315 0.391925
6316 0.0008506000000000001
6317 0.24284099999999997
6322 0.318785
6324 0.00169293
6326 0.00027156
6327 0.06218630000000001
6328 0.00294354
6331 0.00507858
6332 0.11976700000000001
6333 0.00165607
6334 0.04510619999999999
6336 5.7198400000000004e-05
6340 0.00206818
6342 0.00186262
6343 0.177902
6345 0.0156124
6347 0.0487866
6354 0.0400563
6356 0.00171493
6358 0.223173
6359 0.039161699999999994
6360 0.22083899999999998
6361 0.389017
6364 0.45724
6365 0.321195
6368 0.34930300000000003
6370 0.517781
6372 0.00450437
6373 0.193045
6376 0.137329
6378 0.0448578
6379 0.0007125930000000001
6380 0.299046
6383 0.0278404
6384 0.41866000000000003
6386 0.054634800000000004
6388 0.178724
6389 0.000239555
6390 0.425662
6393 0.024484799999999998
6394 1.2421600000000001e-06
6397 0.0031679000000000004
6399 0.258272
6401 0.342561
6402 0.0008247539999999999
6403 0.21210500000000002
6405 0.08490089999999999
6406 0.011506
6407 0.26224899999999995
6408 0.0153487
6410 0.09847769999999999
6412 0.00205788
6413 0.19371300000000002
6414 0.396987
6415 0.00926597
6416 0.07360789999999999
6420 0.162938
6422 0.00278173
6423 0.134776
6426 0.365338
6431 0.141344
6432 0.40093
6435 0.0223399
6439 2.41274e-05
6441 0.126218
6446 0.345943
6451 4.0785100000000004e-05
6452 0.173849
6453 0.572122
6454 0.00867505
6457 0.00520318
6460 0.786117
6461 0.00385544
6464 0.872189
6467 0.00126423
6469 0.137626
6471 0.0487114
6477 0.506961
6478 0.137151
6479 0.0154786
6481 0.0194293
6485 0.0238615
6487 0.341587
6489 0.394432
6490 0.511865
6491 4.4072899999999995e-08
6493 0.0482856
6494 2.93903e-06
6496 0.0987357
6498 4.26649e-06
6500 0.253671
6502 0.000770063
6504 0.12124800000000001
6505 0.30981
6508 0.627513
6510 0.00564648
6511 0.0459096
6513 0.0188525
6514 0.322831
6516 0.104841
6517 0.41738400000000003
6518 0.00283942
6521 0.218563
6522 0.0183817
6525 0.0760777
6526 0.6255729999999999
6527 0.33305999999999997
6528 0.18448399999999998
6531 0.37125
6533 0.000124108
6535 2.77061e-07
6537 0.00359639
6539 0.440931
6540 0.389757
6541 0.0652049
6544 0.30556700000000003
6545 0.0471582
6546 0.22626999999999997
6552 0.277533
6554 0.17488299999999998
6555 0.187935
6557 0.000859653
6558 0.00261314
6559 0.52823
6561 0.023125599999999996
6563 0.29640700000000003
6566 0.44536800000000004
6567 0.0171498
6568 0.0175108
6571 0.0106872
6573 0.00803711
6574 0.375494
6577 0.0253951
6579 0.12881199999999998
6580 0.498647
6581 0.182365
6582 0.22321300000000002
6586 0.401186
6589 0.10775699999999999
6590 0.0152915
6591 0.102404
6592 0.247653
6594 0.284326
6596 0.000167612
6598 0.5284800000000001
6600 0.00179394
6601 0.112749
6604 0.00352284
6607 0.0607653
6608 0.013719
6613 0.197853
6614 0.292511
6615 0.599753
6616 0.354423
6620 0.048287800000000006
6623 0.365582
6624 0.34160799999999997
6629 0.20639000000000002
6630 0.000988439
6633 0.20414100000000002
6634 0.0111383
6639 2.6158799999999997e-06
6640 1.24073e-05
6641 1.84499e-09
6642 6.95022e-07
6644 0.259417
6646 0.0720947
6649 0.06473330000000001
6650 8.75882e-07
6651 0.234692
6653 0.0008781360000000001
6655 0.0065464
6656 0.86451
6659 0.452926
6662 0.44089799999999996
6663 0.361238
6665 0.112168
6669 0.0845403
6672 0.43891499999999994
6675 0.00134388
6676 9.680379999999999e-05
6680 0.00484412
6683 2.78783e-06
6685 0.008469299999999999
6686 0.319218
6688 4.753909999999999e-06
6691 8.97651e-05
6692 0.827384
6693 0.0237478
6700 0.00197535
6701 0.00886053
6705 0.05753380000000001
6710 0.38142800000000004
6711 0.202428
6712 4.3451e-06
6713 0.445435
6715 0.0346552
6716 2.43246e-05
6717 0.00510193
6720 0.00492212
6721 0.0205649
6723 0.10736199999999999
6724 0.0107674
6728 0.32403699999999996
6729 0.690344
6732 0.544728
6733 0.00926247
6737 0.0984353
6741 0.00336515
6742 0.158356
6743 0.000171972
6744 0.701283
6745 0.162327
6746 0.0827527
6749 0.000986709
6750 0.0078154
6752 0.000321124
6754 0.000195849
6756 0.055146
6757 0.013904900000000001
6758 0.0417288
6763 0.00268632
6764 0.294819
6767 0.375788
6770 0.059508000000000005
6771 0.10254200000000001
6774 0.000124805
6775 0.27582399999999996
6776 0.31435599999999997
6778 0.0339466
6779 0.31999099999999997
6780 0.365167
6785 0.11321600000000001
6787 0.430407
6788 0.497409
6790 0.0330602
6791 0.00419188
6792 0.30782600000000004
6793 0.450931
6795 0.079679
6796 0.0583455
6798 0.0191132
6801 0.0006889239999999999
6804 0.318763
6807 0.00983055
6809 0.494378
6811 0.322885
6812 0.00209076
6815 0.0217956
6816 0.024033000000000002
6817 0.0629802
6818 0.0435969
6820 0.00182239
6823 0.226595
6826 0.000943794
6830 0.27334
6831 0.00303377
6832 0.00225226
6834 9.475650000000001e-06
6837 0.324936
6843 0.14612999999999998
6846 0.0259348
6851 0.332845
6853 0.00286799
6854 0.00329719
6856 0.518312
6857 0.28029899999999996
6861 0.014046799999999998
6863 0.371973
6870 0.024722499999999998
6871 1.0634e-06
6872 0.5181020000000001
6873 0.352518
6875 0.382441
6877 0.0262884
6879 0.47009799999999996
6881 0.010156
6882 0.25819699999999995
6885 0.27673200000000003
6888 0.00605273
6889 0.0206891
6890 0.00597396
6891 0.532499
6894 0.316239
6895 0.158128
6897 0.404522
6898 0.592899
6901 0.533762
6902 0.040310900000000004
6904 0.344915
6905 0.277279
6906 0.43970600000000004
6907 0.0705337
6913 0.0946177
6915 0.21017600000000003
6920 0.096263
6921 0.0653113
6923 0.000757941
6925 0.168424
6926 0.45957600000000004
6927 0.000749395
6928 0.0096073
6929 4.32224e-09
6936 0.44636899999999996
6937 0.00164331
6938 0.37843000000000004
6941 0.20646799999999998
6942 4.84655e-05
6946 0.00123232
6951 0.0414101
6954 0.6008939999999999
6955 0.0185274
6957 0.647968
6960 1.60512e-07
6961 0.0007268110000000001
6964 0.7004020000000001
6967 0.000861672
6969 0.0008981880000000001
6970 0.11026500000000002
6973 0.0470101
6974 0.490123
6975 0.13313599999999998
6977 0.0262633
6978 0.058826300000000005
6979 3.3713500000000003e-07
6980 0.022486199999999998
6982 0.395939
6984 0.00388199
6985 0.000557866
6986 0.445076
6991 0.135171
6992 0.197213
6993 0.00019261599999999997
6996 0.0192321
6997 0.011459100000000002
6998 0.0178532
6999 1.34653e-08
7000 0.441216
7001 0.057066599999999995
7005 0.0342175
7010 0.000409781
7012 0.000366183
7013 0.024425299999999997
7014 0.019947799999999998
7015 0.000164091
7017 0.340256
7019 0.382387
7024 0.17305399999999999
7026 0.0430733
7027 0.00270011
7028 0.365925
7030 0.06871419999999999
7032 0.2107
7034 0.0978061
7037 0.007278499999999999
7041 8.72024e-06
7043 0.604758
7044 0.45170600000000005
7047 0.373633
7051 0.07520650000000001
7053 0.578923
7055 0.103619
7057 0.00311876
7060 0.20841500000000002
7061 0.0520974
7063 4.34423e-06
7066 0.1193
7067 0.08730360000000001
7069 0.0728904
7076 0.000695058
7081 0.10341700000000001
7082 0.09842639999999998
7083 0.549949
7085 0.0763566
7087 0.162697
7091 0.00329333
7094 0.08735239999999998
7096 0.127619
7098 3.73461e-05
7099 0.0506143
7102 0.00483852
7103 0.524223
7106 0.276463
7107 0.0570438
7110 0.00662272
7111 0.0636326
7112 0.034777800000000005
7115 0.00020450900000000002
7116 0.27175900000000003
7118 0.38314899999999996
7119 0.75552
7120 0.545493
7124 0.173514
7126 0.381368
7127 0.264777
7131 0.000871528
7134 0.38336
7135 0.0661489
7136 0.508716
7137 0.273397
7142 0.0262449
7143 0.00302388
7145 5.33599e-05
7151 0.571417
7155 0.00019937900000000002
7156 0.228258
7157 0.0198585
7158 0.135721
7160 0.0009671489999999999
7161 0.799249
7164 0.011676700000000002
7169 0.443233
7170 0.21280300000000002
7171 0.057586
7173 0.164082
7175 0.947509
7176 0.138191
7178 0.38038099999999997
7179 0.629409
7181 0.48135100000000003
7183 0.030519099999999997
7186 0.287341
7188 1.67357e-05
7190 0.00164066
7192 0.30561900000000003
7195 0.44732200000000005
7196 0.016059999999999998
7198 0.135319
7199 4.22754e-07
7201 0.38453699999999996
7202 0.050411000000000004
7203 0.07781410000000001
7206 0.0006194330000000001
7207 0.185151
7209 0.00064398
7218 0.309077
7220 0.0578193
7221 0.00736217
7225 0.012911099999999998
7226 0.00944265
7228 0.169712
7229 0.19683699999999998
7231 0.000355489
7232 0.32372
7233 0.010320399999999999
7235 0.0592347
7237 0.21384099999999998
7238 1.26076e-06
7239 0.0169084
7240 0.00225838
7242 0.14010699999999998
7246 0.036102800000000004
7248 0.0014565
7251 0.882439
7252 0.504496
7253 0.46106199999999997
7254 0.00574277
7255 0.00807591
7257 0.000179176
7262 0.197327
7264 0.0246273
7265 0.0232681
7267 0.428591
7268 0.538068
7269 0.44476099999999996
7272 0.00125388
7273 0.015046
7277 0.604124
7278 0.11614000000000001
7281 0.259689
7282 0.0348125
7286 0.00474983
7287 0.19709300000000002
7288 0.00043367199999999996
7290 0.0222589
7291 1.77916e-06
7293 0.400023
7301 0.27712800000000004
7303 0.437903
7304 0.033355
7306 0.356175
7307 0.0281691
7309 0.0008697310000000001
7310 0.403513
7312 0.0313156
7313 0.42867799999999995
7315 0.0182553
7316 0.899007
7317 0.389525
7319 0.104466
7320 0.271109
7321 0.014741200000000001
7324 0.33455300000000004
7326 1.1484400000000001e-05
7328 0.744676
7331 0.00023359299999999998
7332 0.109792
7333 0.365429
7335 0.041645
7337 0.18118599999999999
7338 0.363738
7339 0.00773647
7340 1.55257e-05
7341 0.0395369
7342 0.45115200000000005
7345 0.092705
7347 0.30738899999999997
7348 0.00153001
7349 0.10335
7352 0.357545
7353 0.0313598
7354 0.029618799999999997
7355 0.345789
7357 0.085596
7358 0.0853445
7360 0.303294
7362 0.00407913
7364 0.0334335
7366 0.093422
7367 0.0124852
7368 0.0523548
7371 0.2278
7377 0.0437439
7378 0.527401
7379 0.655591
7380 0.155086
7382 0.052171800000000004
7384 0.11760699999999999
7386 0.0332402
7387 0.000212074
7391 0.12646500000000002
7392 0.43110299999999996
7393 0.0224582
7395 0.634254
7397 0.00383653
7399 0.00411818
7400 0.0835825
7401 0.00111663
7402 0.00170166
7403 0.000147522
7404 0.438646
7405 0.0684811
7406 0.247049
7407 0.11531
7409 0.000445498
7412 0.37800700000000004
7415 0.110832
7418 0.00048592800000000005
7420 0.716605
7423 0.000598562
7426 1.18891e-10
7428 0.423705
7429 0.00185487
7430 0.013012899999999999
7434 0.0571764
7440 0.00172519
7441 2.66308e-07
7442 0.032324700000000005
7444 0.511548
7447 0.12326300000000001
7450 0.127658
7452 0.147227
7453 0.029381900000000002
7455 0.00491387
7456 0.155856
7459 0.0776544
7462 0.000548158
7463 0.00221954
7464 0.0349548
7469 0.962874
7471 0.36386
7472 0.0927665
7473 0.00064034
7476 0.27824299999999996
7478 0.049488800000000006
7485 0.0661707
7487 0.000243327
7488 0.121584
7492 0.00492777
7494 0.12052
7495 0.0737563
7496 0.830743
7499 0.00032403900000000003
7500 0.417717
7501 0.13992000000000002
7502 0.000685407
7504 0.00012210700000000002
7505 2.67564e-05
7507 0.0535649
7508 0.560291
7509 0.42258599999999996
7510 0.126849
7512 0.0229554
7514 0.607392
7515 0.00702711
7516 0.0411587
7518 0.0621033
7520 0.00342828
7522 0.666212
7529 0.0580236
7531 0.39149
7532 0.201478
7534 0.00119476
7539 8.67483e-07
7541 0.136904
7542 0.000562417
7545 0.000821335
7548 0.25766500000000003
7549 0.001343
7550 0.0506035
7552 0.0534779
7553 0.123225
7554 0.45773400000000003
7556 0.0008222660000000001
7557 0.0664411
7560 0.06175169999999999
7561 0.09422260000000002
7562 0.0597049
7564 0.09697769999999999
7567 0.41811899999999996
7569 0.12523900000000002
7573 0.227021
7574 0.000605808
7577 0.379062
7580 0.035423
7581 0.0148048
7582 0.568495
7583 0.019396599999999996
7584 0.816854
7587 0.00343836
7588 0.00544653
7589 0.043872900000000006
7591 0.01192
7593 0.026379900000000005
7595 0.5061399999999999
7596 0.05795840000000001
7597 0.217329
7598 0.40763499999999997
7599 0.00903234
7602 0.00381907
7604 0.176217
7607 0.031289599999999994
7608 0.0357885
7609 0.385336
7610 0.305023
7613 0.0310547
7616 0.291613
7617 0.0106895
7620 0.45098999999999995
7623 0.45024200000000003
7625 0.42913900000000005
7627 0.214575
7628 0.792714
7630 3.9204899999999996e-13
7632 0.0952698
7634 0.470074
7635 0.00966594
7636 0.432306
7638 0.00028445
7641 0.00239947
7643 1.12822e-06
7644 0.00230995
7645 0.0579739
7646 0.19000999999999998
7648 0.30436399999999997
7651 0.0782593
7652 0.5281359999999999
7658 0.15798900000000002
7659 0.0197582
7660 0.276055
7661 2.20481e-05
7665 0.0227103
7669 0.931738
7674 0.130955
7676 0.180095
7681 0.000327731
7684 0.08380119999999999
7686 0.0144583
7689 0.243815
7690 0.13963599999999998
7693 0.00839524
7695 0.243682
7698 0.000136222
7700 0.0791234
7701 0.0028545000000000003
7703 0.0813706
7706 0.390784
7707 0.0502277
7708 0.00161466
7710 0.197485
7711 0.344035
7714 0.11113900000000002
7716 0.015619799999999998
7717 0.000129033
7719 0.39625
7722 0.0624225
7725 0.208504
7726 0.022205900000000004
7728 0.46801000000000004
7730 0.219685
7733 0.00209543
7734 0.00208618
7737 0.07054930000000001
7738 0.06891599999999999
7739 0.36047399999999996
7741 0.0206803
7744 0.00622011
7747 0.040614300000000006
7750 0.406989
7752 0.376334
7755 0.47922200000000004
7756 0.09706210000000001
7757 0.000311366
7759 0.494408
7761 0.00119456
7764 0.00257656
7766 0.381497
7769 0.463546
7770 0.481231
7771 0.000615875
7774 0.0314091
7778 0.530081
7780 0.38749
7782 0.693809
7783 0.019840599999999996
7784 0.047738699999999995
7785 0.20307
7787 0.00510042
7788 0.044657999999999996
7789 0.13825199999999999
7792 0.12104100000000001
7794 0.00742327
7796 0.22896599999999998
7797 0.0716772
7800 0.0326135
7801 0.330934
7802 0.00918991
7804 0.056656899999999996
7805 0.174992
7806 0.210015
7807 0.0321966
7808 0.21829400000000002
7811 0.363263
7816 0.0551097
7817 0.847756
7818 0.0979411
7822 0.336381
7823 0.00011063200000000001
7825 0.0682554
7827 0.000349097
7828 0.00483417
7829 0.00580803
7830 0.47290699999999997
7832 0.00505693
7835 0.00011818
7837 0.0288577
7839 0.09416580000000001
7842 0.00465509
7844 0.00231398
7846 0.944443
7848 0.209277
7849 0.017818599999999997
7850 0.042587400000000004
7851 0.10426500000000001
7852 0.00864955
7858 0.210777
7860 0.06815039999999999
7861 0.0342296
7862 0.20205399999999998
7866 0.0504265
7867 0.00011941700000000001
7870 0.260247
7871 0.59387
7874 0.314129
7875 0.000713851
7879 0.0265998
7880 0.00247219
7881 0.00331104
7882 0.00079598
7887 0.45228999999999997
7888 0.23147399999999999
7891 0.682797
7892 0.460089
7893 0.41249399999999997
7894 0.00136114
7895 0.8399270000000001
7896 0.241223
7903 0.41588500000000006
7904 0.47789
7906 0.000853519
7907 0.322493
7912 0.0724596
7913 0.325626
7917 0.537283
7918 0.187972
7922 0.11251300000000002
7927 0.00665059
7929 0.391748
7930 0.150062
7934 2.85278e-08
7936 0.000922359
7937 0.0019471
7938 0.0102229
7941 0.421588
7942 0.465541
7944 0.185028
7945 0.000575612
7948 0.0151369
7949 0.034369800000000006
7951 0.101099
7952 0.303626
7955 0.691467
7957 0.389438
7960 0.0019076
7961 0.17076
7962 0.423809
7965 0.334617
7966 0.548754
7967 0.0684923
7969 0.422774
7972 0.313227
7973 0.00621797
7975 0.0190551
7977 0.6855640000000001
7978 0.33202800000000005
7981 0.5784
7982 0.0505725
7983 0.0754031
7985 0.43662
7986 0.6361060000000001
7988 0.49412
7989 0.0377548
7990 0.09001
7992 0.0246319
7993 0.0173856
7994 0.480637
7995 0.00720159
8000 0.107628
8003 0.07235760000000001
8006 0.11274
8007 0.000753065
8010 0.261399
8011 6.53007e-05
8013 0.44673
8014 0.33669699999999997
8015 0.000324195
8016 0.029505
8018 0.240079
8020 0.023708700000000003
8021 0.0662773
8022 0.58938
8025 0.0755802
8027 0.42283999999999994
8028 0.06454119999999999
8030 0.00109215
8034 0.06664500000000001
8035 0.266887
8038 0.42384399999999994
8039 0.0681293
8041 0.5746829999999999
8045 0.10899500000000001
8046 0.104413
8047 0.0180326
8050 0.00643087
8052 0.014744499999999999
8054 0.00753132
8055 0.00111757
8056 0.20092000000000002
8058 0.474484
8059 0.406901
8065 0.16885899999999998
8066 0.10478299999999999
8070 0.436175
8071 0.14686400000000002
8073 0.21673299999999998
8074 0.187353
8077 0.526578
8078 0.101722
8080 0.300702
8081 0.235832
8088 0.051984800000000005
8089 0.012503499999999999
8090 0.013598599999999999
8092 0.012774200000000001
8094 0.435076
8097 0.00751546
8099 0.0107791
8102 0.4537
8104 0.30357199999999995
8109 0.363206
8110 0.07621939999999999
8111 0.42187399999999997
8113 4.655310000000001e-05
8114 0.15523499999999998
8118 0.00622257
8119 0.00585652
8120 0.538506
8123 0.0897852
8124 0.379859
8126 0.43481400000000003
8128 0.12374
8129 0.0507505
8131 0.264493
8133 0.0412547
8134 1.13774e-05
8135 0.0123257
8136 0.0208451
8143 0.0238546
8145 0.12265899999999999
8146 0.542937
8147 0.310845
8148 4.80262e-09
8149 0.000515085
8152 0.269746
8153 0.200599
8154 0.00626276
8155 0.00475329
8156 0.000452263
8157 0.442591
8158 0.0151226
8161 0.0160402
8162 0.031568900000000004
8165 0.039819400000000005
8167 0.148395
8170 0.220291
8172 0.177572
8176 0.0157972
8178 0.412366
8179 0.0008435989999999999
8181 0.00042856800000000005
8182 0.215984
8183 0.332041
8184 0.00250238
8185 7.327869999999999e-06
8187 0.00211153
8192 0.332995
8193 0.000701647
8194 0.00774096
8195 0.23721599999999998
8196 0.32224200000000003
8198 0.0106361
8201 0.0408394
8205 0.45074899999999996
8206 0.000263007
8207 0.6373
8210 0.008981399999999999
8212 0.0606835
8214 0.00020966599999999998
8215 0.329086
8217 0.261387
8219 0.385832
8221 0.015307299999999998
8227 0.373965
8228 0.0193375
8230 0.0188247
8231 0.03592290000000001
8233 0.21544499999999997
8234 0.0007908910000000001
8237 0.102259
8238 0.0333489
8239 0.309648
8240 0.0009978769999999999
8242 0.169547
8243 7.49695e-06
8245 0.275487
8246 0.052822100000000004
8247 0.015247700000000001
8249 0.552343
8255 0.183248
8256 0.352106
8257 0.0505325
8259 0.204741
8264 0.0850061
8265 0.848093
8266 0.0297061
8267 0.0163363
8270 0.01183
8271 0.179755
8273 0.116159
8274 2.6695500000000002e-05
8276 0.544775
8277 0.0845926
8278 0.0044919
8283 0.0055184
8286 0.153222
8287 0.14487
8288 0.10644
8289 0.0257548
8290 0.00978523
8291 0.00448311
8298 0.134434
8303 0.506641
8304 0.08549730000000001
8305 0.00112094
8308 0.0192632
8309 0.399917
8314 0.444223
8321 0.5017
8324 0.07942389999999999
8325 0.482781
8328 0.00559585
8330 0.168613
8331 0.0038122
8333 8.00851e-05
8334 0.0170201
8337 0.145527
8339 0.035293599999999994
8340 0.00341966
8343 0.00135147
8344 0.117943
8347 0.136357
8348 1.79398e-11
8350 0.145742
8352 0.047309699999999996
8353 0.0038415
8354 0.429036
8356 0.0397689
8357 0.10582000000000001
8358 0.00471695
8361 1.27014e-06
8362 0.376808
8363 0.5058560000000001
8366 0.08061010000000002
8367 0.207029
8369 0.016421099999999998
8371 0.000250406
8373 0.0204565
8375 0.164118
8377 0.423267
8378 0.0046585
8379 0.0694055
8380 0.052028
8382 0.07404889999999999
8383 0.260705
8389 0.0112537
8392 0.148227
8393 0.000392109
8394 0.000233715
8395 0.00200665
8396 0.386673
8399 0.367429
8400 0.6235430000000001
8401 0.12216099999999999
8402 0.54987
8404 0.0639181
8405 7.67245e-05
8406 0.28647
8407 0.181853
8408 0.010881299999999998
8411 0.780483
8412 0.09937760000000001
8414 0.056376199999999994
8417 0.117899
8418 0.402455
8419 0.012628499999999999
8420 0.00945067
8421 0.00119505
8428 3.95405e-05
8431 0.0091398
8432 0.008586
8435 0.00411566
8436 0.348335
8439 0.597945
8440 0.257974
8441 0.156914
8446 0.554212
8447 0.00178924
8448 0.161268
8451 0.211667
8455 0.11367200000000001
8457 8.734139999999999e-05
8458 0.44004899999999997
8459 0.145031
8460 0.47598900000000005
8463 0.403891
8464 0.100377
8469 0.7685270000000001
8471 0.043846300000000005
8473 0.00033036400000000004
8474 0.439561
8476 0.11445599999999999
8479 0.0135374
8480 0.47952
8481 0.103657
8486 0.0551096
8487 0.74135
8488 0.106848
8489 0.0236759
8490 0.00272994
8491 0.450901
8493 0.0179909
8496 0.23753600000000002
8497 0.000554912
8500 0.021080599999999998
8501 0.167493
8504 0.021209799999999997
8505 0.283308
8507 0.00603966
8508 2.9089799999999993e-10
8510 0.29836799999999997
8511 0.00127448
8515 0.0403974
8516 0.0115621
8520 0.116868
8525 0.013093500000000001
8527 0.168045
8528 0.167363
8531 0.0193476
8532 0.0222233
8537 0.202638
8538 0.657666
8539 1.0315799999999999e-05
8540 0.0182821
8543 0.237078
8544 0.324577
8545 0.00250856
8546 0.09703010000000001
8547 6.19594e-05
8548 0.100233
8551 0.11889100000000001
8552 0.10483599999999998
8554 0.029612400000000004
8555 0.168685
8560 0.0193453
8561 5.8638100000000004e-05
8563 0.15879300000000002
8565 0.002326
8566 0.42113100000000003
8567 0.6599010000000001
8569 0.38855300000000004
8570 0.00022657599999999998
8571 0.0209252
8574 0.32816999999999996
8575 3.53137e-05
8577 0.231683
8578 0.155754
8579 0.114721
8580 0.0326182
8583 0.390153
8589 0.000782467
8590 0.032066700000000004
8591 0.00270029
8593 0.332947
8594 0.0148882
8597 0.06607360000000001
8598 0.0546274
8599 0.0207844
8600 0.182525
8603 0.029727499999999997
8605 0.512642
8609 0.00127217
8611 0.190685
8613 0.36795
8614 0.00775177
8616 0.544416
8619 0.0250601
8622 0.00187138
8623 0.0512697
8625 0.05527290000000001
8626 0.00458258
8627 0.06939450000000001
8629 0.911007
8630 0.0157991
8631 0.000197867
8632 0.00579413
8634 0.265839
8637 0.08521319999999999
8640 0.00324386
8641 0.505213
8642 0.198028
8643 0.000906198
8646 0.120439
8648 0.362798
8649 0.00134782
8650 0.054257799999999995
8651 0.0309139
8652 0.609083
8656 2.34835e-05
8657 0.0345631
8658 0.104122
8659 0.00101154
8660 0.000958972
8661 0.135599
8662 2.91385e-11
8664 0.601258
8666 0.783307
8668 0.0758053
8669 0.476872
8671 0.0184034
8672 0.010323299999999999
8673 0.034899599999999996
8674 0.00101052
8675 0.00666873
8677 0.00848166
8678 0.221577
8679 0.0112518
8681 0.370184
8682 0.24434
8684 0.012065000000000001
8685 0.00965592
8686 0.0468527
8689 0.0290622
8693 0.00199055
8694 0.25736
8696 0.012681200000000002
8697 0.013497799999999997
8700 0.445797
8703 1.15389e-06
8704 0.015556899999999999
8705 0.0317534
8707 0.26651199999999997
8708 0.520977
8711 0.146306
8712 0.00852194
8714 8.14521e-05
8715 0.0202272
8719 0.345835
8721 0.360548
8724 0.0278293
8726 0.20955100000000002
8729 0.0397617
8734 0.157818
8735 0.011672100000000001
8736 0.0235183
8737 2.83029e-05
8740 0.6588109999999999
8743 0.0503051
8745 0.25998699999999997
8746 0.126606
8751 0.313614
8754 0.00367466
8758 0.23433299999999999
8761 0.28629499999999997
8762 0.391987
8763 0.00044405400000000004
8765 0.119279
8767 0.000107625
8774 0.366179
8777 0.000825872
8778 0.264516
8779 0.00638815
8780 0.390127
8781 0.000706008
8782 0.035824400000000006
8785 0.0450584
8786 0.43449799999999994
8787 1.97935e-06
8788 0.0671571
8789 0.00222509
8791 0.022532299999999998
8792 0.00140684
8795 0.282538
8797 0.144117
8798 0.0910628
8800 0.0121006
8802 0.3009
8803 0.0075084
8804 0.415645
8807 0.5337029999999999
8808 0.494514
8812 0.436076
8816 0.402923
8818 0.697633
8820 0.355279
8821 0.0168592
8824 0.0333058
8825 0.000812546
8827 0.06503049999999999
8828 0.194944
8829 0.00464874
8830 0.00101271
8832 0.00773317
8834 0.330049
8839 0.174477
8842 0.304531
8844 0.369228
8845 0.0647249
8846 3.22511e-05
8850 0.00426162
8851 0.015904599999999998
8852 0.0161666
8853 0.0431856
8855 0.00212558
8857 0.529184
8860 0.00157813
8861 0.0221094
8863 0.269121
8864 0.342549
8866 0.14693399999999998
8868 0.34266199999999997
8869 0.0533151
8870 1.0607100000000001e-07
8875 0.023851400000000002
8877 0.0715163
8881 0.000552893
8882 0.19458499999999998
8887 0.00733881
8889 0.11103800000000001
8893 0.052186800000000005
8894 0.806782
8895 0.13763599999999998
8896 0.00380397
8897 0.287161
8898 0.0126151
8899 0.34286700000000003
8901 0.10657
8902 0.6906720000000001
8903 0.027035700000000003
8904 0.177785
8906 0.021956
8907 0.31
8908 0.0203178
8910 0.09012519999999999
8912 0.010014200000000001
8915 0.13744800000000001
8916 0.395387
8918 0.571024
8922 0.022168900000000002
8924 8.405600000000001e-05
8925 0.000201825
8928 0.51471
8934 1.7942599999999999e-12
8935 1.3513299999999999e-06
8937 6.50904e-05
8938 0.0073815
8941 0.211279
8945 0.421104
8946 0.524748
8947 0.0174017
8949 0.00584763
8950 0.000132072
8952 0.209076
8954 0.168291
8956 9.85361e-11
8957 0.256369
8959 0.00352224
8963 0.5058020000000001
8964 0.0371668
8972 1.01498e-05
8974 0.9477639999999999
8977 0.00283937
8981 1.30206e-07
8984 0.00452096
8986 0.059600099999999996
8990 0.720056
8991 0.0294862
8992 0.00596974
8993 0.593929
8994 0.132461
8996 0.36833699999999997
8998 0.041736300000000004
9001 0.0300106
9003 0.534959
9008 0.0105741
9009 0.00725069
9010 0.0007300710000000001
9011 0.296608
9012 0.00524491
9013 0.027823700000000003
9014 0.0635918
9017 0.30491799999999997
9021 0.116974
9023 0.0118494
9025 0.084007
9026 0.0499133
9028 0.014719899999999998
9030 0.10464100000000001
9031 0.015237
9033 0.09770910000000001
9038 0.00637397
9040 0.375133
9041 0.016497400000000002
9043 0.275972
9044 0.0575118
9046 0.44957700000000006
9047 0.017265799999999998
9050 0.012925200000000001
9052 0.00908576
9054 0.0442701
9055 0.43018
9056 0.00153589
9057 4.44328e-05
9061 0.000723059
9062 0.155498
9065 0.0425026
9067 0.379304
9069 0.0118449
9070 0.00732146
9071 0.00219693
9074 0.262762
9075 0.488221
9076 0.230354
9077 0.38636
9081 0.0208381
9082 0.083076
9083 0.0797441
9084 0.0748814
9088 0.00924255
9090 0.00161226
9092 0.0354156
9093 0.000132164
9095 0.00495939
9096 0.00895827
9097 0.0201027
9101 0.39968200000000004
9102 0.539425
9103 0.022813999999999997
9104 0.405956
9107 0.000620996
9109 0.0158277
9110 0.490864
9111 0.0744489
9115 0.361551
9118 0.17195
9119 0.021670099999999998
9120 0.00468096
9122 0.13398800000000002
9124 0.320745
9125 0.294856
9127 0.5665979999999999
9130 0.402045
9132 0.186254
9134 0.00343059
9135 0.00270926
9137 0.0399341
9139 0.0924173
9140 0.0972003
9142 0.00845843
9143 0.33277199999999996
9145 0.00503553
9146 0.000174882
9149 0.024008900000000003
9152 0.383218
9154 0.00477164
9156 0.00467184
9158 4.5585200000000005e-09
9164 0.25419400000000003
9165 0.00333468
9167 5.56488e-05
9169 0.0252208
9170 0.14055499999999999
9171 0.46902299999999997
9172 0.0777207
9176 0.17332999999999998
9182 0.00333539
9183 4.3152400000000003e-08
9188 0.0397003
9190 0.0017416
9198 0.00038506699999999995
9199 0.00562607
9201 0.0877936
9203 0.0265172
9204 0.047131599999999996
9206 0.0193237
9207 0.428725
9210 0.0324752
9211 6.41802e-06
9216 0.00171865
9217 1.94042e-05
9219 0.419645
9220 0.06056419999999999
9222 0.128077
9223 0.022256400000000003
9225 0.147754
9226 0.000308425
9228 0.351096
9229 0.24108000000000002
9231 0.354744
9232 0.162106
9233 0.020784900000000002
9234 7.77131e-05
9235 0.0774252
9237 0.115953
9240 0.437097
9241 0.155184
9243 0.00127341
9248 0.495741
9253 0.41408999999999996
9256 4.71331e-08
9257 0.00429988
9258 0.131356
9260 0.0114222
9261 0.145636
9262 0.0337742
9263 0.012925999999999998
9264 0.0251008
9265 0.160023
9266 0.0142434
9267 0.14613099999999998
9274 0.36976
9275 0.00512401
9276 0.24563600000000002
9277 0.027169299999999997
9280 0.11710699999999999
9284 0.45408000000000004
9292 0.09148300000000001
9293 0.324484
9294 0.600264
9297 0.22928800000000002
9298 0.08896649999999999
9300 0.428133
9301 0.021268000000000002
9302 0.021247099999999998
9304 0.137489
9305 0.00101433
9310 0.0218467
9311 0.148288
9313 0.000538691
9314 0.605537
9317 0.129885
9319 0.00037482
9320 0.45030600000000004
9321 0.00495306
9322 0.14765
9328 0.359955
9329 0.011409
9332 0.46646899999999997
9335 0.0135917
9338 0.00677575
9340 0.034682
9341 0.00500416
9344 0.490796
9345 0.44247700000000006
9346 0.000124036
9352 0.027838400000000003
9353 0.123675
9355 0.000652543
9356 0.015092600000000001
9357 0.000834825
9360 0.00370113
9361 0.14264100000000002
9363 0.582805
9364 0.688936
9366 8.989579999999999e-07
9367 0.0151828
9369 0.355951
9370 0.129183
9372 0.013027
9376 0.10968900000000001
9379 0.030180400000000003
9380 0.26976
9381 0.00140319
9383 0.00263026
9384 0.0623446
9385 0.0220853
9387 0.335681
9390 9.900950000000001e-09
9391 0.49126000000000003
9395 3.63641e-05
9396 0.349461
9397 0.00046357699999999996
9399 0.0224334
9400 0.23838600000000001
9402 0.348827
9403 0.00787699
9404 0.04901180000000001
9415 0.419867
9416 1.66522e-05
9423 0.22316599999999998
9425 0.525392
9426 0.010445399999999999
9427 0.0544158
9428 0.63918
9430 0.00566273
9431 5.6598199999999996e-05
9435 0.0373059
9436 0.394923
9441 0.48321099999999995
9442 5.23922e-05
9444 0.00918356
9447 0.00493833
9449 0.0230642
9450 0.20852800000000002
9451 0.000306046
9452 0.322419
9453 0.00250234
9462 7.81125e-05
9467 0.15678699999999998
9471 0.43090500000000004
9473 0.493428
9474 0.000393169
9475 0.0146018
9478 0.483969
9482 0.260639
9483 1.55047e-07
9485 0.38655700000000004
9486 0.013556499999999999
9487 0.287779
9489 0.12937200000000001
9492 0.00402658
9493 0.184604
9495 0.18371800000000002
9498 0.0602194
9501 0.00602253
9503 0.197473
9505 0.41630600000000006
9506 0.0650867
9509 0.149546
9510 0.026637
9511 0.00379487
9513 0.0263637
9514 0.195054
9521 0.0129459
9522 0.00034668599999999997
9525 0.44363500000000006
9529 0.380977
9530 0.105679
9534 0.18194100000000002
9535 0.455633
9536 0.0006381469999999999
9538 0.11778699999999999
9539 0.34545
9544 0.0008037160000000001
9547 0.452798
9548 0.00563338
9552 0.00236522
9553 0.00135206
9554 0.22295900000000002
9555 0.148952
9556 0.776492
9559 0.22948600000000002
9561 0.05747669999999999
9563 0.11729400000000001
9564 0.158066
9569 0.0272289
9570 0.181604
9572 0.05427919999999999
9574 0.548574
9575 4.8106800000000005e-05
9578 0.382101
9581 0.00100921
9582 0.189398
9583 0.349109
9589 0.0006894160000000001
9590 0.040956099999999995
9592 0.0107551
9593 0.0128759
9594 0.0166523
9595 0.00334544
9599 0.303743
9601 0.266489
9602 2.1121900000000002e-05
9604 0.0310226
9606 0.034828
9607 0.136167
9608 0.00415342
9610 0.716538
9612 0.580246
9616 0.00778428
9622 0.125127
9624 0.00921742
9625 0.0786401
9626 0.18398399999999998
9628 0.324326
9630 0.030192
9631 0.0693301
9632 0.00184574
9633 0.496071
9635 0.196543
9639 0.123892
9640 5.22717e-07
9642 0.00137368
9643 0.0218226
9645 0.00911293
9646 8.74935e-06
9648 0.0155875
9651 0.396215
9652 2.8154200000000002e-05
9653 0.318112
9657 0.27161199999999996
9660 0.268886
9661 0.344146
9662 0.00105885
9663 0.00737021
9665 0.186854
9669 0.00015665200000000002
9672 0.0315343
9673 0.0373439
9674 0.026355299999999998
9675 0.015535399999999998
9677 0.0804773
9680 0.015168899999999999
9682 0.00205845
9683 0.08442460000000002
9688 0.0189625
9689 0.07546010000000002
9690 0.00588631
9694 0.198906
9696 0.399459
9697 0.447143
9701 0.0789357
9704 0.370379
9705 0.0232107
9708 0.270278
9714 0.364179
9715 0.413475
9716 4.2141e-11
9720 2.6925400000000003e-08
9722 0.349277
9723 0.00630582
9725 0.140165
9727 0.042944
9728 0.329337
9730 0.525767
9731 2.6274e-08
9736 0.9197139999999999
9739 0.530342
9740 0.000419844
9741 0.338266
9742 0.11208900000000001
9744 0.328152
9750 0.29857399999999995
9751 0.00892396
9752 0.00867731
9753 0.00241256
9757 0.0042717
9759 2.75021e-05
9760 0.00458519
9765 0.000245025
9766 0.504777
9768 0.354664
9769 0.166437
9770 0.0277546
9771 0.062107100000000005
9775 4.34529e-07
9777 0.052520000000000004
9779 0.0915178
9782 0.319151
9783 0.30039
9784 0.0471689
9786 0.086778
9787 0.000247453
9788 0.0007503680000000001
9791 0.0450028
9793 0.0418152
9795 0.000237605
9798 0.262083
9799 0.0306259
9802 0.348082
9803 0.45580299999999996
9804 0.0858576
9806 0.24042199999999997
9811 0.08835230000000001
9812 0.371737
9814 0.000202537
9815 0.00383597
9817 0.0528533
9818 0.022963499999999998
9820 0.00088295
9821 0.0008580069999999999
9824 0.23198000000000002
9826 1.83124e-07
9827 0.00100622
9829 0.12753
9835 0.050977
9837 0.00374168
9838 0.0765795
9840 0.00033445699999999997
9843 0.34675900000000004
9844 0.0816215
9846 0.0772013
9847 0.28121799999999997
9849 0.038385199999999994
9850 0.0763554
9853 0.23221
9854 0.0578499
9856 0.329027
9857 0.305101
9861 0.00427143
9864 0.0250239
9866 0.00609083
9871 0.336635
9873 0.00295513
9875 0.0151678
9876 1.25859e-05
9883 0.0264486
9885 0.44252700000000006
9888 0.0060933
9889 0.0591545
9890 0.037617000000000005
9891 0.0128422
9892 0.919444
9893 0.027444599999999996
9895 0.11586800000000001
9899 0.0126215
9901 0.43814899999999996
9903 0.40373000000000003
9906 4.66955e-05
9907 0.00184926
9909 0.00201976
9910 0.22418400000000002
9912 0.00740255
9914 0.0520523
9915 0.453125
9916 0.0431291
9919 0.0933242
9921 0.0389853
9922 0.00104423
9924 0.09482280000000001
9925 6.377859999999999e-06
9927 0.011424799999999999
9928 0.0418006
9929 0.00110809
9930 0.264592
9931 0.0441916
9933 0.00258832
9934 0.48347399999999996
9936 0.0368211
9937 0.364413
9941 0.45698599999999995
9943 0.032979400000000006
9948 0.420896
9951 0.149923
9952 0.00222148
9953 0.000497734
9956 4.57107e-06
9957 0.493418
9960 0.0825446
9962 0.39067399999999997
9963 0.124052
