1 0.00013426
2 0.00037891199999999997
3 0.740387
4 0.00484967
6 0.051966899999999996
8 0.0163389
10 0.00349422
11 0.00103269
13 0.00282832
14 0.000576241
15 9.588989999999998e-06
18 5.92767e-05
22 2.5154299999999997e-05
25 0.00210788
27 0.000252313
28 2.92103e-05
29 0.000469366
31 3.3007400000000003e-06
37 0.000116132
38 2.01023e-09
40 2.81823e-09
43 0.0039391
45 0.000597164
49 0.06969489999999999
53 0.00163274
54 1.6391e-06
55 6.9201e-05
56 0.00352702
57 3.05639e-14
58 0.00305816
59 0.00553872
62 0.00042219199999999994
67 7.01496e-09
68 1.70452e-12
69 1.48674e-05
70 0.47629399999999994
71 3.60806e-08
74 0.00018832900000000002
75 0.00323257
76 2.38579e-05
79 4.09245e-05
80 0.000362116
82 1.1953299999999998e-06
84 0.00501099
85 0.00714939
86 0.00111589
87 0.00477823
88 0.00368027
90 0.0110647
92 0.00033525300000000004
94 9.913960000000001e-06
96 0.00025052900000000004
97 0.00399271
98 0.00309056
100 3.4072800000000004e-05
103 0.0006322130000000001
105 5.81345e-06
106 9.10134e-11
108 0.00208073
111 0.0008400739999999999
114 0.0053895
115 4.54653e-06
116 0.9680770000000001
119 0.00021988700000000002
124 0.0798183
126 0.016161500000000002
127 0.00129917
128 0.000538585
135 0.00105214
136 0.46745200000000003
137 0.0959949
139 3.10214e-09
144 0.0121523
145 0.000858837
148 2.7078199999999997e-16
149 0.99977
151 0.00783721
152 1.11957e-06
155 6.1065e-05
157 0.049258300000000005
160 0.0188711
166 0.000922605
167 7.865840000000001e-09
168 0.00135318
172 2.71863e-07
175 1.91196e-05
176 0.000504685
178 0.00080076
179 4.3881800000000004e-05
181 0.018251
182 0.00153298
183 3.71838e-05
185 0.0127936
186 0.00283339
188 2.54738e-08
191 0.044648900000000005
195 2.24398e-05
196 0.0090091
197 5.54749e-06
199 3.03841e-10
201 3.278819999999999e-08
202 0.00136677
204 0.00508684
205 0.00689748
206 0.00902652
212 0.00845832
213 0.010128
216 6.827890000000001e-10
217 0.0701652
223 0.00019924599999999998
226 0.169348
227 0.000228851
230 8.71452e-07
231 0.00011747
234 0.705979
237 0.00433398
238 0.00751576
239 2.28112e-08
240 2.75084e-06
243 3.19707e-11
247 0.049763800000000004
248 0.00435737
252 4.14412e-05
253 1.90609e-06
254 0.0008130860000000001
255 3.43365e-07
258 0.019707699999999998
260 3.678e-08
261 1.8022200000000002e-08
264 0.000756935
265 0.000566077
267 0.000193218
271 0.00556608
272 0.025044
273 0.00784028
274 6.28229e-09
277 0.0314054
279 0.000879592
280 0.00456796
281 0.00034636800000000006
283 4.77857e-11
284 6.2294399999999994e-06
286 0.0019592
287 0.000672506
290 0.00019780900000000002
291 0.00288275
292 0.000174382
293 0.000107502
295 0.572286
297 0.0668405
299 0.00442801
300 0.00170242
301 0.00035644199999999995
309 1.3175499999999999e-09
310 0.00704688
313 0.00027686700000000003
314 0.0767651
315 0.000151383
316 1.00732e-05
319 0.00219374
324 0.000223505
326 0.00048053300000000006
327 0.00652497
330 0.0158953
333 1.4197799999999998e-06
335 0.0112488
339 0.00368427
341 2.6561300000000003e-05
342 0.000933705
345 0.00022983599999999997
346 0.00419973
348 1.5320300000000001e-09
350 1.87293e-08
351 1.6033800000000002e-05
353 3.9722400000000005e-08
356 0.000639314
357 8.87962e-06
358 8.94422e-07
360 4.12894e-05
361 0.000261059
362 4.4331899999999995e-05
364 3.44547e-12
365 0.00280909
366 0.0128457
368 0.00343358
369 0.012309100000000002
371 0.00478856
375 0.000192101
376 0.0115665
377 0.0407417
378 4.20977e-05
383 2.3039800000000002e-08
384 0.0114117
385 0.013478299999999999
386 0.00397386
388 0.00034041199999999995
389 0.328408
390 7.42376e-05
392 0.000279435
393 0.00164281
397 0.0200337
398 0.00168175
399 2.9576e-05
401 0.00502425
402 0.00267304
405 0.00746474
409 0.00020936200000000002
410 0.000108049
412 0.000424402
413 0.000686156
414 0.000502347
415 1.14804e-05
418 0.000155806
421 0.011677799999999999
422 0.000204141
423 0.00207372
425 2.63879e-05
426 0.013906899999999998
429 0.062022100000000004
432 0.00126697
434 0.00228496
436 1.53468e-05
437 7.73324e-06
440 1.24926e-05
441 3.833019999999999e-06
442 8.33188e-07
444 8.010310000000001e-06
445 0.000299663
447 0.00462361
449 5.52347e-05
451 2.7146e-05
452 0.0760659
453 2.3075999999999997e-06
455 0.00247878
456 0.000545746
457 0.00674852
458 0.000464247
465 6.6534000000000005e-06
466 0.00046125699999999996
467 7.251350000000001e-09
471 0.000649656
472 1.7378400000000002e-14
473 0.00208437
475 8.62188e-06
478 0.000175615
479 0.0332982
481 0.00502673
485 0.000163548
487 0.11075
488 9.77578e-07
490 0.013455100000000001
493 0.00289495
495 0.0483894
497 7.89939e-09
502 0.0007889139999999999
504 0.00035387
505 3.44935e-05
506 0.000388964
507 5.38274e-05
510 0.20382
511 0.00019967400000000003
512 2.37019e-06
517 0.00578627
521 3.93215e-06
527 1.7944400000000004e-10
529 0.00117888
532 1.3300200000000002e-07
533 0.00726389
534 0.00643184
536 1.28237e-08
538 1.93847e-05
539 0.0113121
542 3.2571100000000004e-05
546 0.00041637099999999996
547 0.195202
548 1.36218e-05
551 0.040128199999999996
553 4.1619199999999995e-08
556 1.98068e-05
557 3.17985e-05
558 0.00479478
560 0.00144326
561 1.94332e-09
562 1.95832e-08
566 0.00147127
567 1.9779099999999997e-08
568 1.17772e-07
569 1.03111e-09
570 1.80624e-07
571 0.00424135
572 7.74533e-07
573 0.498846
574 2.23975e-05
575 0.9218860000000001
576 4.4674e-05
578 0.00172348
580 3.74714e-05
584 0.000118485
585 1.52006e-06
586 0.000391881
587 0.009453
593 7.81301e-07
594 5.74731e-06
595 0.0268073
596 0.00057308
600 0.03665209999999999
602 0.000424273
603 0.0183815
604 0.00044676599999999997
606 0.00233203
607 5.91439e-06
611 0.00129097
614 4.44442e-09
615 0.00315139
616 0.00221048
617 0.027734500000000002
618 0.000651313
621 0.00866968
623 0.00103613
624 3.5194e-06
627 0.00011512600000000001
629 0.000500955
630 8.88087e-09
631 0.030716300000000002
634 0.000126487
636 1.6191300000000002e-05
638 2.26684e-05
639 0.06625410000000001
640 1.6398599999999997e-07
641 0.000429599
642 0.00895814
643 0.000546668
644 1.1243599999999999e-05
646 5.71033e-06
649 0.00614452
650 0.9682379999999999
651 0.00946391
652 0.00390363
655 1.9477900000000003e-07
658 0.0189962
659 0.000611433
662 8.84863e-06
664 0.00131092
665 6.34032e-12
666 0.000199245
668 6.07768e-08
669 0.563145
670 0.0006768789999999999
673 0.014994899999999999
674 0.00962454
678 3.7431099999999996e-06
679 4.04116e-05
681 0.000191142
683 0.000351345
687 2.16453e-06
691 0.000356927
692 0.00398692
693 4.6603599999999995e-05
696 7.02967e-07
697 1.6268399999999998e-05
698 0.309429
701 0.011256100000000002
703 0.000558599
704 0.00614301
706 7.68298e-06
708 0.38147600000000004
715 2.18571e-05
716 0.00395207
718 0.00782113
719 4.51983e-06
721 0.000127658
722 5.29253e-05
723 5.590980000000001e-06
724 7.71199e-06
725 0.00643424
727 4.1119e-05
732 8.66724e-05
734 4.8730299999999997e-05
735 1.2548699999999999e-05
736 5.80857e-07
737 0.06689339999999999
741 1.20237e-07
743 0.00138547
744 0.013310599999999999
745 0.0159238
747 1.8493099999999998e-07
749 0.00531177
751 0.0144816
757 1.81512e-06
758 1.34251e-05
759 2.1093899999999998e-05
762 0.012151700000000001
765 0.022000400000000003
766 0.00406104
769 0.00191912
773 0.00012346200000000002
775 1.9671299999999997e-06
778 0.00011629799999999999
779 5.149339999999999e-06
781 0.000217835
783 0.00181569
784 0.0005541330000000001
785 0.00369342
788 0.999749
789 6.37363e-07
790 0.0184526
792 0.0005728209999999999
795 0.000264541
798 5.89842e-07
801 2.49637e-07
803 0.00552482
807 0.00153475
809 1.33349e-06
811 2.03484e-08
813 0.0008796030000000001
817 0.000419075
819 3.8739200000000003e-05
821 6.41435e-07
824 3.9313e-05
825 2.38366e-07
833 0.00024884099999999997
835 2.47206e-07
836 6.68092e-05
837 0.010053
838 1.83338e-12
839 0.000880991
840 0.00368751
841 0.0320276
844 6.288690000000001e-06
846 1.45546e-05
852 7.053180000000001e-05
853 1.63737e-06
856 0.0244101
858 3.85206e-06
861 0.000156617
864 5.640380000000001e-09
866 0.0006704580000000001
869 0.00504131
870 0.00727813
873 0.000497897
875 0.000655746
877 0.0759614
881 1.7094700000000001e-06
883 0.00067126
884 8.02115e-06
886 0.00214586
890 0.049871
891 1.80634e-05
893 0.00315423
894 3.7995e-05
897 0.0008521710000000001
901 0.0101195
905 0.655866
907 0.0018184999999999998
909 0.028323
910 0.000326112
913 0.00555771
914 0.00221162
916 8.775940000000001e-09
922 0.00124297
924 8.82784e-07
925 2.7694299999999997e-06
927 0.00288164
928 0.00019508
930 3.76425e-09
932 1.51401e-05
933 0.982692
938 0.00525743
939 0.0370223
940 0.000214375
941 0.00328801
942 2.2444e-06
944 0.00957324
945 8.12089e-07
952 0.00221844
953 0.794546
955 0.00441055
956 0.0132347
957 0.00504345
959 0.000522303
960 0.08177589999999998
961 0.0378725
963 7.05431e-05
968 9.030129999999999e-09
969 6.89625e-05
970 0.00047423
974 0.00239893
975 0.0016032
976 0.00142351
978 0.00185103
979 0.00502848
981 0.0007134760000000001
983 0.345362
984 0.000837107
985 1.0493399999999998e-05
986 0.014312799999999999
988 0.00167873
990 0.006519700000000001
992 0.00042662900000000004
994 0.000676066
995 7.468e-05
998 2.83972e-06
1000 0.000518712
1003 1.3152700000000002e-06
1005 7.31422e-06
1006 0.00455243
1007 0.00151702
1013 0.000410334
1016 0.00019344400000000003
1019 9.74395e-07
1020 0.00956265
1021 2.0089700000000002e-05
1022 3.50266e-05
1023 0.0500653
1025 0.00016872599999999998
1026 0.00038339900000000003
1029 0.00036428599999999996
1030 6.48675e-05
1031 5.60293e-06
1032 0.000170402
1033 2.22408e-06
1034 0.000258506
1035 0.00128649
1037 0.0113901
1038 0.00690182
1039 0.00286529
1040 0.00660713
1044 0.0055902999999999994
1046 6.93648e-06
1047 0.0225269
1048 0.00589761
1049 0.000780668
1051 8.68999e-12
1054 0.000249584
1055 0.015548500000000002
1058 0.000864394
1059 0.000122763
1063 0.00119944
1065 0.00164014
1067 0.000245578
1070 0.9997280000000001
1075 0.00323336
1076 0.0558624
1080 0.0005799430000000001
1081 0.0742702
1085 4.3432900000000004e-08
1086 0.0364649
1087 0.0145256
1088 0.00220197
1089 4.45255e-05
1090 0.000304753
1094 0.0006012719999999999
1095 0.00598477
1096 1.03278e-11
1098 1.58635e-07
1099 0.00583417
1100 0.017165299999999998
1103 0.011537
1105 0.0319694
1108 0.0037736999999999996
1111 0.00397225
1114 0.0039434
1115 3.36099e-06
1116 0.0171092
1117 0.0118238
1118 0.00153715
1120 0.00540067
1122 2.5650500000000003e-07
1123 0.129493
1126 3.78431e-12
1128 0.00072795
1131 0.00080668
1132 0.028447900000000005
1133 0.00864576
1134 1.36487e-07
1135 2.22846e-05
1138 0.00545662
1139 0.00239963
1141 0.00234091
1146 8.955350000000001e-05
1150 6.342419999999999e-06
1153 1.21249e-05
1155 1.46272e-05
1157 1.96511e-07
1159 0.0504892
1162 0.109036
1163 0.00931042
1165 0.00296818
1167 0.0007930589999999999
1169 0.00121654
1173 0.0010148
1177 0.0108425
1178 2.72571e-05
1179 0.017565
1180 0.0126817
1181 7.779779999999999e-13
1183 0.0009058089999999999
1188 3.3730100000000004e-05
1189 0.00939694
1190 0.00455897
1193 2.25273e-05
1195 0.00706006
1196 4.34286e-06
1197 0.422357
1198 8.45182e-08
1202 0.00535685
1208 0.00306765
1210 0.00438427
1213 0.146766
1216 0.013274600000000001
1217 0.00467565
1218 1.72901e-07
1219 0.14494500000000002
1220 0.00113882
1222 0.000404768
1223 9.80012e-10
1227 0.00247043
1228 0.00639176
1232 0.0016951
1235 0.00179426
1238 9.50362e-12
1242 0.00201032
1243 0.00294267
1244 0.00213802
1245 3.0052e-05
1246 0.0807553
1249 0.130676
1251 0.00907285
1252 3.58632e-05
1253 0.00341828
1255 0.13634000000000002
1256 0.000857832
1257 0.000188088
1261 0.146782
1262 1.86415e-15
1264 1.4027799999999998e-07
1267 3.3284e-05
1271 0.00416798
1275 1.68928e-05
1276 0.0154732
1278 9.980800000000001e-06
1280 4.03834e-06
1282 0.0030091
1283 4.4091800000000004e-05
1285 6.5119e-06
1291 0.001286
1295 0.061122199999999995
1296 9.30265e-10
1297 0.0005412209999999999
1300 0.006113800000000001
1301 5.51057e-07
1302 0.15823800000000002
1303 0.0111728
1305 0.000408175
1306 2.9410000000000003e-06
1307 3.26101e-05
1308 0.00052414
1313 0.0008948760000000001
1317 0.000579263
1318 4.30732e-05
1319 0.00737671
1320 0.000643926
1321 3.26065e-05
1322 0.00016785299999999998
1328 0.00213682
1329 0.00176461
1331 2.21778e-06
1335 0.000647998
1336 3.9390599999999995e-10
1338 0.000875433
1339 0.013247700000000001
1340 0.019425900000000003
1342 0.00014466200000000002
1344 0.000240332
1347 0.0115925
1349 0.305153
1351 0.00526762
1353 1.06565e-05
1354 0.00719994
1355 0.000424037
1356 5.33771e-07
1357 9.393530000000001e-06
1358 0.000161388
1359 0.000583545
1363 0.00280218
1366 2.9439299999999998e-05
1367 0.00303735
1368 0.0118022
1369 7.76827e-09
1370 9.54123e-09
1372 0.00417958
1373 1.69674e-08
1374 0.0153985
1376 0.0007238580000000001
1377 0.0003401
1379 4.67536e-06
1380 0.698311
1381 4.6207099999999995e-06
1382 0.0170728
1389 0.00545531
1391 0.00260058
1392 0.00023653299999999998
1394 1.54924e-05
1396 0.00119654
1398 5.26962e-05
1399 0.000243713
1401 0.000777663
1403 3.86888e-07
1407 0.0115984
1410 3.40042e-05
1411 0.0006983689999999999
1412 0.00387075
1415 0.395433
1416 8.2206e-05
1417 0.000259353
1419 0.00178354
1422 3.26106e-05
1423 0.00127865
1424 0.000782855
1425 0.000824793
1428 0.172834
1429 0.00104338
1431 0.10515999999999999
1433 2.84793e-06
1435 4.85371e-05
1437 0.9902790000000001
1438 0.0941428
1440 1.42659e-10
1446 1.73518e-07
1447 4.25582e-09
1448 0.0009224610000000001
1449 3.9938600000000004e-05
1452 0.00235484
1454 0.00041208300000000005
1456 0.017701599999999998
1458 0.0489894
1459 0.10653
1461 0.00620246
1462 0.8586879999999999
1469 0.00347447
1471 0.000526381
1473 0.000795586
1474 5.176130000000001e-06
1476 4.1163e-09
1477 5.752240000000001e-06
1478 0.800318
1482 0.00154944
1487 0.000990013
1489 0.111105
1491 6.728150000000001e-06
1495 0.0321352
1496 5.69345e-12
1500 0.00487957
1502 6.83188e-07
1503 0.00416601
1505 0.000225291
1506 0.000611475
1507 0.00195664
1508 0.00560513
1511 4.37524e-09
1513 0.0114574
1516 4.04576e-11
1518 0.0168307
1519 0.0161991
1520 0.00621241
1525 1.7129e-06
1527 5.53033e-06
1530 0.00117447
1533 0.0109953
1534 0.0401585
1535 0.00221288
1538 1.20584e-05
1540 0.681584
1542 0.0107995
1546 0.00205991
1547 5.36806e-12
1549 0.00024800099999999997
1550 8.76445e-08
1551 0.00018722099999999997
1552 6.68692e-06
1558 0.00937486
1560 4.80266e-07
1562 0.00010526100000000001
1564 0.00136997
1566 0.00133544
1567 1.1823299999999999e-05
1568 7.17254e-05
1569 0.00250101
1570 0.000516654
1572 3.3765e-09
1573 3.09439e-05
1574 0.0630805
1575 0.00139488
1578 4.4462700000000004e-05
1581 0.0015692
1583 0.0006616419999999999
1584 0.133649
1585 0.00468874
1587 0.00048513
1589 0.00552877
1591 2.6298899999999997e-07
1592 0.0532253
1596 0.00125941
1599 0.019766299999999997
1600 0.0272268
1601 5.95914e-06
1602 0.161133
1605 0.015625200000000002
1606 6.9207e-08
1609 0.123179
1613 0.000182845
1615 0.00011887700000000001
1616 0.000755945
1619 1.20893e-07
1620 1.7389700000000003e-08
1621 7.135130000000001e-09
1623 1.21227e-06
1624 0.00266911
1625 0.025624599999999997
1626 2.15837e-08
1629 0.16661800000000002
1631 0.899408
1634 3.73627e-05
1635 0.000638575
1637 0.000598397
1639 2.69724e-05
1641 0.000905378
1644 4.78793e-05
1645 0.000895753
1646 0.00010219200000000001
1648 0.00888296
1652 0.011565100000000002
1655 0.000106527
1656 0.000157707
1657 0.00532835
1658 5.486659999999999e-06
1659 0.000508878
1660 7.028e-10
1663 0.00256219
1664 5.41064e-05
1665 0.0006819
1666 0.192743
1667 6.05289e-05
1668 0.000318363
1670 0.999511
1671 0.0734235
1672 1.04509e-06
1674 0.99193
1679 1.35235e-06
1681 3.99742e-05
1687 0.000627043
1692 0.000169606
1694 4.9576e-06
1695 0.00039151800000000004
1696 0.0318422
1697 0.00129352
1698 0.0007972000000000001
1700 0.00905458
1701 0.00040324400000000003
1702 3.4851399999999996e-05
1703 0.00100361
1704 0.000773252
1705 6.99787e-05
1706 0.00181531
1709 1.24324e-07
1710 9.04077e-05
1712 0.0673269
1715 0.331959
1716 0.0776067
1719 1.54259e-05
1720 0.0240623
1722 0.0153844
1728 0.00376627
1731 0.0564643
1735 0.23045300000000002
1736 3.0496399999999998e-05
1737 1.9782499999999999e-10
1740 0.670107
1742 0.00844642
1743 0.00183587
1744 1.71125e-06
1745 0.000870507
1748 1.32485e-07
1751 0.0410532
1753 0.00112907
1757 0.017985400000000002
1760 0.00031048
1762 0.0640506
1763 0.00429937
1764 0.000230864
1767 0.0135024
1769 0.000559547
1770 0.0150983
1773 0.00634294
1774 0.16101300000000002
1776 0.000489076
1779 0.0118337
1781 0.0474124
1783 0.000347524
1786 0.0937047
1788 4.8887400000000006e-06
1790 7.1448e-06
1791 5.8075e-05
1792 0.00729699
1794 5.05048e-05
1796 6.68774e-05
1798 1.35638e-09
1802 7.60175e-05
1803 7.554850000000001e-05
1804 2.9609e-06
1805 0.0364774
1808 8.334229999999999e-07
1811 0.07094299999999999
1812 0.5509649999999999
1813 0.177498
1814 0.0154411
1815 0.000514065
1817 0.000640426
1819 0.000311266
1820 2.1788899999999997e-05
1822 0.00250344
1823 0.000300329
1824 0.000251624
1826 0.037233300000000004
1829 0.9831049999999999
1831 0.00070027
1835 0.00215363
1838 2.77277e-09
1839 4.8805e-05
1844 4.85894e-09
1846 0.0196949
1848 6.0008e-11
1850 0.00052677
1851 0.00376684
1852 0.000218125
1856 0.020834599999999998
1857 0.000261434
1859 5.02895e-07
1863 3.96874e-06
1865 0.00518441
1866 0.00772653
1867 0.9967
1868 0.00669123
1869 0.8297469999999999
1871 0.000101195
1873 1.48485e-06
1874 0.00019434200000000002
1876 2.18803e-06
1879 0.026033799999999996
1880 0.993508
1883 5.6848400000000004e-06
1884 0.00137111
1885 0.0018180999999999998
1886 0.000496492
1889 1.66487e-08
1890 0.00841948
1891 5.94281e-05
1893 0.000507053
1895 0.00044703900000000004
1897 1.35227e-08
1900 0.0015218
1905 0.279376
1908 1.20646e-05
1909 8.86696e-06
1910 0.0311177
1912 6.32987e-16
1913 3.0818299999999996e-05
1914 0.00021004400000000002
1916 2.37053e-09
1917 0.000561667
1919 8.9835e-06
1921 0.0052198
1923 3.45748e-05
1924 2.86019e-05
1925 1.80646e-06
1926 0.0269943
1929 3.29625e-13
1935 1.3088699999999999e-05
1939 0.00061563
1942 0.00143283
1943 0.000943947
1946 0.000344146
1947 0.00030513
1949 0.0176358
1951 0.00096446
1953 3.87738e-05
1955 0.00955563
1956 0.000714468
1957 0.07889639999999999
1959 4.93646e-13
1961 0.0378197
1965 0.00197051
1966 0.00330273
1967 1.81452e-09
1968 0.00169137
1969 0.007972700000000001
1973 0.00190838
1974 0.000540026
1975 0.00650643
1979 0.0202349
1983 1.87223e-07
1984 0.00080003
1986 0.00497805
1987 6.70057e-06
1988 3.06474e-07
1990 0.014208600000000002
1991 8.74412e-09
1992 0.000878593
1993 0.0287135
1994 1.8525e-08
1996 2.5024900000000002e-08
1997 1.12151e-15
1998 6.46511e-08
2003 0.000151373
2005 0.00126116
2007 1.9355000000000002e-10
2008 4.0393400000000005e-10
2009 0.00034520199999999997
2010 4.01283e-05
2013 0.049382300000000004
2014 1.0641300000000001e-05
2016 0.000210809
2017 0.00017883599999999998
2018 0.00916695
2026 0.0234828
2028 0.00120697
2029 5.41949e-05
2031 0.0010276
2032 0.0005947
2033 6.14031e-05
2035 0.08799839999999999
2038 0.017418700000000002
2040 2.87992e-05
2041 0.0010018
2044 1.3402e-09
2046 0.00349237
2048 0.0654606
2050 0.002623
2052 8.537489999999998e-06
2053 5.78201e-05
2057 0.0029759
2059 0.00198333
2060 0.000451099
2062 0.0196676
2065 0.00285476
2066 0.00216994
2071 0.00533608
2072 0.00372522
2073 0.00247915
2074 0.017215900000000003
2075 0.00133982
2076 0.0095601
2077 0.00614257
2078 1.45759e-07
2079 0.00138565
2080 2.7352800000000003e-05
2081 0.045854400000000003
2084 0.00033543699999999995
2085 0.137942
2087 0.00219892
2089 2.91388e-11
2092 0.150472
2093 0.00011263799999999999
2097 0.015304
2100 0.0008765310000000001
2103 5.818800000000001e-09
2105 2.8410100000000003e-09
2106 9.912050000000001e-06
2107 0.036761800000000004
2110 0.00016983299999999998
2111 0.00043944800000000005
2113 5.9688e-05
2115 0.00134775
2118 5.83837e-05
2119 0.00295055
2121 0.0007372710000000001
2122 0.0368061
2123 0.14814000000000002
2127 0.00818222
2128 0.000269019
2130 0.00042075
2131 4.01787e-05
2133 0.00273612
2137 2.44241e-05
2138 0.00048268800000000005
2141 0.00068457
2143 1.0281200000000002e-08
2144 0.00243649
2147 0.000421125
2148 1.37962e-08
2149 0.000198752
2150 0.0008883739999999999
2154 6.20414e-06
2157 1.44029e-07
2159 0.00588845
2160 1.66744e-05
2161 0.8477
2162 0.00699394
2164 0.000954387
2167 0.0161806
2168 1.02869e-08
2173 0.00106978
2175 7.26392e-07
2177 9.365609999999999e-07
2185 2.35444e-07
2188 0.033323
2189 0.028135000000000004
2195 0.0165546
2198 0.00105701
2200 0.011526
2203 0.0714343
2204 0.0071749
2205 0.00043211800000000005
2206 4.51389e-07
2207 6.17784e-05
2210 0.000161225
2211 0.000666687
2216 5.6153800000000004e-05
2217 7.817930000000001e-10
2222 0.00242186
2223 0.00012431
2225 0.000588711
2227 2.05415e-06
2229 2.2334900000000002e-08
2230 0.389573
2231 0.00796073
2232 0.0963935
2235 0.0212757
2236 6.586139999999999e-06
2239 5.508e-06
2240 0.00315494
2242 3.42256e-07
2243 0.023477200000000004
2245 2.0791500000000002e-05
2246 4.99398e-06
2250 0.059400699999999994
2252 0.000549104
2254 0.0308306
2258 0.0296853
2262 0.0010913000000000001
2264 0.218619
2269 0.00161431
2271 2.9435700000000003e-08
2274 3.1127999999999997e-06
2275 2.81525e-05
2282 0.0432481
2283 0.000885563
2286 0.000795681
2289 0.00050868
2292 5.4717e-06
2294 8.20569e-06
2295 0.00163155
2296 0.10993699999999999
2297 0.159755
2298 0.00602991
2299 0.00469951
2301 0.00464555
2303 0.00237896
2304 0.000286828
2309 7.859020000000001e-13
2312 0.00612975
2313 0.000215995
2314 0.0039770000000000005
2316 1.081e-05
2317 4.20692e-05
2319 3.36707e-06
2322 0.369465
2325 0.000306739
2326 4.12846e-06
2327 6.33306e-06
2331 0.00010972
2336 7.811970000000001e-09
2338 7.952530000000001e-06
2339 0.990765
2341 0.000105633
2344 0.000619936
2346 5.08137e-06
2349 9.76781e-06
2351 4.09952e-06
2353 0.609897
2356 0.00308823
2357 0.00115617
2358 0.00356512
2360 0.000853209
2363 0.0079938
2365 0.0084145
2370 3.99694e-06
2379 5.08725e-08
2380 1.9195400000000003e-06
2381 0.8333139999999999
2383 1.80902e-06
2386 0.0005986219999999999
2388 0.0393257
2389 0.016502700000000002
2390 0.13575
2394 0.046327
2395 7.77811e-05
2396 0.0006827710000000001
2397 8.983350000000001e-07
2398 0.00019349
2399 0.000235983
2400 3.1779e-07
2402 3.2085000000000003e-06
2406 1.5996600000000002e-05
2408 0.00126714
2409 0.000736344
2412 0.86718
2414 0.0132124
2416 3.09308e-05
2418 0.00206482
2421 0.000408735
2422 0.9999459999999999
2424 0.000117345
2426 2.04132e-06
2428 0.032926
2429 0.00488859
2430 0.000532899
2431 7.92659e-05
2432 0.78709
2434 0.000220896
2438 0.00670161
2440 9.746680000000001e-07
2446 3.29099e-06
2447 0.00680398
2449 0.00714056
2451 0.12477200000000001
2453 0.0009075369999999999
2455 0.0009680110000000001
2457 0.00155259
2463 0.0011143
2464 0.000129133
2467 6.78553e-11
2469 0.00773317
2473 1.16215e-05
2474 4.77785e-07
2475 1.04053e-07
2482 0.352597
2484 0.000830827
2485 0.00639563
2486 4.60333e-06
2487 0.00040659999999999996
2488 1.17056e-09
2489 0.029807900000000002
2495 0.00013888
2498 0.00191849
2499 0.23555500000000001
2503 0.00426519
2506 0.00123312
2507 7.921050000000001e-06
2509 0.00026398400000000004
2510 0.000368227
2511 0.00183106
2515 0.000223421
2516 0.000714806
2517 4.53939e-06
2521 1.7553e-06
2522 0.00016789900000000003
2526 0.000193621
2527 0.9999969999999999
2528 0.0007804719999999999
2530 2.16538e-08
2531 1.3323799999999998e-08
2532 7.30138e-06
2535 0.000200515
2536 0.030651099999999997
2538 0.00484184
2541 0.00161238
2543 0.00125878
2548 6.16546e-05
2550 0.00165036
2551 0.00615998
2552 0.07199370000000001
2553 0.00229913
2556 0.00288114
2557 0.999674
2560 0.011928900000000001
2562 9.613739999999999e-05
2568 5.27411e-08
2570 0.0128774
2573 0.00493854
2574 0.00279313
2575 0.00779658
2576 0.0023013
2577 1.98242e-08
2580 0.0040409999999999995
2581 0.8330270000000001
2582 0.000546293
2583 0.000673075
2587 0.00169117
2588 0.00172062
2591 0.0017123000000000002
2592 3.98171e-10
2596 0.000147167
2597 0.00780739
2601 0.0005752859999999999
2602 2.24652e-05
2604 0.0204965
2607 0.000102705
2608 0.0110553
2610 0.00532227
2612 5.18056e-08
2614 0.0271899
2616 0.00748376
2617 0.018017599999999998
2619 7.13041e-08
2620 0.028105900000000003
2622 0.00293058
2623 0.00011852399999999999
2624 0.024240599999999998
2626 9.576599999999999e-06
2628 3.96438e-05
2629 0.00012828200000000002
2630 5.5856300000000004e-08
2631 0.000103099
2638 0.00225529
2639 0.000866115
2640 1.21507e-06
2642 0.008531
2644 0.6430899999999999
2650 0.0157564
2651 0.00106849
2652 0.0173765
2654 0.0204018
2655 0.00192012
2656 0.000320586
2660 0.265546
2661 1.33095e-12
2663 0.000511727
2665 0.00224803
2671 0.00412338
2672 0.00234289
2673 0.000207575
2674 0.127877
2676 0.00212959
2679 0.00902589
2681 6.11555e-05
2685 0.00126265
2686 1.83596e-05
2687 0.00812311
2688 5.29711e-05
2692 0.00024585599999999997
2694 0.000446185
2698 2.0934899999999998e-07
2700 0.0009648980000000001
2701 0.00140717
2703 0.0036205
2705 0.00837784
2707 0.000160328
2708 0.0551121
2711 0.000593611
2712 0.000414944
2716 2.28361e-05
2719 0.000805835
2720 0.000618961
2724 0.0305253
2725 0.000299516
2726 0.00155153
2728 0.028448700000000004
2729 2.5472999999999997e-06
2731 1.40309e-05
2733 5.45578e-08
2736 3.68286e-05
2739 1.26478e-05
2740 0.00621544
2742 0.000107191
2743 0.900233
2746 0.0007953319999999999
2748 9.84441e-05
2750 0.0027527
2752 0.00141843
2753 0.0389551
2754 1.27931e-06
2756 0.0009013360000000001
2758 5.7476300000000004e-05
2761 0.030266700000000004
2764 4.39546e-09
2768 0.000604091
2769 0.00256704
2770 0.00204852
2771 4.42858e-05
2773 0.0936379
2777 0.0772846
2780 0.0011912000000000001
2781 0.00218429
2787 0.00732107
2788 0.0523837
2789 0.00173266
2790 0.000179352
2792 6.327729999999999e-05
2793 0.000354186
2797 7.06165e-05
2799 0.858491
2802 0.000429765
2805 0.000665517
2806 6.423669999999999e-08
2808 2.35384e-06
2809 0.0181203
2811 0.00110228
2813 0.00300238
2814 7.4212999999999996e-06
2818 0.00101322
2819 0.00232487
2821 0.00253966
2822 1.3826300000000002e-05
2823 3.9879599999999995e-06
2824 0.0007285989999999999
2825 6.489780000000001e-12
2828 0.00544004
2829 0.000587851
2830 5.52297e-10
2831 1.9550099999999998e-06
2832 9.960399999999999e-05
2837 0.010276100000000002
2839 3.01104e-09
2840 2.3294099999999998e-05
2843 1.9394e-06
2846 0.00108163
2849 0.00597981
2850 0.028181599999999998
2851 0.000134239
2852 0.00409212
2853 0.00316984
2856 0.006104
2857 6.95462e-05
2860 9.470620000000001e-05
2861 1.3594100000000001e-06
2862 0.11980199999999999
2863 0.023234599999999998
2865 0.000252603
2871 6.31736e-05
2872 0.019343400000000004
2874 0.000107259
2876 0.000612968
2877 0.000156952
2878 0.000147695
2882 0.000131909
2883 0.0979362
2885 0.00627118
2887 0.0366051
2888 0.0005383380000000001
2890 1.4978800000000001e-05
2892 2.33877e-06
2894 0.00219486
2895 0.010102799999999999
2897 0.0009853330000000001
2898 5.48513e-05
2900 0.000191227
2902 0.0341302
2903 0.00420282
2904 0.0103178
2905 0.00474779
2907 0.010173
2908 1.19402e-08
2909 8.828440000000001e-05
2911 0.00556253
2918 0.000970898
2920 0.00132666
2921 0.000569526
2922 0.00761865
2923 0.000104528
2925 0.00479647
2926 0.07108810000000002
2927 3.45721e-06
2928 0.31993699999999997
2929 0.00174471
2930 0.0106588
2936 1.04398e-05
2945 0.148548
2948 0.00746807
2949 3.6554699999999996e-07
2950 0.249111
2951 0.0254047
2955 3.71259e-06
2959 0.00598794
2961 2.9527299999999997e-06
2964 0.00171621
2968 4.16167e-08
2970 4.61041e-05
2971 0.710688
2972 0.000818058
2973 5.1170699999999994e-05
2974 0.027798400000000004
2979 0.00982247
2980 0.00028645200000000003
2981 0.000490516
2982 0.001167
2983 2.71148e-05
2985 0.0169231
2991 5.96621e-05
2993 0.000769183
2996 3.56999e-05
2997 0.00491751
2998 5.85872e-10
2999 1.22931e-10
3001 0.00033273
3006 1.72336e-07
3010 0.0277455
3012 0.003966
3014 0.00178998
3016 2.4008600000000003e-05
3018 0.00183367
3019 0.005732899999999999
3020 0.0126869
3022 0.00153453
3025 1.8112000000000002e-05
3026 0.00948729
3029 0.00416037
3030 0.00362233
3033 3.38402e-06
3035 0.000731595
3036 0.00543065
3037 0.0120321
3040 0.00127275
3041 0.00172156
3043 8.940030000000001e-05
3046 4.35191e-08
3048 0.0030601999999999995
3049 0.0215968
3050 1.0086499999999999e-06
3052 5.72173e-05
3055 0.000283459
3059 0.00017294400000000002
3060 0.9999959999999999
3062 0.997218
3067 0.000188354
3068 1.65731e-05
3069 6.73068e-05
3070 0.00215451
3071 0.016022
3073 3.5283699999999996e-05
3075 0.000768915
3076 0.042227600000000004
3079 0.010105
3080 1.74708e-05
3081 0.000199846
3084 0.0018007000000000001
3087 1.6285e-05
3091 0.00911469
3095 0.022997
3096 0.0485768
3097 3.13663e-05
3099 0.00629907
3101 2.32341e-05
3104 0.000178275
3109 2.1529099999999997e-05
3111 2.6158099999999994e-06
3113 0.0023566999999999998
3114 0.04465569999999999
3115 0.00222572
3119 2.19589e-06
3123 0.026061900000000002
3125 4.49195e-06
3128 0.0762603
3130 2.51497e-10
3131 0.204016
3132 0.0009843439999999998
3136 0.000303971
3139 0.0204665
3141 0.604173
3143 7.1233899999999996e-06
3144 0.000530038
3148 0.000983837
3151 2.0227599999999997e-06
3152 0.00264617
3153 0.0353851
3156 6.70738e-05
3158 0.00881452
3160 6.21999e-06
3166 0.0138178
3167 0.000516294
3168 0.000327027
3171 5.8673e-05
3172 0.00694949
3173 0.00714157
3174 0.00109174
3179 0.013762100000000001
3180 0.000836629
3182 0.00237561
3187 0.0101539
3190 5.07049e-06
3191 5.05235e-06
3192 0.280147
3193 4.5688199999999994e-05
3196 0.000239717
3197 0.000378674
3198 0.00209193
3201 0.00223868
3203 2.82495e-06
3206 0.0162548
3208 0.00129916
3209 3.1531e-05
3212 0.17183099999999998
3215 0.00150385
3217 5.84538e-06
3220 2.5096599999999997e-07
3221 0.27355300000000005
3222 0.000148915
3224 0.00115579
3225 0.00189661
3226 0.00411709
3227 2.30686e-05
3230 1.54558e-05
3232 0.00595611
3234 0.00467171
3235 0.00120885
3237 0.00165608
3238 1.82746e-05
3241 0.0963493
3245 0.022692700000000003
3246 0.000674593
3248 0.00035114699999999995
3249 3.28166e-08
3251 0.025895099999999997
3252 0.000871844
3257 4.11942e-06
3263 0.00212415
3264 0.00497267
3265 5.01968e-06
3266 0.000250371
3267 1.5702099999999999e-09
3268 2.51566e-08
3275 0.00893414
3276 7.597909999999999e-05
3277 0.0038134999999999996
3278 0.00178537
3281 0.390038
3283 7.84238e-05
3286 4.159869999999999e-06
3287 0.000120215
3288 0.00926188
3289 0.00428889
3291 0.000270954
3295 4.95157e-06
3297 0.259832
3298 7.73451e-05
3302 1.7350400000000002e-06
3304 0.000123297
3305 2.47023e-05
3306 5.6516800000000005e-08
3309 3.62261e-05
3310 2.51764e-06
3312 9.558730000000001e-06
3314 0.00370699
3315 2.94673e-06
3317 0.392754
3318 4.3373100000000007e-05
3319 0.0210475
3321 6.596519999999999e-06
3322 0.134181
3323 0.00153472
3324 0.00185884
3326 8.03439e-07
3328 5.6493900000000005e-05
3329 0.00046165400000000004
3332 1.93324e-05
3333 1.0529899999999998e-06
3334 0.000282443
3340 0.00103524
3341 0.000574647
3342 0.00784391
3345 0.0704157
3346 1.04337e-06
3347 0.000397238
3348 7.49878e-05
3352 0.00181889
3353 8.66434e-08
3357 1.6414e-08
3358 9.587059999999999e-05
3361 0.00236208
3364 3.68974e-05
3366 0.000603418
3368 0.00356717
3371 0.00246003
3372 2.87184e-07
3375 1.80857e-05
3378 0.00217918
3381 1.25702e-08
3383 0.00443623
3384 0.0120646
3385 0.00242417
3387 1.94272e-08
3388 6.18785e-07
3389 0.00210139
3393 1.6303599999999998e-05
3394 1.7348299999999998e-05
3399 2.62625e-06
3400 1.3551499999999998e-06
3402 5.3846000000000006e-05
3405 9.15404e-08
3409 1.85562e-05
3411 0.000207574
3414 0.000168565
3418 0.08054739999999999
3423 0.00549751
3426 0.00452834
3427 0.000740309
3428 0.000379813
3431 0.03381459999999999
3432 0.010157600000000001
3434 0.0031850999999999997
3437 0.073496
3438 0.024015
3440 4.55358e-05
3442 0.00371595
3445 1.6547200000000001e-07
3446 0.9101670000000001
3447 0.00191889
3448 0.999775
3454 0.0007125160000000001
3456 7.97873e-06
3457 0.000130875
3459 0.03301130000000001
3460 6.2237e-05
3463 0.00529958
3467 3.48206e-11
3471 0.000418413
3472 0.0463309
3473 0.00721731
3474 2.82264e-07
3475 0.000214925
3476 0.0799782
3478 0.0011402
3479 0.000420856
3480 0.00513649
3481 0.041621
3482 9.93576e-05
3483 0.00229779
3485 0.00691764
3486 0.00380859
3488 0.8087880000000001
3490 0.014241
3494 2.56777e-08
3495 0.248608
3498 0.000327542
3501 2.30712e-05
3502 0.00170442
3503 2.82642e-06
3504 0.000830595
3505 7.60456e-10
3507 0.030037900000000003
3512 2.57593e-06
3513 0.00015999799999999998
3514 2.05269e-06
3515 0.000408545
3517 0.000114247
3520 0.00479798
3523 1.77065e-05
3526 0.05145740000000001
3527 9.91798e-05
3531 4.85629e-05
3532 0.11758800000000001
3533 0.0550356
3534 9.67954e-11
3535 7.86442e-05
3538 3.91587e-05
3540 0.404563
3541 0.00077462
3542 2.7368400000000005e-06
3543 0.000246106
3544 0.267217
3545 1.5574899999999998e-06
3547 4.20635e-05
3552 9.57663e-06
3553 6.783760000000001e-06
3557 0.00292881
3558 0.0105582
3559 0.00155262
3560 2.94699e-06
3561 0.0588197
3562 0.00785431
3563 0.6123850000000001
3568 1.13407e-05
3569 0.00659523
3570 3.20475e-05
3571 0.0336332
3572 1.0
3573 0.00705275
3574 3.50154e-12
3578 7.463600000000001e-07
3579 0.00270446
3581 0.00190036
3582 0.029394299999999998
3583 0.00137406
3584 0.000224104
3590 0.00137071
3591 0.726693
3592 0.00145475
3595 0.000978642
3598 0.00147161
3600 4.12758e-05
3601 5.50997e-08
3602 0.000391534
3607 9.56352e-06
3610 0.00030718
3612 0.00264218
3613 0.011345200000000001
3615 0.000273127
3616 0.00724895
3617 0.000989383
3619 0.0009982769999999999
3624 0.8619600000000001
3626 0.998732
3630 5.4085e-06
3631 0.00228151
3633 0.0036295000000000003
3637 0.00012867100000000002
3641 0.0410875
3643 0.0115803
3647 3.55555e-06
3649 0.00876848
3650 0.00134987
3652 0.0218011
3653 0.00048730199999999995
3659 0.00122142
3661 0.00617951
3665 0.000338404
3666 9.240909999999999e-07
3668 0.0365705
3670 1.2737e-10
3672 0.0126511
3676 0.0269762
3677 3.19139e-06
3680 0.00346151
3682 0.999925
3683 3.10854e-07
3686 3.10268e-05
3687 0.0011251
3689 3.4006e-06
3692 0.528091
3693 0.000140581
3697 0.00216567
3701 0.00081381
3702 0.0134939
3707 0.0556626
3710 0.00023475700000000002
3712 0.0112611
3715 3.18429e-05
3716 0.129473
3718 2.9465100000000004e-05
3719 0.00010895700000000001
3720 0.00454595
3723 0.0394227
3724 0.00502744
3725 0.0335517
3726 4.54231e-05
3728 0.00139091
3730 3.2733099999999995e-10
3731 0.000465623
3733 1.65523e-05
3734 0.00286731
3736 0.00141691
3737 0.00114211
3738 0.219823
3739 1.90797e-05
3741 0.9507030000000001
3742 0.00463854
3744 0.00379658
3745 0.00615686
3746 1.42289e-09
3747 0.0019507
3755 0.133901
3756 0.859201
3757 0.000626656
3761 0.162854
3762 0.015559100000000001
3764 0.000706795
3765 2.7656099999999997e-06
3766 5.48125e-07
3768 2.7160000000000003e-06
3769 3.25332e-07
3770 0.0132833
3771 0.0028856
3775 0.151474
3776 2.78352e-05
3777 1.9273599999999998e-05
3778 0.0036375
3782 0.000413048
3785 1.04741e-05
3787 0.9999379999999999
3789 0.00175743
3794 0.0109727
3795 2.57039e-07
3799 0.018291599999999998
3800 0.11023800000000002
3801 4.35724e-06
3802 0.0006690180000000001
3804 0.000126613
3805 0.00029879099999999997
3810 1.17574e-06
3812 0.00084384
3813 2.70493e-06
3815 4.77325e-05
3816 6.08107e-05
3819 0.000192112
3822 6.04212e-12
3823 1.24186e-06
3825 0.000156957
3829 3.6692199999999997e-06
3831 0.000899275
3832 0.00424882
3833 2.5218099999999996e-10
3836 0.00120984
3839 0.00224445
3840 4.35381e-05
3841 0.00222845
3842 8.02473e-06
3843 6.39702e-05
3850 0.00095116
3851 2.34546e-06
3852 0.00284138
3853 0.00287357
3854 0.00228389
3858 0.000615793
3862 0.0979332
3864 1.57995e-07
3867 0.000852515
3870 0.0143763
3873 2.3008700000000003e-06
3875 0.00117462
3878 9.74924e-05
3880 0.00019187299999999998
3881 0.00499373
3882 0.495651
3883 5.587130000000001e-06
3884 0.000597965
3888 8.024760000000001e-05
3892 6.36418e-07
3893 4.99713e-07
3894 0.155674
3896 0.0187234
3897 0.00276997
3900 8.63307e-05
3901 0.0006310409999999999
3902 0.834836
3903 0.00104464
3904 0.003901
3906 2.14479e-05
3908 0.000551864
3909 0.00167609
3910 2.2197200000000002e-06
3914 5.92941e-05
3916 0.000162809
3917 1.02251e-06
3920 0.0176388
3922 0.00179776
3925 9.69959e-05
3927 0.000545597
3928 0.00440868
3929 8.47738e-05
3930 0.00100883
3931 0.7170810000000001
3933 5.26244e-05
3934 0.17510599999999998
3938 0.00142726
3940 0.000237915
3942 0.11751099999999999
3943 0.632885
3944 0.00456846
3950 0.056615599999999995
3951 0.00892078
3952 2.21648e-07
3955 0.00689657
3958 0.250264
3959 0.00262928
3962 0.000305314
3964 5.47661e-05
3967 0.013610399999999998
3968 0.000737679
3972 0.000261361
3975 0.00284371
3976 1.5411700000000003e-10
3977 1.3616099999999998e-05
3978 0.00151976
3980 0.0009673630000000001
3981 9.637290000000001e-05
3982 0.019730200000000003
3985 3.32641e-08
3989 1.9630299999999997e-08
3995 0.00442363
3999 2.8219899999999997e-05
4000 0.000154096
4001 0.000940008
4002 0.00196887
4004 0.0651307
4006 0.00292442
4007 0.011962899999999999
4018 1.07599e-07
4021 5.61687e-06
4022 0.00204052
4024 2.1421700000000002e-05
4026 7.32602e-05
4027 0.9984719999999999
4029 0.00834787
4030 2.00508e-06
4032 0.770207
4036 3.8039300000000004e-10
4038 0.173151
4040 0.30294
4041 0.00539143
4042 0.00023602
4043 0.000398745
4044 0.07279139999999999
4045 0.0033616999999999996
4048 0.00021044099999999999
4049 0.00121662
4050 2.45276e-08
4053 0.034812699999999995
4054 0.00171698
4055 0.5728300000000001
4056 0.00121262
4059 1.17814e-05
4061 0.34579
4062 0.0014135
4063 0.000383727
4064 0.000749952
4065 0.000258383
4068 0.00137397
4070 5.25311e-11
4071 2.88249e-05
4072 0.00314186
4074 0.00249752
4078 2.62283e-05
4079 0.0015588
4080 6.81691e-05
4081 0.989742
4083 1.37971e-12
4084 9.73683e-05
4086 0.0237987
4088 2.60372e-05
4090 0.001462
4094 2.5976999999999997e-06
4096 0.126809
4097 5.88225e-05
4098 0.0283803
4099 2.98025e-05
4101 0.000699713
4103 5.745369999999999e-06
4104 0.00132927
4107 0.00278827
4109 0.0155535
4112 2.6379e-05
4114 0.0009305019999999999
4115 0.0003965
4116 0.124679
4118 0.0016914000000000002
4119 0.0692969
4123 3.73875e-05
4124 0.999993
4125 1.94863e-05
4126 0.00164551
4127 0.00438505
4128 0.000714217
4130 0.00277209
4132 0.000298789
4134 0.0018348
4139 0.00133453
4144 0.00138752
4147 9.25469e-05
4151 0.00466994
4153 1.78305e-07
4154 0.00010309200000000001
4155 0.972508
4156 0.00325458
4157 0.000259369
4159 0.92135
4160 1.09392e-05
4161 1.07122e-05
4162 0.484304
4165 0.00509012
4166 0.0013434
4167 8.61432e-06
4172 0.000404422
4173 0.12043599999999999
4175 0.00280205
4176 7.58869e-12
4177 8.45717e-05
4179 0.0007687319999999999
4180 0.05214630000000001
4181 4.98278e-06
4182 7.126060000000001e-06
4183 0.000129039
4184 0.338548
4187 0.055588900000000004
4188 4.8174700000000005e-05
4197 0.035784500000000004
4198 9.00527e-07
4199 1.8565399999999999e-09
4202 0.00314987
4206 3.85924e-08
4207 0.000932651
4208 2.083e-05
4210 0.004045
4211 0.040360900000000005
4213 0.00016617599999999998
4214 1.59325e-08
4216 0.00108465
4217 3.01818e-08
4218 0.020374299999999998
4219 0.015377100000000001
4222 0.0139738
4225 1.96658e-08
4226 0.013866
4227 0.000546748
4233 4.1443199999999997e-05
4234 0.00784095
4235 2.9687399999999996e-05
4236 0.0126107
4238 0.00010777700000000001
4240 0.00426503
4243 3.58347e-05
4245 0.00040291400000000004
4248 0.0139563
4249 6.092020000000001e-05
4250 0.015172399999999999
4251 1.68327e-14
4252 0.1639
4254 9.774799999999999e-09
4260 1.59515e-05
4261 1.7274500000000002e-05
4262 0.11086900000000001
4266 0.00122476
4267 0.000137606
4268 0.0041687
4276 0.00998943
4277 0.017297200000000002
4278 1.47934e-07
4282 0.0007501560000000001
4285 0.0111334
4288 3.86283e-05
4289 0.00184108
4290 1.38703e-05
4294 0.00051767
4297 0.00102867
4299 2.2899499999999996e-05
4301 6.76128e-06
4302 5.434109999999999e-06
4305 0.000294605
4306 0.0203412
4308 0.00360936
4309 0.00953621
4311 0.06118919999999999
4313 1.44798e-05
4314 4.40439e-10
4316 0.0273239
4317 0.000668223
4319 0.777926
4320 0.00313548
4324 1.21897e-08
4328 0.000111607
4330 1.4246400000000001e-05
4332 0.00479806
4334 0.0017771
4335 8.775200000000001e-07
4336 0.000595395
4337 2.17039e-06
4340 1.4822399999999998e-06
4342 8.06152e-05
4343 0.00038053699999999997
4344 5.39537e-08
4348 0.0266954
4350 1.48326e-05
4353 2.30296e-06
4355 0.00477937
4357 0.00527072
4358 4.20947e-05
4362 1.8105999999999997e-11
4363 0.00453558
4366 0.000585839
4373 0.000363252
4374 1.5684000000000002e-07
4375 0.00019423400000000002
4377 0.00220694
4378 0.00018962599999999998
4381 0.00240582
4382 1.4120600000000002e-06
4383 9.929309999999999e-05
4385 0.10848499999999998
4388 4.4845800000000005e-06
4393 0.00180037
4394 2.03063e-10
4395 1.3746899999999998e-10
4398 2.85149e-07
4399 0.00182344
4400 2.1127199999999997e-09
4401 0.0172917
4402 2.78111e-08
4403 3.8121e-17
4406 2.35054e-11
4407 0.000922504
4408 0.00219618
4410 0.000145149
4412 0.000210007
4413 6.695539999999999e-08
4414 1.1061199999999998e-05
4415 1.0215499999999999e-05
4416 8.20631e-05
4417 8.67949e-09
4418 0.00011366700000000001
4419 0.00498608
4420 0.000236076
4422 0.024910299999999996
4425 1.13471e-13
4426 5.60934e-06
4427 0.000814108
4428 0.013419
4431 0.0242998
4435 0.00100552
4440 0.00490995
4442 0.0006536409999999999
4443 0.15756900000000001
4444 0.000118387
4445 0.000357249
4447 2.9240300000000002e-05
4448 1.4040900000000001e-08
4449 0.00157219
4451 0.969504
4453 5.89787e-05
4454 0.00023225400000000002
4456 9.493879999999999e-05
4458 0.000108955
4460 0.000602722
4461 6.483230000000001e-08
4462 0.00022663599999999998
4465 0.000317651
4467 8.00381e-06
4469 0.011098100000000001
4472 6.234700000000001e-06
4473 6.42256e-08
4475 0.000193435
4476 0.00222591
4477 0.000365731
4478 2.32289e-06
4480 0.000796823
4482 0.00172378
4483 7.4335e-05
4485 0.00327643
4486 0.871817
4489 0.00636625
4491 0.011555500000000002
4492 0.00217606
4497 0.0264551
4501 0.00644085
4503 4.88241e-07
4504 0.000278794
4505 7.84881e-06
4506 0.15878299999999998
4511 0.00133057
4513 0.000591317
4515 0.0005745619999999999
4516 0.000353997
4521 8.57528e-05
4522 0.0006540130000000001
4523 0.00124594
4525 0.0594951
4529 9.253489999999999e-07
4531 0.014219899999999999
4533 5.57988e-07
4534 0.000466914
4536 0.000359997
4538 0.000826248
4541 0.000166473
4543 0.00010729799999999999
4545 5.99949e-05
4546 0.0038465000000000005
4547 2.23127e-08
4550 0.00496413
4554 0.00173285
4556 1.0469700000000002e-08
4557 0.000574636
4559 0.00531203
4560 0.000147573
4561 0.00190125
4564 0.00020012
4567 0.0124865
4568 6.20105e-07
4569 0.00151539
4572 4.23015e-06
4573 4.28438e-05
4575 0.0232951
4577 7.526039999999999e-06
4578 8.995650000000001e-06
4580 5.9764e-05
4582 0.0006088469999999999
4583 0.997157
4586 0.000307152
4589 0.00632465
4590 0.00367373
4593 0.00431772
4594 0.00557107
4596 0.00047655800000000003
4598 0.00343758
4599 0.000167616
4602 2.4332199999999997e-05
4603 0.0006839610000000001
4608 0.00164635
4610 0.00178013
4613 0.28830700000000004
4614 0.00022239700000000002
4615 0.233944
4616 0.00023886
4617 0.000229368
4619 0.00388331
4620 0.0770539
4621 0.00969582
4624 0.00033499699999999996
4629 0.00367608
4633 0.017190599999999997
4635 0.0812972
4637 2.00478e-17
4638 6.04279e-06
4639 0.00497563
4640 0.00719092
4641 1.2710700000000002e-06
4642 0.0165738
4645 2.46225e-13
4646 0.08465039999999999
4650 3.43785e-07
4657 0.0032021000000000003
4658 0.119228
4659 0.08076219999999999
4661 7.3038e-05
4663 5.41796e-05
4664 0.830735
4665 2.7583099999999998e-06
4666 1.0234299999999998e-06
4667 4.38571e-05
4668 0.00548988
4669 0.00080111
4670 0.000351945
4677 0.012333799999999999
4678 0.000298364
4680 3.26841e-14
4681 0.000365837
4684 0.000697907
4688 6.49118e-08
4690 0.000201655
4695 0.190202
4696 0.00173534
4697 3.6650800000000004e-08
4698 0.00271329
4700 0.89295
4703 1.44364e-07
4704 0.0009082560000000001
4709 0.00440793
4711 6.84774e-07
4712 0.044837800000000004
4713 0.00102462
4716 0.000137326
4717 0.00210559
4720 0.964255
4721 0.00198691
4724 1.73558e-07
4725 1.9874500000000002e-07
4726 0.00138399
4728 0.00904513
4729 4.907619999999999e-06
4730 2.4284e-05
4731 0.00147
4733 0.781658
4734 0.000304893
4736 0.00937365
4738 0.00733028
4739 0.0190632
4740 0.006058399999999999
4741 0.0019636
4744 0.00354215
4745 1.49302e-07
4749 0.000983057
4751 4.66241e-05
4752 2.14011e-05
4755 0.000566535
4756 1.54194e-05
4757 7.60261e-09
4758 1.72243e-05
4759 0.000181615
4762 9.29731e-07
4763 0.00950218
4764 0.00397094
4765 2.75932e-06
4766 0.000318364
4767 0.000760657
4769 5.0047700000000005e-05
4771 0.0008248330000000001
4772 6.0708800000000004e-05
4774 0.000297895
4775 0.00667884
4778 0.972153
4780 0.0006217940000000001
4781 0.00578941
4784 7.42872e-07
4787 0.000273498
4791 0.0008252460000000001
4795 0.000150273
4798 0.00269238
4800 1.41841e-08
4802 5.76562e-06
4803 0.000391471
4804 0.00612712
4806 0.00025876
4807 0.00436483
4809 7.957519999999999e-07
4810 6.1366e-06
4811 1.3513699999999999e-05
4813 0.00723799
4817 0.00290784
4819 0.0181505
4820 0.019323
4821 0.00108819
4822 1.8004400000000002e-08
4824 1.5919399999999998e-14
4827 6.267270000000001e-05
4829 5.6757e-07
4833 5.96074e-07
4835 1.12616e-05
4838 0.0394899
4843 4.25058e-05
4844 0.00164461
4845 5.196609999999999e-06
4847 6.06918e-05
4851 0.00276423
4853 0.00461663
4854 3.88544e-06
4855 0.00264951
4858 0.808959
4860 7.37395e-05
4861 4.22907e-10
4862 0.0476066
4864 0.00432067
4865 0.00295839
4870 3.65726e-06
4871 0.00042854
4874 0.00037739800000000003
4875 0.000676222
4877 0.00513161
4880 0.0282327
4881 0.138059
4883 3.0518699999999996e-05
4884 0.000100083
4887 0.00869299
4888 0.00658749
4889 0.00017407599999999998
4891 1.94151e-05
4892 0.0125583
4893 0.0304334
4894 0.00341696
4899 0.0013389
4900 0.00320328
4901 0.00205072
4904 1.5421299999999998e-10
4906 8.77097e-07
4908 0.00169714
4909 1.3904299999999998e-07
4914 0.000606399
4915 4.3363699999999996e-09
4917 1.13409e-09
4918 9.32818e-05
4919 0.00278448
4920 0.00664797
4921 1.5554600000000002e-05
4922 0.00251848
4923 0.000646937
4924 1.72212e-07
4925 0.00193801
4927 0.00040433300000000005
4930 0.0005339769999999999
4932 0.000128828
4933 1.28792e-05
4934 7.55509e-05
4937 0.0020145
4940 1.09932e-05
4941 0.554387
4942 4.0741399999999996e-08
4944 0.00511534
4945 0.00156523
4947 0.00347489
4949 0.00119966
4952 0.00018504
4957 0.00918294
4959 2.9954e-05
4964 0.8052090000000001
4965 0.00145214
4969 3.10943e-05
4970 0.000129662
4971 0.00196999
4975 0.00010291
4978 0.000514967
4979 3.5211199999999998e-06
4980 0.00234198
4981 2.8321e-08
4988 0.000271706
4989 8.49852e-05
4993 0.00122452
4996 2.17727e-07
5000 9.82064e-07
5002 0.00208923
5005 4.68404e-05
5008 4.04173e-13
5009 8.128229999999999e-05
5010 0.0173787
5011 5.45158e-06
5012 0.038587699999999996
5013 0.000133294
5015 1.42394e-06
5017 0.000527709
5019 0.0012369999999999998
5021 3.749930000000001e-08
5022 5.35791e-05
5025 0.000180852
5030 3.1981e-09
5031 4.46263e-05
5034 0.012514299999999999
5035 2.98672e-09
5038 0.00743502
5040 0.0275053
5041 0.000186723
5043 0.00160695
5044 0.00913518
5046 2.60426e-08
5048 1.1398e-05
5049 0.00439492
5050 0.00117739
5051 0.0010511
5053 0.00912565
5059 0.000327314
5060 0.00172282
5066 0.000322464
5069 5.81093e-05
5070 8.39625e-05
5074 0.384011
5075 2.27825e-08
5076 0.00141625
5080 0.000144429
5082 0.0503031
5083 8.14884e-07
5087 3.22981e-11
5088 0.370919
5089 0.00033703
5091 3.68398e-06
5092 0.188803
5095 0.00365283
5096 0.00041092099999999996
5098 2.5154499999999998e-05
5099 3.2972800000000004e-05
5100 0.000844292
5103 0.00176404
5105 4.21838e-05
5106 0.00120187
5109 0.000304849
5112 5.2221099999999994e-05
5113 0.00189273
5115 4.162689999999999e-09
5117 0.00025805
5118 0.000143292
5119 6.92176e-05
5120 4.06668e-06
5123 2.44339e-05
5125 3.38892e-05
5126 0.00101669
5127 0.0117581
5132 0.0107156
5133 1.2025099999999999e-08
5137 9.19444e-05
5139 0.0013090999999999999
5140 0.150253
5141 0.0419875
5142 0.00022835099999999998
5147 2.2503e-05
5148 0.00216584
5149 0.0029111000000000002
5151 0.00645128
5152 0.0009647210000000001
5154 4.50669e-08
5155 0.000585163
5157 4.81959e-07
5158 0.000125494
5162 1.77978e-05
5163 0.00035539999999999997
5164 1.48171e-06
5165 0.00550687
5166 7.078680000000001e-06
5167 0.00187423
5170 0.0003786
5172 0.00145651
5174 0.420044
5178 3.30669e-05
5180 0.582438
5182 0.000108009
5184 0.0368893
5187 0.00103944
5188 5.4901099999999995e-08
5192 1.8012599999999998e-06
5193 0.03634880000000001
5194 1.52437e-05
5196 0.00195861
5197 1.6256799999999997e-10
5198 0.00188236
5200 0.00711565
5201 0.101425
5204 2.7204799999999997e-08
5205 0.00146897
5206 0.019716400000000002
5207 3.2814899999999996e-05
5211 4.13582e-06
5213 1.29059e-05
5216 0.0775722
5218 0.00238779
5221 0.015806399999999998
5225 6.92576e-05
5226 0.00129437
5227 0.00012362200000000002
5228 0.000385272
5232 9.407960000000001e-08
5233 0.029681
5234 8.00102e-05
5235 0.0304072
5237 0.00038179699999999996
5238 2.93488e-11
5240 6.830510000000001e-06
5241 0.00391589
5243 0.00630841
5247 3.79388e-07
5249 1.0168500000000001e-05
5250 0.00256119
5251 0.00665311
5252 0.000595404
5255 0.54593
5256 0.000142981
5261 0.00110645
5265 1.45227e-06
5266 0.013950799999999998
5271 8.73262e-06
5272 6.98398e-06
5275 1.20272e-05
5276 9.78774e-05
5277 0.00031889999999999995
5279 0.918486
5280 0.00389822
5282 7.99944e-12
5284 0.998771
5286 0.00114198
5287 0.000579671
5289 0.000434417
5291 0.0036027999999999998
5294 0.000118575
5295 0.00428049
5296 3.9297e-05
5299 0.000190526
5300 0.00459074
5301 1.5640100000000002e-08
5302 0.167397
5308 0.00114044
5309 1.18682e-05
5313 0.00167654
5316 9.517719999999999e-05
5317 0.00054154
5321 5.78708e-05
5322 0.00010026700000000001
5323 3.87992e-05
5324 3.02146e-05
5329 0.0997739
5330 1.64265e-05
5332 0.0010546
5333 0.000629883
5334 0.00032381799999999997
5335 0.000804745
5339 0.00020474900000000003
5341 0.00600351
5342 0.000351215
5347 1.77763e-05
5353 0.00202695
5354 2.2488400000000003e-09
5356 2.84519e-05
5357 0.00229966
5359 0.00101723
5361 0.000100982
5362 0.278658
5364 1.57184e-14
5366 6.1117e-05
5372 0.00764279
5375 0.7024060000000001
5376 0.0174473
5377 0.00465043
5381 0.00226273
5382 0.000675703
5386 0.00338294
5390 0.000702548
5392 5.9468599999999995e-05
5394 0.016444099999999996
5399 0.000968142
5400 0.000130568
5401 3.67896e-08
5402 0.00192926
5403 1.67963e-05
5409 0.00197804
5411 2.12992e-05
5412 5.75911e-07
5415 0.00600552
5422 1.4396700000000002e-06
5425 0.000730665
5426 0.01155
5427 0.00578105
5428 0.000307135
5432 3.5081900000000003e-06
5435 4.5338999999999994e-05
5437 1.07824e-05
5442 0.00013808
5443 0.0217961
5444 0.00278048
5446 0.00621471
5447 0.000107741
5449 0.00128813
5452 3.3769699999999996e-06
5456 0.00282425
5458 1.3686400000000002e-05
5459 0.06722489999999999
5460 0.0328032
5462 0.595146
5463 1.37085e-07
5464 0.361625
5466 0.00492549
5468 1.39855e-08
5472 0.00396569
5473 0.0247729
5474 0.00857778
5476 0.00013787899999999999
5477 0.00020474599999999998
5479 2.7171100000000003e-09
5480 8.36267e-07
5482 0.00253136
5484 7.626260000000001e-06
5488 0.000151287
5490 0.0138548
5491 0.000428147
5492 4.57767e-05
5493 4.8201e-08
5494 0.5724090000000001
5495 3.27679e-13
5498 0.0123678
5500 0.00326227
5501 6.47376e-07
5502 0.000386614
5503 2.70963e-07
5504 6.60724e-05
5505 0.00352135
5506 1.50071e-07
5512 0.000933048
5513 1.6741300000000002e-05
5516 1.25953e-06
5520 5.998580000000001e-06
5523 1.13634e-06
5525 0.996647
5528 0.00398155
5529 0.00099508
5532 0.00760184
5533 0.000795337
5534 2.03336e-11
5537 0.000550048
5538 0.029977800000000002
5540 3.4926e-09
5543 0.0022496
5545 0.0265048
5546 0.00793144
5548 0.00930619
5551 0.0023015
5553 5.6287e-08
5555 0.00968621
5556 0.460247
5557 7.258400000000001e-06
5558 1.35222e-05
5560 1.69167e-05
5561 6.81928e-05
5562 0.000511955
5564 0.020513
5565 0.033621
5567 0.9990629999999999
5569 0.000651022
5570 0.00251404
5571 7.92684e-08
5572 0.0238196
5575 4.75702e-13
5578 0.014766999999999999
5580 0.00234786
5581 0.5799989999999999
5587 0.00647559
5589 0.0356106
5594 1.8343900000000002e-05
5595 8.015989999999999e-08
5596 0.000123028
5597 0.0145585
5598 1.21626e-07
5602 0.00131988
5604 2.49341e-05
5607 0.00136145
5610 0.0009720610000000001
5612 0.000744647
5616 0.00405495
5617 0.000314721
5619 3.7867800000000005e-07
5621 0.00722213
5622 0.013521200000000002
5623 0.00572065
5626 9.94231e-07
5627 0.00012387299999999998
5628 0.39557800000000004
5632 0.000762342
5633 5.0982299999999995e-05
5634 0.0753583
5635 0.00012155899999999999
5638 0.00317353
5642 0.00158814
5643 0.000588326
5646 0.0857009
5649 2.6145599999999997e-06
5650 0.051621900000000005
5651 0.00564525
5656 0.00128564
5659 8.3502e-06
5661 0.0959796
5663 0.00041774900000000003
5665 0.00209476
5666 0.0215164
5667 0.00219615
5670 1.33605e-05
5671 4.88904e-06
5673 0.21654400000000001
5675 0.000525372
5677 0.00444414
5678 2.50379e-08
5681 0.000440305
5683 0.000212117
5684 0.045011
5688 5.32913e-06
5689 6.97471e-06
5690 2.73633e-06
5691 0.000182543
5692 0.00024458
5694 1.6283400000000001e-07
5698 1.96062e-05
5703 0.08703789999999999
5706 1.89241e-05
5707 0.0005966
5708 0.00042482699999999996
5709 1.6768400000000002e-06
5711 5.713770000000001e-05
5712 0.00020843900000000001
5717 0.0120521
5720 1.2500099999999999e-05
5721 0.0234244
5722 0.00502415
5724 1.21576e-06
5725 0.0449252
5726 0.036436
5727 0.17720999999999998
5733 1.8258499999999998e-05
5734 0.14698599999999998
5737 4.30863e-07
5739 6.669410000000001e-07
5744 6.592989999999999e-08
5745 0.0025001
5746 2.9195299999999997e-06
5748 0.00389109
5750 3.7895200000000004e-07
5751 0.000146742
5753 0.00511767
5754 0.00406751
5758 0.0154843
5759 5.46117e-06
5763 4.59013e-05
5766 0.0203604
5767 0.082845
5770 6.8756e-07
5771 0.00110227
5772 0.000155063
5774 7.7938e-06
5775 5.162230000000001e-06
5776 0.0006317769999999999
5777 5.23835e-07
5778 0.00538373
5785 0.00157006
5787 0.000218326
5792 0.00324523
5793 0.000116287
5795 0.00019795200000000002
5797 0.0007530130000000001
5798 3.0846199999999998e-06
5800 6.274380000000001e-05
5801 0.00310743
5802 3.5809600000000004e-05
5804 0.060245400000000005
5807 0.0933217
5808 0.00190368
5809 5.483350000000001e-06
5810 7.85983e-05
5816 6.16482e-10
5820 0.000529495
5822 0.0108644
5823 0.000596054
5827 0.00164654
5832 0.00679031
5833 0.00284889
5834 6.33356e-05
5835 0.00186999
5837 1.3387e-06
5842 1.03897e-07
5844 0.00125428
5846 0.020740099999999997
5847 1.60415e-06
5848 1.51767e-06
5849 0.030124599999999998
5855 4.06537e-10
5857 0.9959309999999999
5858 0.00305003
5862 5.51979e-06
5865 0.000144444
5866 0.995337
5869 0.00010851
5870 2.32504e-09
5871 0.0349395
5872 6.88722e-05
5876 0.0118395
5880 0.00035567
5882 8.97632e-05
5883 0.00639725
5886 0.000513727
5887 0.0006599710000000001
5890 0.0001945
5891 0.11334200000000001
5892 0.014581700000000001
5896 0.0008570510000000001
5898 0.00126785
5900 0.000130109
5902 0.0017827000000000001
5904 5.2449799999999994e-05
5907 0.00314185
5913 0.00225783
5915 7.36505e-06
5916 0.00452536
5921 0.00179471
5922 0.9891200000000001
5924 0.00150065
5925 5.92265e-06
5926 0.00212073
5927 1.6563099999999998e-07
5929 6.10065e-07
5931 0.00034360699999999995
5932 0.00030336400000000003
5933 4.6889300000000005e-05
5934 0.000396618
5935 0.058443600000000005
5936 0.0122708
5937 8.210559999999999e-05
5939 0.00310122
5941 0.034150900000000005
5942 0.0009205789999999999
5943 0.273755
5944 0.00079795
5945 0.00614294
5946 0.00550453
5949 0.00126155
5950 8.366069999999999e-06
5953 0.00103209
5955 0.000458707
5957 0.00143406
5958 0.000754997
5959 1.1269499999999999e-06
5962 1.703e-05
5965 4.16651e-06
5966 0.00152062
5967 0.00407874
5969 0.00200592
5972 0.0007196139999999999
5973 0.000727993
5974 2.9663e-07
5976 0.331449
5977 4.661189999999999e-05
5978 0.000846327
5982 0.00259912
5986 2.4945999999999998e-05
5987 0.00306892
5993 0.0160029
5994 0.0181479
5997 0.0377513
5999 3.33281e-06
6002 0.00099971
6003 2.20171e-06
6006 0.00647037
6007 0.00189281
6008 0.00121029
6010 0.054927199999999995
6013 0.015254499999999999
6014 4.42705e-05
6015 0.00138301
6016 8.70076e-05
6017 5.8181900000000006e-08
6019 3.2865100000000005e-05
6021 0.000176983
6022 0.45268400000000003
6024 2.78241e-08
6031 0.014568000000000001
6032 1.32328e-05
6034 1.7963299999999998e-06
6036 0.0068112
6037 0.0203547
6039 0.00323445
6040 0.00137502
6044 0.000281741
6047 0.00548588
6048 1.21611e-05
6049 0.45791800000000005
6050 0.00224746
6051 6.53004e-05
6052 0.0011726
6053 4.036530000000001e-09
6054 1.1662599999999999e-05
6056 0.019089500000000002
6057 0.00278199
6059 2.64819e-05
6060 0.0349146
6063 4.37176e-05
6064 0.000519228
6068 0.020263800000000002
6072 0.00119538
6075 0.026194799999999997
6076 0.00228015
6077 0.000413807
6080 2.1945e-06
6081 0.0395091
6082 3.84513e-07
6083 1.8171800000000001e-09
6085 0.00910343
6086 0.6039800000000001
6087 0.00848032
6090 6.05693e-05
6092 0.0544067
6093 0.0183703
6094 0.00238041
6099 3.37192e-05
6101 0.062244299999999995
6102 0.950308
6106 0.0400603
6109 0.0004960440000000001
6110 0.00449999
6112 5.4338199999999994e-05
6113 0.00104869
6114 0.0260639
6115 0.023480599999999997
6116 3.65666e-08
6118 6.32457e-05
6119 1.83086e-09
6121 3.2457500000000005e-08
6122 7.24519e-05
6126 0.0134312
6127 0.000132022
6132 3.45034e-14
6137 1.8960599999999999e-06
6138 5.8996800000000004e-05
6142 0.00958222
6143 0.00816257
6144 0.00275553
6145 6.58887e-05
6147 0.0174172
6149 0.00107295
6152 0.000255638
6154 7.77012e-05
6155 8.57394e-05
6157 0.0153721
6160 0.000346567
6164 0.00124576
6165 1.97624e-07
6167 0.000800473
6168 0.0139757
6169 0.00197983
6173 0.00628448
6178 0.0007124439999999999
6182 8.31558e-05
6186 0.00264294
6191 1.03055e-05
6192 6.31612e-07
6193 2.6203e-07
6194 8.75657e-07
6195 0.00579993
6197 0.00198664
6199 5.4965500000000003e-08
6200 0.027587
6204 0.0018170999999999999
6205 0.000233318
6207 0.00191984
6211 0.10949500000000001
6213 6.25272e-05
6217 0.03516369999999999
6226 0.00595396
6227 0.000305906
6228 5.3346999999999996e-05
6231 0.05133290000000001
6232 0.00039803699999999996
6237 0.00186635
6239 0.00033254199999999996
6242 1.4039099999999999e-06
6244 0.000428075
6245 2.4340399999999998e-05
6246 0.045694
6248 0.0037205
6253 0.00156812
6255 0.000502672
6256 1.02629e-06
6257 0.0402833
6263 4.6048800000000005e-14
6265 0.0017054000000000001
6266 0.0037914999999999997
6268 1.4236600000000002e-13
6271 0.0479795
6273 0.00157278
6274 0.10645299999999999
6278 7.531289999999999e-06
6280 0.012484700000000001
6283 6.19668e-06
6287 0.000507572
6288 0.00156511
6292 3.43804e-09
6293 0.00505145
6294 8.81956e-06
6297 0.673671
6298 1.1966199999999999e-05
6302 1.3058399999999999e-05
6303 0.00111604
6307 0.00466319
6308 4.8159e-05
6310 0.0154359
6311 0.000143149
6312 3.51058e-05
6313 0.00124419
6315 0.000236243
6316 3.0153e-05
6317 2.00182e-06
6322 0.0191692
6324 3.4687900000000003e-06
6326 1.4460200000000001e-08
6327 0.00014125799999999998
6328 0.00135096
6331 0.000116154
6332 0.00020087599999999998
6333 8.454260000000001e-10
6334 2.20189e-06
6336 0.00036043699999999996
6340 2.81827e-07
6342 0.000438177
6343 0.00526439
6345 0.0026454
6347 6.828699999999999e-07
6354 0.00214209
6356 3.6129e-07
6358 0.000229838
6359 0.0645015
6360 0.0186085
6361 8.83418e-05
6364 0.00012539700000000002
6365 0.0145303
6368 0.0007167139999999999
6370 0.0101818
6372 1.73268e-06
6373 0.0522671
6376 6.5017e-05
6378 0.000263178
6379 1.6699900000000003e-06
6380 0.033611199999999994
6383 0.000227202
6384 0.0029889
6386 7.30595e-06
6388 1.4038699999999998e-05
6389 0.0313404
6390 0.00649202
6393 0.0329922
6394 5.5103500000000005e-05
6397 1.86507e-06
6399 8.434219999999999e-05
6401 1.25083e-06
6402 0.00265863
6403 0.00150562
6405 0.000484725
6406 0.00010774
6407 2.8208200000000002e-05
6408 3.27361e-05
6410 0.013645
6412 4.1679300000000006e-05
6413 7.21785e-06
6414 0.00612815
6415 1.4095499999999999e-05
6416 0.00105572
6420 0.184412
6422 0.0665404
6423 0.012153
6426 0.00513352
6431 2.6248e-09
6432 0.00469532
6435 0.023891
6439 0.00043120699999999997
6441 0.167554
6446 0.000425085
6451 4.7911199999999996e-05
6452 0.000306013
6453 0.0015097
6454 2.69827e-05
6457 0.000523131
6460 0.007082300000000001
6461 0.0289589
6464 0.000252214
6467 3.5086599999999997e-06
6469 1.12028e-06
6471 0.30511
6477 0.00478714
6478 0.00114439
6479 0.000862612
6481 1.03125e-05
6485 0.001342
6487 0.000125251
6489 0.207632
6490 1.02313e-06
6491 1.5246099999999998e-09
6493 6.78158e-05
6494 0.000218318
6496 0.21464299999999997
6498 0.00012403
6500 0.0274611
6502 7.298899999999999e-08
6504 0.09068999999999999
6505 0.000507143
6508 0.000275589
6510 2.8528199999999997e-06
6511 0.00162499
6513 4.01012e-05
6514 0.00242719
6516 0.543926
6517 0.00170261
6518 1.96965e-08
6521 3.74071e-07
6522 0.050938699999999996
6525 0.00795505
6526 0.0008413089999999999
6527 0.00385125
6528 0.00393464
6531 0.00033508800000000004
6533 4.4188e-10
6535 2.97178e-10
6537 0.000172753
6539 0.00598965
6540 0.000197399
6541 0.102781
6544 3.7030099999999995e-07
6545 0.000133676
6546 0.0106897
6552 0.00013906200000000002
6554 0.00698388
6555 0.00503078
6557 1.0633299999999999e-05
6558 0.00509907
6559 0.0326978
6561 1.74792e-09
6563 0.013100299999999999
6566 0.000527467
6567 1.45661e-12
6568 0.00590404
6571 0.00184791
6573 0.000935202
6574 0.000859688
6577 1.34257e-05
6579 0.152954
6580 3.70409e-05
6581 0.000397871
6582 3.8014e-07
6586 0.0398026
6589 0.00350652
6590 9.04294e-05
6591 0.0214951
6592 0.000257844
6594 7.221600000000001e-07
6596 0.00485697
6598 0.00414622
6600 6.99821e-05
6601 4.18109e-05
6604 3.0685200000000005e-06
6607 0.129952
6608 2.84848e-08
6613 0.000224994
6614 0.00455845
6615 0.0032461999999999994
6616 0.004411600000000001
6620 2.28065e-05
6623 0.00169199
6624 0.012678100000000001
6629 6.53765e-07
6630 0.0322237
6633 0.000584878
6634 1.78635e-05
6639 1.27121e-07
6640 1.47854e-09
6641 3.8686800000000003e-08
6642 1.14612e-07
6644 0.00175012
6646 0.0393328
6649 0.0010245
6650 1.19382e-07
6651 5.62755e-05
6653 1.3038299999999998e-07
6655 8.07634e-05
6656 0.00320554
6659 0.00431553
6662 0.00117776
6663 0.0018114000000000001
6665 0.00122418
6669 2.35262e-05
6672 0.0009301310000000001
6675 0.1884
6676 0.0161059
6680 7.33355e-06
6683 1.23883e-07
6685 1.8212300000000002e-05
6686 0.00110555
6688 4.54437e-05
6691 0.9999620000000001
6692 0.00429623
6693 1.07321e-05
6700 0.997024
6701 7.003220000000001e-07
6705 0.0136401
6710 0.00235528
6711 9.25092e-05
6712 1.0
6713 0.00081869
6715 0.000337719
6716 1.93342e-06
6717 0.000436362
6720 5.39299e-06
6721 0.0143178
6723 4.26225e-08
6724 7.438389999999999e-06
6728 0.012942500000000001
6729 0.00266751
6732 0.000367761
6733 2.92295e-05
6737 2.33802e-09
6741 3.0325e-06
6742 0.00484736
6743 0.000285661
6744 0.00102418
6745 0.08102639999999998
6746 0.548301
6749 1.39787e-07
6750 0.768098
6752 5.68262e-08
6754 1.84208e-08
6756 0.00369031
6757 9.25472e-07
6758 0.000254716
6763 2.69887e-06
6764 0.000254679
6767 0.000380425
6770 0.00248935
6771 0.00218538
6774 0.00811228
6775 1.0276300000000002e-05
6776 0.0323174
6778 0.0153195
6779 0.00100969
6780 0.000117257
6785 0.0002768
6787 0.004414899999999999
6788 0.000634615
6790 0.000116595
6791 0.00895336
6792 0.0213386
6793 0.000285555
6795 0.20609899999999998
6796 1.34617e-08
6798 0.0155214
6801 0.0145765
6804 0.00032444099999999997
6807 0.9556469999999999
6809 0.0123368
6811 7.12664e-05
6812 3.62001e-07
6815 0.000337942
6816 0.0333587
6817 0.00395754
6818 0.181667
6820 0.00216859
6823 0.00116379
6826 0.00411763
6830 0.0219599
6831 2.76872e-06
6832 3.97603e-05
6834 1.32698e-07
6837 0.011958400000000001
6843 0.00440037
6846 0.000934869
6851 0.00397539
6853 8.81323e-07
6854 3.5151199999999996e-05
6856 0.00130885
6857 3.8826e-05
6861 0.812584
6863 0.00102175
6870 0.00120025
6871 5.61877e-06
6872 0.00127873
6873 0.010695200000000002
6875 0.000667737
6877 4.00487e-05
6879 0.0109619
6881 0.028280700000000002
6882 1.3386199999999999e-05
6885 1.06932e-05
6888 7.22846e-09
6889 0.000114581
6890 1.0818699999999999e-05
6891 0.00147331
6894 0.0246738
6895 0.011103
6897 0.00036114400000000004
6898 0.00177576
6901 1.86893e-05
6902 0.0483077
6904 0.0623814
6905 0.00658452
6906 0.00277246
6907 0.0170657
6913 1.9683299999999998e-08
6915 0.0429282
6920 1.60359e-08
6921 4.0397799999999997e-10
6923 0.035204400000000004
6925 0.000200855
6926 0.00457802
6927 6.33879e-10
6928 0.000671072
6929 2.95304e-12
6936 0.00015699
6937 0.9723350000000001
6938 0.000422898
6941 0.0432877
6942 1.24201e-05
6946 1.07351e-08
6951 7.33155e-09
6954 0.00239285
6955 5.65878e-05
6957 0.012167
6960 2.38654e-06
6961 2.24466e-05
6964 0.000309724
6967 0.0017187
6969 1.94864e-05
6970 0.0007612789999999999
6973 0.00344857
6974 0.00462519
6975 1.0355400000000001e-06
6977 7.87856e-08
6978 0.000773822
6979 1.1986100000000001e-06
6980 0.0435582
6982 4.52816e-05
6984 0.0375389
6985 0.297224
6986 0.00133745
6991 0.013502200000000002
6992 0.000266875
6993 3.283e-07
6996 0.00018161900000000002
6997 6.50915e-05
6998 7.400600000000001e-05
6999 4.47138e-07
7000 0.00361037
7001 0.000283591
7005 4.0398e-06
7010 1.41376e-07
7012 0.0980925
7013 9.224850000000001e-05
7014 7.46151e-05
7015 9.19054e-09
7017 0.00976507
7019 0.00235016
7024 0.000248929
7026 0.000183721
7027 0.00144681
7028 0.00923949
7030 0.00106349
7032 0.00031825099999999997
7034 0.000124808
7037 2.98781e-05
7041 0.00298895
7043 0.00151632
7044 0.000127719
7047 0.00021349999999999999
7051 0.0109914
7053 0.00040700599999999996
7055 0.00285357
7057 0.10322100000000001
7060 0.112916
7061 0.00020835599999999998
7063 0.00019109400000000002
7066 0.000694203
7067 0.031137599999999998
7069 0.0011017000000000002
7076 3.1229200000000003e-06
7081 0.00512164
7082 0.0008098669999999999
7083 0.00499169
7085 0.00264364
7087 0.000493092
7091 0.000490244
7094 0.0197186
7096 9.1772e-07
7098 0.00184505
7099 0.150752
7102 3.86667e-05
7103 0.000293422
7106 0.187472
7107 1.60662e-05
7110 0.941083
7111 1.3570799999999999e-05
7112 4.23751e-05
7115 2.89072e-07
7116 0.00254127
7118 0.000883973
7119 0.00280134
7120 0.0182532
7124 9.205029999999999e-07
7126 0.0008134689999999999
7127 0.000195986
7131 2.27017e-07
7134 0.000947378
7135 0.000393125
7136 1.74183e-05
7137 0.0009593669999999999
7142 0.00291276
7143 5.28231e-07
7145 1.99036e-05
7151 0.00020508400000000002
7155 7.339170000000001e-13
7156 0.00047890199999999996
7157 2.8095e-07
7158 0.00642219
7160 1.6141900000000002e-05
7161 0.00278455
7164 6.065619999999999e-09
7169 0.000242639
7170 0.0290959
7171 0.00040507300000000004
7173 1.19262e-05
7175 2.52989e-05
7176 9.17575e-05
7178 0.087275
7179 0.00517061
7181 0.00017142400000000002
7183 0.00043059699999999996
7186 8.45839e-06
7188 1.3169e-07
7190 1.34923e-05
7192 0.00013505
7195 0.0106474
7196 0.022705200000000002
7198 0.08018710000000001
7199 5.26485e-06
7201 8.25369e-05
7202 0.592478
7203 0.000775592
7206 3.21582e-06
7207 0.013641499999999999
7209 3.05646e-05
7218 0.0169286
7220 0.011351700000000001
7221 0.00141307
7225 0.014080500000000001
7226 9.68267e-06
7228 0.00450766
7229 0.00513808
7231 0.00194163
7232 3.84312e-08
7233 1.37323e-07
7235 4.4436499999999996e-08
7237 0.00359104
7238 3.5546799999999997e-05
7239 0.00868061
7240 0.0551885
7242 5.6159700000000004e-05
7246 0.000377337
7248 0.9945459999999999
7251 0.00341875
7252 0.00367545
7253 0.00239678
7254 4.42922e-05
7255 0.00794819
7257 1.5385300000000002e-07
7262 0.000161606
7264 0.0581158
7265 0.000629604
7267 2.9456e-05
7268 0.0101147
7269 0.000147954
7272 0.9986450000000001
7273 5.87933e-05
7277 0.00123289
7278 0.00363196
7281 0.00050686
7282 0.00169601
7286 2.24553e-06
7287 4.86041e-05
7288 3.09623e-08
7290 2.70283e-06
7291 7.43716e-05
7293 0.00258128
7301 0.000808948
7303 0.0011547
7304 0.00243511
7306 0.00862687
7307 1.5886200000000002e-08
7309 1.61745e-08
7310 0.00698646
7312 0.00645008
7313 0.000315833
7315 0.06755019999999999
7316 0.000439361
7317 0.00174533
7319 0.00457586
7320 2.48956e-07
7321 0.0118403
7324 5.44838e-05
7326 1.66045e-06
7328 0.00028268900000000003
7331 0.00143065
7332 0.619993
7333 0.00138474
7335 0.281447
7337 0.00022987099999999998
7338 0.000487276
7339 4.7867e-07
7340 4.805309999999999e-08
7341 2.43947e-05
7342 0.000816428
7345 1.13091e-10
7347 0.00325468
7348 0.0314746
7349 6.022919999999999e-06
7352 0.00011714299999999999
7353 0.179252
7354 3.1566399999999996e-05
7355 0.000229195
7357 2.36595e-06
7358 1.96802e-05
7360 0.00034252400000000003
7362 2.58725e-06
7364 0.029634800000000003
7366 0.0914278
7367 6.94915e-05
7368 5.366e-06
7371 1.16846e-06
7377 0.000110616
7378 0.00197935
7379 0.015539700000000002
7380 0.040475199999999996
7382 0.00048384
7384 0.00012587700000000001
7386 6.0755100000000004e-05
7387 3.4170300000000004e-08
7391 0.38157399999999997
7392 0.000631348
7393 0.08002469999999999
7395 0.0183777
7397 6.70438e-05
7399 6.78237e-07
7400 0.0008215680000000001
7401 0.0195882
7402 9.89231e-05
7403 4.26923e-09
7404 0.00447925
7405 8.73311e-06
7406 0.00187512
7407 0.00168723
7409 0.000496962
7412 0.00473739
7415 3.83954e-05
7418 4.84881e-06
7420 0.00164267
7423 2.55043e-08
7426 2.32441e-13
7428 0.00017492099999999997
7429 2.5515799999999997e-06
7430 8.48033e-06
7434 0.000106888
7440 0.0207612
7441 1.02813e-06
7442 0.24203000000000002
7444 0.00361266
7447 7.78263e-10
7450 2.82536e-05
7452 0.00118753
7453 0.012953600000000001
7455 3.3807099999999995e-06
7456 0.0118684
7459 0.00119586
7462 1.12856e-06
7463 0.00186841
7464 0.0008845639999999999
7469 0.000158671
7471 0.00354094
7472 0.183033
7473 0.999799
7476 0.00287039
7478 7.4425e-05
7485 0.0106378
7487 0.000239274
7488 0.00162657
7492 0.00303266
7494 0.0325627
7495 0.00217092
7496 0.00025085099999999996
7499 0.999909
7500 0.0140369
7501 3.82364e-06
7502 6.881879999999999e-07
7504 0.15698199999999998
7505 1.6114200000000002e-05
7507 0.00044410099999999997
7508 0.00029753900000000004
7509 3.5194e-06
7510 0.00084851
7512 0.98869
7514 0.00582801
7515 0.0383454
7516 0.024322299999999998
7518 6.424399999999999e-05
7520 0.017780400000000002
7522 3.90422e-05
7529 7.699539999999999e-06
7531 0.000579787
7532 0.017252
7534 0.000221384
7539 0.00135245
7541 2.20523e-06
7542 0.000668034
7545 0.000158598
7548 0.00224392
7549 0.451471
7550 0.00011933
7552 0.000552909
7553 8.09452e-07
7554 0.00201311
7556 1.2622e-07
7557 0.0061576
7560 0.0223717
7561 0.000167435
7562 0.0006360059999999999
7564 0.00495732
7567 0.00039491300000000005
7569 0.0127825
7573 0.000489359
7574 0.0121953
7577 0.021300299999999998
7580 5.98525e-05
7581 0.000121498
7582 0.0009511039999999999
7583 0.0749647
7584 0.000959697
7587 0.000411128
7588 0.259726
7589 3.59605e-05
7591 1.44778e-06
7593 1.2808400000000002e-10
7595 0.0273819
7596 0.00516975
7597 9.75677e-05
7598 0.00032559099999999997
7599 3.67187e-05
7602 3.1754800000000002e-06
7604 0.028426499999999997
7607 0.00041401800000000005
7608 0.156305
7609 0.014391
7610 0.0899784
7613 0.00012151100000000001
7616 0.00618066
7617 1.5308699999999998e-05
7620 0.00035685599999999996
7623 0.00114247
7625 0.0006474240000000001
7627 1.55582e-08
7628 0.00960296
7630 1.21737e-15
7632 6.0514300000000004e-05
7634 0.000413214
7635 0.000208828
7636 0.0009213439999999999
7638 0.9563879999999999
7641 2.6467900000000004e-06
7643 0.9999959999999999
7644 0.473423
7645 5.69666e-06
7646 4.9202399999999995e-08
7648 0.11295699999999999
7651 0.5313060000000001
7652 0.00345594
7658 1.93023e-06
7659 0.0008166139999999999
7660 0.00838823
7661 0.000612634
7665 7.13146e-05
7669 0.000359512
7674 3.16052e-08
7676 0.000881727
7681 0.5973970000000001
7684 0.00038621699999999995
7686 0.00287196
7689 0.00562101
7690 4.4887099999999994e-07
7693 2.14592e-05
7695 0.0050379
7698 5.81421e-10
7700 0.0100207
7701 6.09561e-07
7703 0.00204169
7706 0.000131437
7707 0.081595
7708 0.202346
7710 0.000408631
7711 0.00024755599999999996
7714 0.000227382
7716 0.0426314
7717 0.00162263
7719 0.00796782
7722 0.0314612
7725 5.59385e-10
7726 0.00011603799999999999
7728 0.0134769
7730 0.0040235
7733 0.0250787
7734 6.022759999999999e-08
7737 0.00010022
7738 0.0359768
7739 0.0114032
7741 0.0008878689999999999
7744 0.00192965
7747 0.0377755
7750 0.00018622099999999998
7752 0.029382299999999997
7755 0.00722927
7756 0.033842000000000004
7757 2.8634400000000002e-08
7759 0.0022981
7761 1.89923e-07
7764 3.70866e-06
7766 0.0009214410000000001
7769 0.00179523
7770 0.00195513
7771 2.8335e-08
7774 0.00016731099999999998
7778 0.00419098
7780 0.00177686
7782 0.00273644
7783 4.60929e-07
7784 0.00590877
7785 0.00514506
7787 0.011173200000000001
7788 5.66839e-05
7789 0.000706617
7792 2.0484499999999997e-05
7794 0.000734623
7796 0.00129654
7797 3.23452e-06
7800 0.000150051
7801 0.0706166
7802 9.464219999999999e-05
7804 3.07559e-05
7805 0.0639856
7806 0.00405068
7807 4.5713e-05
7808 0.00328977
7811 0.00653881
7816 0.018345900000000002
7817 0.000320609
7818 0.00208532
7822 9.4114e-06
7823 0.0013353
7825 6.79283e-08
7827 3.7125800000000005e-06
7828 0.0019396
7829 0.939367
7830 0.000410482
7832 0.00596181
7835 2.7301100000000002e-05
7837 4.847519999999999e-08
7839 0.00654742
7842 0.00028639700000000003
7844 1.9048100000000002e-07
7846 5.49765e-05
7848 0.00021037400000000002
7849 0.0106721
7850 0.000110553
7851 0.000181023
7852 1.21157e-05
7858 0.00654281
7860 1.69108e-08
7861 2.04194e-05
7862 0.00157219
7866 0.00673263
7867 0.00119415
7870 2.54775e-05
7871 0.00208567
7874 0.000149677
7875 1.4331400000000001e-05
7879 0.00124151
7880 0.00402855
7881 1.0134e-05
7882 8.316469999999999e-08
7887 0.00177836
7888 0.06739880000000001
7891 0.000364205
7892 0.000632555
7893 2.5425e-05
7894 1.46043e-06
7895 0.000160229
7896 0.00325517
7903 0.000251503
7904 0.000389471
7906 8.64552e-08
7907 0.00100283
7912 5.84526e-09
7913 0.000556721
7917 0.00735721
7918 0.00590133
7922 0.799981
7927 6.15867e-06
7929 0.00412224
7930 0.005086
7934 1.92303e-10
7936 2.8569599999999997e-06
7937 0.8304309999999999
7938 0.0238737
7941 0.000493754
7942 0.0013243
7944 1.57005e-06
7945 5.60532e-07
7948 0.00022140400000000002
7949 4.88665e-05
7951 1.0060399999999999e-07
7952 0.00108474
7955 0.000415241
7957 0.0199112
7960 3.5319e-07
7961 0.000175193
7962 0.000217963
7965 0.00201063
7966 0.00245161
7967 1.38601e-05
7969 0.00536906
7972 0.00421348
7973 1.20817e-07
7975 0.0006033190000000001
7977 0.00125388
7978 2.3199999999999999e-07
7981 0.0849068
7982 0.0193148
7983 1.8601199999999997e-05
7985 2.8836e-05
7986 0.000217242
7988 0.00419687
7989 0.07608989999999999
7990 9.16367e-05
7992 0.000270658
7993 2.78344e-10
7994 3.8810500000000004e-05
7995 9.90282e-09
8000 0.00666256
8003 5.91045e-07
8006 0.0020203
8007 1.8658499999999998e-05
8010 0.00332371
8011 0.00999341
8013 0.00158457
8014 0.0170732
8015 0.00814665
8016 1.3124799999999998e-06
8018 0.040813699999999994
8020 0.000108906
8021 0.000384189
8022 0.030220799999999996
8025 0.08474630000000001
8027 8.098920000000001e-05
8028 0.00627456
8030 2.68378e-07
8034 5.36374e-08
8035 0.0009374419999999999
8038 0.00019243
8039 0.080564
8041 0.00356599
8045 0.0433391
8046 2.05217e-09
8047 0.00761264
8050 0.00904071
8052 0.0182778
8054 0.00247116
8055 2.0447400000000003e-06
8056 0.00879532
8058 0.00491676
8059 8.053449999999999e-05
8065 0.0014077
8066 9.43439e-05
8070 0.00163368
8071 0.717784
8073 0.00186873
8074 1.55231e-07
8077 0.00020821
8078 0.0009572000000000001
8080 0.0032423
8081 0.00949191
8088 3.7107800000000005e-12
8089 0.10250799999999999
8090 0.00123389
8092 0.00103138
8094 0.0117253
8097 4.92787e-07
8099 3.7562299999999995e-09
8102 0.00355269
8104 1.4638399999999999e-05
8109 0.045512699999999996
8110 0.00263214
8111 0.00694149
8113 0.00225347
8114 0.00196137
8118 9.21097e-06
8119 0.262907
8120 0.0008213319999999999
8123 0.219311
8124 0.00387774
8126 0.000635838
8128 7.98295e-09
8129 4.29634e-06
8131 0.00219974
8133 0.000531556
8134 8.11707e-06
8135 0.000785914
8136 0.00111728
8143 0.000619381
8145 0.00136753
8146 0.0005142069999999999
8147 0.00773182
8148 7.37979e-11
8149 0.000495269
8152 8.014589999999999e-06
8153 0.10608699999999999
8154 7.99337e-06
8155 0.0169231
8156 0.9990000000000001
8157 0.00015113100000000001
8158 0.0018573
8161 9.14665e-06
8162 0.198978
8165 9.594129999999999e-05
8167 0.308653
8170 0.000900576
8172 0.0013026
8176 0.09324860000000001
8178 0.00203416
8179 0.000117699
8181 7.61357e-06
8182 0.00207249
8183 0.00113491
8184 0.0787817
8185 0.999993
8187 0.00584059
8192 0.00879998
8193 1.2685600000000002e-06
8194 5.00014e-06
8195 0.000272785
8196 0.06970599999999999
8198 0.378265
8201 0.0286964
8205 0.000294725
8206 0.9932059999999999
8207 0.00085851
8210 0.0670742
8212 0.000240327
8214 3.18016e-06
8215 0.00543656
8217 0.00413397
8219 1.68604e-05
8221 0.0206352
8227 5.8156800000000005e-05
8228 0.00150729
8230 1.1964900000000001e-08
8231 0.000258035
8233 0.0143095
8234 4.22984e-06
8237 0.00021856099999999998
8238 0.118746
8239 0.013507499999999999
8240 0.21947199999999997
8242 0.0156954
8243 6.723269999999999e-07
8245 0.00712471
8246 5.064189999999999e-09
8247 0.000170777
8249 0.00319669
8255 7.742670000000001e-09
8256 0.00184044
8257 0.589517
8259 3.62453e-06
8264 2.7345799999999995e-06
8265 0.000304166
8266 8.62968e-05
8267 0.0398509
8270 2.69689e-05
8271 0.0965381
8273 0.00300626
8274 0.000696185
8276 0.00646865
8277 0.0010242
8278 7.78244e-09
8283 1.47961e-06
8286 0.0188958
8287 0.00403319
8288 0.000939515
8289 0.110517
8290 0.000258058
8291 0.00018754200000000001
8298 0.015394
8303 0.0036025999999999996
8304 0.0031929000000000003
8305 0.000681124
8308 0.000451868
8309 0.00272341
8314 0.00021277099999999997
8321 0.019397499999999998
8324 2.04427e-05
8325 0.00516166
8328 0.00688816
8330 0.00120999
8331 1.80319e-05
8333 0.0428923
8334 0.000192626
8337 2.2366900000000003e-06
8339 0.06789260000000001
8340 0.00286787
8343 0.0022179
8344 0.0007839460000000001
8347 0.00506958
8348 7.20206e-14
8350 0.000182465
8352 1.84918e-05
8353 1.9273900000000002e-07
8354 0.00068469
8356 0.000125064
8357 8.04012e-08
8358 0.000314988
8361 1.04853e-05
8362 4.90442e-06
8363 0.00053013
8366 4.79121e-08
8367 4.0718699999999995e-06
8369 1.13181e-08
8371 2.42914e-05
8373 0.000292217
8375 0.00642689
8377 0.0114548
8378 1.3484700000000001e-06
8379 0.0163441
8380 0.017502599999999997
8382 0.0495196
8383 7.7502e-05
8389 0.994165
8392 0.00322395
8393 1.27569e-06
8394 0.308849
8395 0.539251
8396 4.6409099999999996e-05
8399 0.000408625
8400 0.00365573
8401 0.00185564
8402 0.00300949
8404 0.00041462800000000006
8405 6.97478e-05
8406 0.00240912
8407 0.00388212
8408 2.08997e-05
8411 0.00172191
8412 0.000129914
8414 1.6850899999999998e-05
8417 0.0127524
8418 0.00716573
8419 0.00120879
8420 7.896220000000001e-05
8421 4.23166e-07
8428 7.003369999999999e-05
8431 0.0693249
8432 2.09811e-05
8435 2.09433e-05
8436 0.0012912000000000002
8439 0.00268594
8440 0.000364734
8441 0.0023508
8446 0.00992949
8447 8.70278e-08
8448 0.0657749
8451 0.000750204
8455 4.93754e-05
8457 0.9999549999999999
8458 0.0163463
8459 0.0005175430000000001
8460 0.00031827099999999996
8463 0.000517232
8464 0.00260976
8469 5.8644700000000005e-05
8471 0.039014099999999996
8473 3.03391e-08
8474 0.00324762
8476 0.00113239
8479 2.21035e-06
8480 0.000549841
8481 0.00135506
8486 0.00437018
8487 0.00595896
8488 3.85465e-05
8489 0.00150509
8490 0.0233059
8491 9.67665e-06
8493 0.0143371
8496 0.00707356
8497 0.00831381
8500 0.000104975
8501 0.00031478
8504 1.08504e-05
8505 0.061387199999999996
8507 0.000176777
8508 1.11918e-11
8510 0.00033503300000000004
8511 6.30469e-06
8515 4.403880000000001e-06
8516 0.0315518
8520 0.0015015
8525 0.0429145
8527 0.00123288
8528 0.00161093
8531 6.285520000000001e-05
8532 0.00016916299999999998
8537 1.1702299999999999e-07
8538 0.00655446
8539 0.0023369
8540 4.48802e-09
8543 0.0242206
8544 0.00881017
8545 3.64601e-08
8546 4.48731e-08
8547 0.999974
8548 0.00011995799999999999
8551 1.79422e-08
8552 0.00181215
8554 0.00063393
8555 0.00042212699999999995
8560 1.2905e-05
8561 0.00024448
8563 0.00075947
8565 0.00871503
8566 0.00689695
8567 0.000554886
8569 6.38661e-05
8570 0.999159
8571 8.70007e-05
8574 0.00976453
8575 5.68196e-05
8577 0.0168835
8578 0.00047997599999999996
8579 4.3759300000000005e-08
8580 0.000544756
8583 0.0140841
8589 1.80492e-07
8590 0.00112818
8591 0.0104774
8593 0.00274799
8594 0.00619206
8597 5.10545e-08
8598 0.0289855
8599 0.0061034
8600 0.00400126
8603 0.00123652
8605 0.00262242
8609 1.00179e-06
8611 0.00701468
8613 0.0005376980000000001
8614 0.00561826
8616 0.00127689
8619 2.3826499999999998e-08
8622 6.24599e-07
8623 1.79138e-06
8625 9.6226e-06
8626 0.0314883
8627 0.0974591
8629 0.00024322400000000003
8630 0.000530524
8631 5.71231e-06
8632 5.498150000000001e-06
8634 0.000771944
8637 0.000763201
8640 0.000109588
8641 0.047148800000000005
8642 2.80856e-06
8643 1.375e-08
8646 0.005039
8648 0.00325241
8649 0.000126394
8650 0.0207228
8651 9.94661e-05
8652 0.0216789
8656 1.6865e-06
8657 0.00121307
8658 5.07865e-05
8659 0.00388168
8660 0.00730887
8661 7.206609999999999e-05
8662 8.94923e-14
8664 0.033238300000000005
8666 0.00206067
8668 0.00039810599999999996
8669 0.000144939
8671 0.0206454
8672 7.24607e-05
8673 0.000308105
8674 3.2529e-05
8675 0.011031399999999998
8677 3.7955999999999994e-07
8678 0.0883858
8679 0.00346214
8681 0.00011470299999999999
8682 2.93106e-05
8684 3.85018e-06
8685 0.000660688
8686 0.00281889
8689 6.03962e-10
8693 1.48511e-06
8694 3.24722e-05
8696 7.3937399999999994e-06
8697 0.12619
8700 0.0005223140000000001
8703 4.9667400000000005e-06
8704 2.6191900000000004e-06
8705 0.00929692
8707 0.00562286
8708 0.00454888
8711 0.00025879799999999997
8712 5.21534e-06
8714 3.70063e-13
8715 1.5175999999999998e-05
8719 0.10962899999999999
8721 0.00125449
8724 0.000180139
8726 2.37198e-05
8729 0.000574276
8734 0.00023768099999999998
8735 0.0815427
8736 0.7946409999999999
8737 0.000199562
8740 0.00163599
8743 0.000149052
8745 1.7012900000000003e-06
8746 0.00376488
8751 0.021920500000000002
8754 0.451363
8758 0.000511641
8761 0.0369989
8762 0.00872936
8763 5.02125e-06
8765 5.68447e-08
8767 0.0981529
8774 0.0089955
8777 2.4088599999999996e-08
8778 0.11859600000000001
8779 0.00312809
8780 0.158668
8781 0.00122703
8782 5.85982e-09
8785 5.73067e-05
8786 0.000208071
8787 3.38178e-05
8788 6.77905e-09
8789 8.775069999999999e-07
8791 1.72716e-08
8792 0.000132087
8795 0.000921798
8797 7.41325e-05
8798 0.000363184
8800 7.567770000000001e-05
8802 0.00119635
8803 0.010549700000000002
8804 0.00111598
8807 9.03702e-05
8808 0.00547839
8812 0.033506
8816 0.00515227
8818 0.020012799999999997
8820 2.7292e-05
8821 0.5494680000000001
8824 3.14873e-06
8825 1.6330799999999998e-08
8827 0.0187389
8828 0.0178644
8829 4.57572e-07
8830 0.0543654
8832 0.00873003
8834 0.000642069
8839 7.912460000000001e-08
8842 3.0457800000000002e-05
8844 0.00481699
8845 2.0031699999999997e-08
8846 0.00443193
8850 0.996296
8851 0.00373891
8852 6.48634e-08
8853 4.2037700000000006e-05
8855 1.36247e-06
8857 0.00106699
8860 0.00383445
8861 0.000489314
8863 0.0016687000000000002
8864 0.00385771
8866 0.00727731
8868 3.82658e-05
8869 0.000174033
8870 1.25662e-09
8875 0.00153826
8877 1.34755e-05
8881 2.7038299999999998e-09
8882 2.38637e-07
8887 0.000151808
8889 0.000854162
8893 3.76631e-05
8894 0.000229344
8895 2.0603200000000003e-05
8896 1.04269e-06
8897 0.000261285
8898 0.00487325
8899 0.00313884
8901 1.4211400000000001e-05
8902 0.00230464
8903 0.00038009400000000004
8904 0.144178
8906 0.00984988
8907 0.00492623
8908 5.0861e-07
8910 4.81839e-06
8912 2.38771e-05
8915 4.091e-06
8916 0.015995099999999998
8918 0.000509036
8922 0.00840376
8924 0.000298383
8925 3.46516e-05
8928 0.00507059
8934 7.18147e-15
8935 8.72616e-05
8937 0.326852
8938 0.135901
8941 0.0174879
8945 0.00459575
8946 0.00097214
8947 0.250577
8949 0.000299559
8950 9.35761e-13
8952 5.74534e-05
8954 0.000925167
8956 2.62925e-13
8957 0.0007716239999999999
8959 0.000122798
8963 0.031749200000000005
8964 0.00128707
8972 2.06868e-05
8974 1.3881600000000001e-05
8977 0.00016819
8981 3.84543e-09
8984 0.00039004199999999995
8986 4.12747e-07
8990 0.000209603
8991 0.00712581
8992 0.0157454
8993 0.00514774
8994 0.0016769999999999999
8996 0.00111774
8998 0.0008656839999999999
9001 0.00019475099999999998
9003 0.26509499999999997
9008 3.45006e-10
9009 0.0919339
9010 0.032521100000000004
9011 0.00281778
9012 0.0333811
9013 0.0513036
9014 0.0005676419999999999
9017 0.000379983
9021 1.17209e-05
9023 2.20316e-07
9025 0.000108736
9026 0.00843659
9028 1.88741e-09
9030 1.23338e-06
9031 0.00225695
9033 0.000318632
9038 0.000124073
9040 0.00262745
9041 7.559439999999999e-10
9043 0.0132233
9044 3.48172e-09
9046 6.91488e-05
9047 1.3463200000000002e-08
9050 4.35996e-09
9052 3.77579e-05
9054 0.00302109
9055 0.0178702
9056 0.9376540000000001
9057 0.000297589
9061 3.37631e-05
9062 5.354e-05
9065 2.19429e-06
9067 0.00128564
9069 2.8068399999999998e-09
9070 0.0507337
9071 3.3267e-07
9074 4.1421999999999996e-07
9075 0.00269885
9076 3.9996599999999996e-05
9077 0.00961713
9081 0.000715959
9082 0.00175797
9083 5.98581e-07
9084 9.852589999999999e-06
9088 0.0009303839999999999
9090 0.908106
9092 0.00766254
9093 2.64028e-05
9095 0.0636746
9096 3.11066e-06
9097 0.00150027
9101 3.84758e-05
9102 0.00151022
9103 0.00121438
9104 0.00175857
9107 0.0290432
9109 0.145776
9110 0.00016455400000000002
9111 2.59392e-07
9115 0.00408776
9118 0.000482059
9119 1.07671e-05
9120 0.011424799999999999
9122 0.000237291
9124 0.00426481
9125 0.00119991
9127 0.000374307
9130 0.000381626
9132 0.00216882
9134 1.7392700000000002e-06
9135 6.22639e-06
9137 5.9357100000000005e-06
9139 6.2087e-07
9140 0.046754000000000004
9142 4.55849e-05
9143 0.00030795400000000004
9145 3.03447e-12
9146 1.71269e-05
9149 0.000318562
9152 7.56558e-06
9154 0.0608951
9156 1.5137e-06
9158 6.74687e-11
9164 0.102645
9165 0.00458948
9167 1.6115100000000002e-15
9169 0.000587809
9170 0.00233497
9171 0.00384856
9172 0.123394
9176 0.00715165
9182 2.66959e-06
9183 4.7246899999999997e-07
9188 1.30431e-08
9190 1.68008e-05
9198 2.98348e-09
9199 0.00010465299999999999
9201 0.00947152
9203 0.000139835
9204 0.0640187
9206 0.00113458
9207 0.0372695
9210 0.000394694
9211 1.0661900000000001e-13
9216 0.519332
9217 1.5178900000000001e-05
9219 0.0119508
9220 0.00464817
9222 0.022528700000000002
9223 0.41011800000000004
9225 0.00814511
9226 8.556010000000001e-05
9228 0.00747687
9229 8.139310000000001e-07
9231 0.000403269
9232 0.00347216
9233 0.0153018
9234 0.0014172
9235 0.015135599999999999
9237 5.269189999999999e-09
9240 1.87817e-06
9241 0.0720038
9243 1.27506e-07
9248 0.00059098
9253 0.00159108
9256 2.5683499999999997e-06
9257 0.00685467
9258 5.6554199999999996e-08
9260 3.63511e-05
9261 0.689701
9262 8.214969999999999e-08
9263 0.00509793
9264 0.00059656
9265 0.00037851599999999997
9266 0.551655
9267 3.58456e-05
9274 0.000247611
9275 0.406476
9276 0.011745299999999998
9277 1.0809299999999999e-08
9280 2.48917e-05
9284 0.00898247
9292 0.00012018
9293 0.000151707
9294 0.0144911
9297 0.0109505
9298 2.52056e-06
9300 5.4255299999999995e-05
9301 0.00466216
9302 5.90908e-07
9304 0.0164935
9305 6.531959999999999e-07
9310 0.07928260000000001
9311 0.00265303
9313 0.05388330000000001
9314 0.00557848
9317 2.5783900000000002e-08
9319 0.000594991
9320 0.010004899999999999
9321 6.668639999999999e-06
9322 0.000181835
9328 0.0009422380000000001
9329 1.28252e-05
9332 0.00010641
9335 8.11907e-05
9338 3.52347e-10
9340 0.000907679
9341 2.1111300000000002e-05
9344 0.000298157
9345 0.0006604660000000001
9346 0.11353699999999999
9352 0.017369799999999998
9353 0.000587634
9355 3.48648e-05
9356 0.000319995
9357 0.028381
9360 3.11094e-06
9361 1.0817e-05
9363 4.52479e-05
9364 9.666819999999999e-05
9366 2.30208e-06
9367 0.283058
9369 0.0014003
9370 1.34009e-08
9372 0.000352749
9376 2.5649400000000005e-06
9379 0.0263995
9380 0.000684921
9381 4.8157e-07
9383 1.30592e-05
9384 0.0173796
9385 0.371659
9387 1.78166e-05
9390 4.43366e-11
9391 0.00212638
9395 3.67424e-08
9396 0.00454122
9397 0.0185357
9399 4.88131e-05
9400 0.047915
9402 0.00824287
9403 0.0227763
9404 0.038607300000000004
9415 0.0641145
9416 0.9999950000000001
9423 0.000124799
9425 0.00303257
9426 0.000415966
9427 0.004084900000000001
9428 0.00172043
9430 2.97855e-07
9431 0.00185026
9435 0.124045
9436 0.0008032439999999999
9441 0.00066309
9442 2.88593e-08
9444 0.00615882
9447 2.8900700000000002e-08
9449 0.00268148
9450 0.00169963
9451 3.5056600000000004e-07
9452 0.00254072
9453 0.000422962
9462 0.999864
9467 0.08164289999999999
9471 0.0134293
9473 0.00207996
9474 0.00307376
9475 8.27782e-07
9478 0.066847
9482 0.00173871
9483 4.56023e-07
9485 0.008801
9486 0.00454692
9487 0.00306852
9489 0.030752299999999996
9492 7.70893e-06
9493 1.07093e-06
9495 0.000316233
9498 4.88224e-06
9501 7.22513e-06
9503 0.013083000000000001
9505 0.00131256
9506 2.9305300000000002e-05
9509 6.63872e-05
9510 2.1351299999999997e-08
9511 0.285613
9513 0.00104003
9514 0.042145499999999995
9521 0.07123099999999999
9522 0.0244807
9525 4.03319e-05
9529 0.00128743
9530 0.000537741
9534 3.9372599999999996e-08
9535 0.000177939
9536 3.28739e-08
9538 0.0012711999999999999
9539 0.00013340299999999998
9544 0.028075
9547 0.00782988
9548 3.3308499999999996e-06
9552 0.00162132
9553 7.128710000000001e-06
9554 0.0154171
9555 0.00045634
9556 0.000883425
9559 9.561230000000001e-06
9561 0.00046613199999999996
9563 6.79007e-07
9564 0.00336868
9569 0.100674
9570 0.0169215
9572 0.194725
9574 0.00101858
9575 0.00188011
9578 0.00552367
9581 0.999865
9582 0.148402
9583 0.000480296
9589 0.00552888
9590 1.1745799999999999e-05
9592 0.00178409
9593 0.000666279
9594 0.0236328
9595 0.019078599999999998
9599 0.00192036
9601 6.29357e-05
9602 0.9999870000000001
9604 0.00226642
9606 0.044316
9607 0.00124223
9608 2.4116e-06
9610 0.0033294000000000006
9612 0.00184121
9616 3.6730000000000002e-06
9622 0.00013799100000000001
9624 0.000184737
9625 0.00152091
9626 0.00234923
9628 0.00122959
9630 0.127601
9631 0.00618079
9632 0.215071
9633 0.00039259300000000005
9635 0.00874445
9639 0.000108876
9640 2.12773e-05
9642 0.16851
9643 0.00944793
9645 0.0811624
9646 6.01584e-05
9648 0.0122446
9651 0.00472249
9652 1.71765e-09
9653 0.000614326
9657 1.5949799999999998e-06
9660 0.00120701
9661 0.0016940000000000002
9662 0.0851929
9663 0.12141400000000001
9665 0.031248400000000003
9669 0.00011233
9672 0.0248508
9673 7.02889e-08
9674 7.3292e-09
9675 1.43796e-07
9677 0.00136076
9680 5.43684e-06
9682 1.52291e-06
9683 1.8596800000000001e-07
9688 8.77062e-05
9689 0.000567278
9690 0.0386436
9694 0.00128826
9696 0.00433808
9697 0.00115878
9701 0.000169765
9704 0.00141822
9705 8.56839e-05
9708 0.00045937
9714 0.00196273
9715 0.00107035
9716 2.63651e-13
9720 2.05506e-07
9722 0.00392205
9723 8.12114e-07
9725 0.000435624
9727 0.00328249
9728 0.00335082
9730 0.00188491
9731 9.46555e-10
9736 0.00029058599999999996
9739 0.0052907
9740 4.68967e-07
9741 0.00155499
9742 0.0197993
9744 0.0005495480000000001
9750 0.11621300000000001
9751 0.000156297
9752 0.061524
9753 0.0856462
9757 1.48345e-06
9759 1.0273e-06
9760 0.00190693
9765 0.0691196
9766 0.000354149
9768 0.00853083
9769 0.000827997
9770 0.00152727
9771 0.0155785
9775 1.02444e-09
9777 0.00045597
9779 0.00271141
9782 0.00810981
9783 0.00612881
9784 0.00063687
9786 0.000437919
9787 0.999459
9788 1.70975e-05
9791 0.00245521
9793 1.50694e-05
9795 0.0716328
9798 0.016286000000000002
9799 0.000969245
9802 0.00028293
9803 0.00481458
9804 6.972080000000001e-06
9806 0.00010211
9811 1.48984e-05
9812 0.00908918
9814 0.00469482
9815 0.12833699999999998
9817 2.60586e-06
9818 0.000150361
9820 0.000747987
9821 6.940639999999999e-08
9824 3.54454e-05
9826 2.44951e-07
9827 2.22687e-07
9829 0.000491447
9835 2.8498e-07
9837 0.00673154
9838 0.000161824
9840 0.000148871
9843 0.0259284
9844 5.0358300000000005e-06
9846 0.000935827
9847 1.4811300000000002e-05
9849 6.24989e-05
9850 1.6403099999999998e-06
9853 0.08621269999999999
9854 0.030699900000000002
9856 0.0033723
9857 0.0007700760000000001
9861 0.00124707
9864 0.000493223
9866 6.12709e-06
9871 0.00371798
9873 6.20054e-06
9875 0.039702999999999995
9876 9.66907e-15
9883 0.000108599
9885 0.0018505
9888 0.011982399999999999
9889 0.017546400000000004
9890 3.8763099999999994e-10
9891 0.153832
9892 8.84791e-05
9893 1.28173e-05
9895 1.91605e-06
9899 9.515299999999999e-05
9901 0.00237497
9903 0.00753597
9906 0.228927
9907 0.00332972
9909 5.7782e-05
9910 0.00695088
9912 0.00011440200000000001
9914 0.0312366
9915 0.00157598
9916 0.0169303
9919 9.32979e-07
9921 0.00887596
9922 2.62231e-05
9924 0.000121401
9925 0.999999
9927 3.4856999999999995e-05
9928 0.543931
9929 0.7981689999999999
9930 0.00439709
9931 0.06047759999999999
9933 0.00126813
9934 0.017443200000000002
9936 0.00103847
9937 0.023507499999999997
9941 0.00240552
9943 1.3545399999999999e-05
9948 3.1318099999999997e-06
9951 0.00355837
9952 3.0130300000000002e-05
9953 7.243710000000001e-06
9956 5.3113000000000005e-05
9957 6.48373e-05
9960 1.09391e-06
9962 0.00228239
9963 0.00316476
