1 2.42696e-05
2 5.34513e-06
3 1.0699400000000001e-05
4 0.00012824
6 2.85716e-06
8 9.38263e-07
10 1.92324e-05
11 8.83087e-07
13 0.13408
14 1.10478e-05
15 6.860889999999999e-14
18 0.000307959
22 1.7665599999999997e-06
25 0.000375141
27 1.72863e-05
28 2.45233e-11
29 5.7322200000000005e-05
31 5.88851e-09
37 1.3164000000000001e-05
38 6.197709999999999e-17
40 2.72547e-12
43 6.7603e-05
45 1.5723399999999998e-09
49 0.000212269
53 7.294739999999999e-06
54 6.653010000000001e-10
55 3.5020200000000003e-09
56 7.271239999999999e-05
57 3.2028e-15
58 1.61215e-07
59 4.29982e-07
62 0.8698100000000001
67 2.7553000000000002e-08
68 9.16323e-14
69 1.52564e-05
70 4.1252299999999997e-07
71 3.0748e-12
74 3.6730899999999998e-09
75 0.6976359999999999
76 1.33407e-07
79 1.76381e-05
80 0.00714449
82 1.3852e-10
84 6.44069e-08
85 3.03687e-05
86 0.020122
87 0.000771566
88 0.00023465400000000002
90 2.3327600000000003e-05
92 3.17e-08
94 8.66889e-11
96 5.99928e-06
97 5.277850000000001e-07
98 0.00010808399999999999
100 6.38781e-08
103 4.1583099999999995e-06
105 6.85463e-07
106 8.52903e-13
108 0.000139285
111 0.00418926
114 3.69776e-05
115 4.8381599999999994e-06
116 6.04617e-08
119 1.9394799999999997e-10
124 7.738019999999999e-08
126 0.000124289
127 6.6352e-05
128 2.00313e-06
135 2.7390399999999998e-06
136 5.16924e-05
137 0.055251999999999996
139 1.63157e-16
144 5.85899e-05
145 6.12771e-06
148 6.80112e-16
149 8.39144e-11
151 7.18733e-07
152 3.75436e-11
155 1.95196e-08
157 2.46114e-06
160 1.3389500000000001e-05
166 8.504489999999999e-06
167 3.86889e-10
168 4.56605e-05
172 1.05104e-12
175 0.9961899999999999
176 0.915977
178 5.45371e-10
179 6.13776e-06
181 1.8334700000000001e-06
182 0.000199867
183 3.08634e-05
185 1.67817e-07
186 0.0017198
188 1.0673900000000001e-13
191 7.073919999999999e-06
195 3.65373e-08
196 1.92042e-07
197 4.80305e-08
199 2.03514e-10
201 4.53296e-12
202 1.4934100000000002e-05
204 4.20544e-08
205 8.831370000000001e-05
206 0.000172117
212 8.615739999999999e-06
213 1.22397e-06
216 6.90119e-11
217 1.1800699999999999e-05
223 9.47648e-06
226 0.000530371
227 2.98029e-09
230 4.77614e-09
231 2.23019e-06
234 3.98564e-10
237 0.00159667
238 3.64669e-05
239 1.67815e-12
240 9.874049999999999e-09
243 5.6699e-12
247 1.32464e-07
248 0.00122171
252 4.7535e-09
253 3.20216e-10
254 2.97079e-05
255 5.234539999999999e-07
258 0.13056600000000002
260 1.0052400000000001e-07
261 3.79023e-18
264 2.65516e-05
265 8.372709999999998e-09
267 5.49589e-07
271 0.00761068
272 7.188270000000001e-05
273 0.00934154
274 1.0381300000000002e-09
277 1.28332e-06
279 0.000264666
280 6.60987e-08
281 9.30626e-08
283 1.5532799999999998e-17
284 8.515830000000002e-08
286 0.000277815
287 6.977130000000001e-08
290 8.49244e-05
291 2.7282e-09
292 4.11241e-07
293 2.14127e-09
295 7.00836e-05
297 0.000971929
299 1.4050700000000001e-06
300 0.000287575
301 3.07893e-06
309 2.41209e-11
310 3.49015e-06
313 6.982649999999999e-09
314 1.96722e-06
315 4.99894e-06
316 1.53856e-05
319 0.000109605
324 0.00851967
326 0.00388106
327 2.80544e-07
330 0.000290179
333 4.27147e-11
335 6.479580000000001e-06
339 1.6086700000000002e-06
341 4.8357700000000006e-09
342 2.28824e-07
345 0.019505500000000002
346 2.00439e-07
348 3.65463e-14
350 8.01826e-09
351 1.12506e-09
353 6.646239999999999e-14
356 9.24836e-05
357 2.00494e-05
358 1.34428e-11
360 0.0290439
361 4.52351e-09
362 0.00297261
364 2.97792e-20
365 3.02991e-10
366 6.02488e-07
368 2.3032e-05
369 4.5613500000000006e-05
371 0.00166309
375 0.000119613
376 0.0409712
377 0.000301936
378 2.51811e-07
383 3.67633e-12
384 1.89155e-08
385 3.9110500000000005e-09
386 0.011937799999999998
388 1.0451799999999998e-06
389 1.1463199999999999e-05
390 3.53321e-08
392 2.96457e-06
393 0.00033516599999999997
397 2.5926100000000003e-07
398 1.3025299999999999e-08
399 2.73125e-15
401 2.6977499999999997e-09
402 2.4327900000000004e-06
405 0.000710412
409 7.58177e-07
410 3.84494e-05
412 0.014165700000000002
413 8.31104e-06
414 6.45374e-12
415 2.84876e-09
418 8.20636e-05
421 2.36646e-08
422 3.7316999999999995e-05
423 2.3063099999999997e-06
425 6.7648e-09
426 0.00106337
429 8.037639999999998e-06
432 0.050960000000000005
434 2.1051799999999997e-05
436 3.7440399999999997e-07
437 0.00035229
440 1.57548e-07
441 4.23454e-10
442 1.33634e-12
444 2.67313e-07
445 4.3833999999999994e-07
447 3.69612e-05
449 3.3003299999999996e-05
451 0.196978
452 3.22702e-06
453 1.42785e-07
455 5.52487e-05
456 4.05593e-08
457 1.84076e-05
458 9.853209999999999e-05
465 5.55036e-08
466 3.6423499999999995e-07
467 5.69202e-12
471 6.380779999999999e-06
472 5.24664e-14
473 0.000757277
475 0.99392
478 8.282669999999999e-06
479 9.86817e-05
481 0.000756626
485 4.89541e-06
487 5.575690000000001e-07
488 2.93066e-09
490 4.78995e-06
493 8.223869999999999e-06
495 0.0009124280000000001
497 3.97225e-15
502 8.18545e-06
504 6.20131e-06
505 3.46978e-08
506 6.762660000000001e-06
507 3.20813e-07
510 6.68027e-07
511 1.8143799999999998e-06
512 1.1237700000000001e-09
517 2.0326300000000002e-06
521 5.0350900000000004e-06
527 5.50636e-18
529 0.00534072
532 1.2957e-10
533 8.14458e-05
534 0.000177247
536 1.9666800000000002e-14
538 1.6355400000000001e-09
539 0.00010424100000000001
542 2.97464e-09
546 0.00108507
547 1.65609e-05
548 1.39771e-07
551 0.12484300000000001
553 5.49043e-14
556 4.06394e-09
557 2.79918e-05
558 0.000490032
560 0.00156596
561 1.00267e-10
562 1.8937e-12
566 6.10927e-09
567 1.3875e-11
568 6.08791e-08
569 1.61556e-08
570 1.10531e-10
571 1.77962e-07
572 1.17451e-13
573 2.6622599999999996e-07
574 0.988341
575 4.32624e-05
576 0.00033983099999999997
578 4.90161e-06
580 4.698609999999999e-09
584 1.72466e-13
585 4.82145e-12
586 0.000229785
587 7.1033e-06
593 1.859e-11
594 1.09235e-10
595 8.89952e-06
596 0.162974
600 0.00022737299999999998
602 2.88248e-05
603 1.9454499999999997e-06
604 2.7654299999999997e-05
606 3.14708e-08
607 4.6598e-07
611 0.00011357
614 5.52852e-19
615 3.15267e-06
616 0.00303458
617 1.17017e-06
618 9.85644e-05
621 1.24873e-06
623 1.5543899999999998e-06
624 2.96734e-10
627 0.9867459999999999
629 1.5001699999999999e-06
630 6.47908e-14
631 0.000683584
634 8.580239999999999e-06
636 2.5669799999999998e-09
638 1.01201e-09
639 2.5982599999999995e-06
640 4.8829599999999994e-21
641 3.83239e-06
642 7.07332e-06
643 0.000112967
644 3.27466e-13
646 8.96312e-09
649 1.32455e-06
650 2.69969e-07
651 0.00381822
652 4.17378e-05
655 2.75856e-11
658 2.376e-07
659 4.2799700000000005e-09
662 1.13042e-11
664 1.49513e-05
665 1.0698700000000002e-12
666 1.9698900000000002e-05
668 3.34429e-08
669 6.8988800000000004e-06
670 6.69328e-07
673 3.65103e-05
674 4.4941700000000004e-05
678 7.074729999999999e-09
679 1.11837e-07
681 0.9602370000000001
683 3.3036e-07
687 3.6334499999999997e-09
691 2.92179e-09
692 3.2122399999999998e-06
693 2.45026e-07
696 2.41467e-06
697 1.48419e-07
698 2.08799e-06
701 4.8576400000000005e-05
703 3.44966e-06
704 0.000477889
706 1.81762e-06
708 0.00014623700000000002
715 2.8985500000000002e-08
716 0.000183212
718 2.00057e-06
719 5.40231e-10
721 3.71404e-08
722 0.00025049999999999996
723 2.50191e-07
724 2.37093e-08
725 0.148093
727 1.6914099999999997e-08
732 7.04465e-07
734 1.0935600000000002e-06
735 8.01851e-09
736 8.57293e-10
737 0.00160241
741 1.1487100000000002e-13
743 0.000130016
744 9.1302e-06
745 9.23316e-08
747 5.76783e-13
749 1.4398699999999999e-08
751 0.00460931
757 3.44105e-10
758 3.7722000000000004e-11
759 1.26998e-06
762 5.82112e-07
765 0.00040142199999999997
766 7.33475e-07
769 1.15188e-05
773 4.36013e-06
775 3.18981e-11
778 9.31957e-08
779 0.0503881
781 6.19684e-06
783 8.17329e-05
784 2.38013e-07
785 8.84228e-05
788 1.26306e-10
789 0.998936
790 1.13379e-05
792 0.000106131
795 6.66037e-05
798 1.4212e-13
801 3.59159e-11
803 5.28796e-06
807 0.00055471
809 1.7272200000000002e-09
811 1.109e-12
813 6.92399e-11
817 0.000698347
819 2.81777e-10
821 4.2541400000000005e-08
824 9.368169999999999e-08
825 2.36115e-18
833 3.5114000000000006e-07
835 5.22439e-12
836 8.55471e-07
837 0.000271453
838 6.34742e-13
839 2.70241e-08
840 6.15455e-08
841 7.41174e-07
844 7.785490000000001e-10
846 1.1333499999999999e-05
852 0.000780063
853 2.9435400000000005e-06
856 4.4903599999999995e-05
858 1.13783e-10
861 7.318269999999999e-07
864 9.916360000000001e-14
866 9.867219999999999e-06
869 0.0031506
870 1.02169e-05
873 1.8816e-06
875 5.08566e-06
877 0.000552679
881 4.453569999999999e-09
883 5.11695e-08
884 0.089545
886 1.60624e-06
890 1.77806e-05
891 4.15604e-08
893 2.30336e-07
894 1.98832e-08
897 9.75063e-07
901 0.00045074
905 0.00362353
907 0.00144136
909 6.4105e-06
910 6.27271e-07
913 0.000531665
914 0.000803196
916 4.7528300000000004e-14
922 1.06417e-05
924 3.64056e-11
925 0.0320497
927 9.52386e-05
928 1.0349e-06
930 3.3719099999999996e-15
932 9.57317e-08
933 1.27083e-06
938 1.97788e-07
939 0.00228852
940 1.22621e-08
941 5.17695e-07
942 2.0243000000000002e-10
944 8.23383e-05
945 3.5773e-10
952 3.1595e-05
953 1.97699e-07
955 1.14104e-05
956 6.07204e-05
957 2.6008899999999998e-05
959 1.01615e-06
960 0.000246535
961 2.04295e-05
963 2.3617300000000002e-05
968 1.44148e-08
969 1.38874e-06
970 3.22776e-06
974 2.86347e-11
975 0.00020947099999999997
976 0.000462934
978 1.38323e-05
979 1.33527e-05
981 3.50445e-06
983 0.000327222
984 1.68701e-06
985 2.1275499999999998e-08
986 6.0662200000000003e-05
988 1.6130799999999998e-05
990 9.48314e-06
992 0.975248
994 5.534590000000001e-10
995 3.04522e-06
998 7.20343e-12
1000 2.4091900000000002e-05
1003 1.22093e-10
1005 1.1135600000000001e-08
1006 0.0102204
1007 2.79901e-10
1013 1.6364400000000002e-05
1016 1.12324e-06
1019 2.6469e-11
1020 0.00044847
1021 2.7319e-10
1022 1.20864e-06
1023 2.57795e-06
1025 3.75329e-12
1026 0.000377458
1029 1.6535e-09
1030 1.4958600000000001e-10
1031 2.38075e-10
1032 7.74643e-09
1033 5.76561e-09
1034 5.79034e-05
1035 1.7564599999999998e-07
1037 0.0222114
1038 3.18647e-05
1039 2.81435e-07
1040 3.33043e-05
1044 0.39568200000000003
1046 1.3449000000000001e-05
1047 1.07047e-07
1048 0.000134235
1049 1.76624e-05
1051 3.03769e-13
1054 0.00108408
1055 9.82319e-06
1058 1.57821e-05
1059 0.000393685
1063 3.6712e-06
1065 1.51033e-05
1067 3.748e-08
1070 3.4336199999999997e-12
1075 0.000133419
1076 1.81336e-05
1080 3.00409e-06
1081 3.51686e-08
1085 1.00851e-14
1086 8.35516e-05
1087 0.00018208099999999998
1088 3.41026e-05
1089 7.23118e-13
1090 2.3356299999999997e-06
1094 3.69064e-06
1095 4.20029e-05
1096 4.76605e-20
1098 4.16473e-15
1099 2.56431e-06
1100 0.00200227
1103 0.00503568
1105 1.07541e-07
1108 0.000145729
1111 0.00037777199999999996
1114 0.00144436
1115 7.92788e-11
1116 2.97087e-06
1117 3.19384e-07
1118 6.7060600000000015e-06
1120 0.0406367
1122 1.94136e-09
1123 0.00172044
1126 3.26614e-12
1128 1.05573e-05
1131 0.000393213
1132 0.00526665
1133 4.4716099999999996e-07
1134 7.872760000000001e-12
1135 5.64621e-10
1138 3.72804e-07
1139 1.67492e-11
1141 3.51075e-06
1146 0.000496617
1150 5.963819999999999e-09
1153 1.8262e-05
1155 2.34607e-06
1157 1.80415e-12
1159 2.1734899999999998e-05
1162 0.00020596299999999998
1163 1.494e-06
1165 0.0007712789999999999
1167 5.76773e-06
1169 1.34952e-07
1173 2.7744800000000004e-07
1177 5.221459999999999e-07
1178 1.23112e-08
1179 6.78763e-08
1180 1.2012599999999999e-05
1181 1.52596e-15
1183 6.4173e-06
1188 8.16628e-09
1189 4.0824499999999996e-08
1190 1.05298e-05
1193 4.3668800000000005e-10
1195 0.0120516
1196 1.6949100000000002e-07
1197 4.15729e-06
1198 2.8223599999999997e-12
1202 1.79745e-06
1208 9.84021e-06
1210 2.4493800000000003e-05
1213 7.922039999999999e-06
1216 0.000225984
1217 0.00043693199999999996
1218 1.38891e-11
1219 8.10948e-06
1220 2.15915e-05
1222 1.3573400000000002e-06
1223 1.0151399999999999e-09
1227 2.00695e-05
1228 6.1204700000000005e-06
1232 0.18955
1235 2.62523e-06
1238 2.59747e-17
1242 4.92898e-05
1243 2.2033600000000002e-05
1244 4.96161e-07
1245 3.11648e-07
1246 0.00164308
1249 8.17716e-07
1251 9.50408e-06
1252 1.85818e-09
1253 4.12261e-06
1255 1.0604200000000001e-05
1256 7.81098e-06
1257 0.00160217
1261 3.3246300000000003e-06
1262 1.9997599999999998e-16
1264 1.9261e-13
1267 2.1050700000000005e-09
1271 0.10653399999999999
1275 6.10625e-05
1276 6.2632e-07
1278 3.91732e-09
1280 3.33189e-08
1282 0.0005018409999999999
1283 1.8572900000000001e-06
1285 1.59734e-08
1291 1.2578599999999999e-07
1295 6.7074e-11
1296 1.67355e-14
1297 4.42525e-07
1300 0.00118326
1301 3.51944e-11
1302 1.0267e-06
1303 2.64948e-07
1305 0.000315328
1306 0.995302
1307 2.4046e-08
1308 9.81551e-08
1313 0.273279
1317 0.000971955
1318 3.28624e-07
1319 8.3772e-06
1320 4.603690000000001e-06
1321 5.31027e-09
1322 0.00013626
1328 0.000567376
1329 0.000160097
1331 5.68559e-11
1335 1.4807600000000001e-08
1336 3.7704e-19
1338 1.02295e-09
1339 0.00490444
1340 7.091900000000001e-06
1342 0.00436219
1344 0.9764700000000001
1347 6.06048e-06
1349 4.0324299999999996e-05
1351 3.10087e-06
1353 1.38561e-06
1354 8.651870000000001e-05
1355 4.47102e-06
1356 1.21766e-10
1357 1.92495e-10
1358 1.72337e-07
1359 4.5151199999999996e-08
1363 8.290699999999999e-08
1366 9.480880000000001e-07
1367 8.455880000000001e-10
1368 1.62018e-06
1369 1.1409200000000002e-13
1370 4.19707e-15
1372 1.0171600000000001e-06
1373 1.20095e-07
1374 1.0287599999999999e-07
1376 3.7868800000000004e-06
1377 0.000134674
1379 3.2510699999999996e-08
1380 8.813980000000001e-06
1381 2.30017e-11
1382 3.35529e-05
1389 0.000955499
1391 6.22727e-10
1392 7.06671e-11
1394 6.06132e-08
1396 0.0005540219999999999
1398 1.90639e-06
1399 4.19942e-06
1401 1.14314e-06
1403 1.9091999999999997e-10
1407 3.0193499999999998e-05
1410 2.29842e-06
1411 2.8223799999999998e-08
1412 7.982989999999999e-07
1415 8.49341e-06
1416 0.750196
1417 9.98618e-07
1419 1.41926e-05
1422 5.8698000000000006e-09
1423 1.1606199999999999e-05
1424 1.48547e-06
1425 0.000412215
1428 0.00106034
1429 4.64555e-06
1431 6.081430000000001e-08
1433 8.74765e-06
1435 1.81815e-07
1437 6.0455e-09
1438 1.8996e-05
1440 5.24225e-11
1446 3.1519e-11
1447 2.1928499999999998e-13
1448 6.86277e-05
1449 4.34576e-08
1452 0.00017251
1454 0.00027576099999999996
1456 0.000523549
1458 1.46844e-06
1459 2.3751e-06
1461 2.48094e-06
1462 3.06431e-05
1469 3.0852299999999997e-06
1471 0.0007482610000000001
1473 5.14387e-06
1474 6.471399999999999e-09
1476 4.50133e-12
1477 0.9870399999999999
1478 5.5393e-06
1482 4.412729999999999e-05
1487 0.0013927
1489 1.1489200000000001e-07
1491 2.16638e-09
1495 0.00214641
1496 4.91315e-24
1500 2.3134e-08
1502 1.5390200000000003e-14
1503 1.9991499999999998e-10
1505 0.000172643
1506 4.4123699999999997e-07
1507 0.00246417
1508 0.00989456
1511 3.54491e-14
1513 8.135630000000001e-07
1516 1.1307299999999999e-18
1518 4.8685800000000006e-08
1519 2.87863e-06
1520 9.989400000000001e-06
1525 1.918e-08
1527 3.63693e-05
1530 0.122135
1533 2.3445599999999997e-06
1534 0.000281078
1535 7.41149e-05
1538 2.7360800000000003e-09
1540 2.3121400000000002e-07
1542 6.70461e-07
1546 1.02073e-09
1547 1.66856e-12
1549 1.68095e-06
1550 2.3929000000000003e-11
1551 2.0399000000000003e-11
1552 4.3824300000000006e-10
1558 4.1094800000000005e-06
1560 1.37312e-11
1562 0.00139974
1564 4.7247700000000003e-07
1566 1.91028e-06
1567 4.12445e-09
1568 8.235639999999999e-06
1569 3.01576e-07
1570 2.65732e-07
1572 1.0911300000000002e-13
1573 0.202483
1574 0.0164347
1575 0.000265781
1578 9.35595e-08
1581 7.371060000000001e-06
1583 1.1001400000000001e-05
1584 0.00336333
1585 6.09248e-07
1587 3.5779000000000006e-10
1589 0.00646706
1591 1.0112999999999999e-10
1592 0.014368
1596 5.6866099999999994e-05
1599 9.079970000000001e-07
1600 3.0519599999999995e-06
1601 2.10002e-05
1602 1.39252e-08
1605 0.00738019
1606 3.67799e-13
1609 4.6133499999999994e-08
1613 4.58469e-12
1615 2.85005e-08
1616 5.4234599999999994e-08
1619 7.32549e-11
1620 9.76641e-16
1621 1.76597e-08
1623 3.06168e-09
1624 1.25612e-05
1625 0.000194999
1626 3.01471e-14
1629 4.83758e-05
1631 9.35236e-07
1634 1.1562899999999999e-05
1635 0.00256283
1637 0.0372424
1639 1.43354e-05
1641 0.00182635
1644 2.66846e-07
1645 0.927541
1646 4.69483e-05
1648 7.572499999999999e-07
1652 6.963410000000001e-07
1655 0.000256857
1656 0.00031902
1657 6.45852e-07
1658 3.13921e-09
1659 7.913890000000001e-07
1660 1.6767899999999997e-10
1663 1.0965999999999999e-07
1664 0.000141939
1665 2.20677e-08
1666 8.19269e-06
1667 0.00140328
1668 6.85065e-06
1670 2.17961e-11
1671 0.00145697
1672 8.77779e-10
1674 1.46195e-08
1679 9.20645e-10
1681 1.10447e-06
1687 0.103252
1692 1.49357e-06
1694 7.00568e-12
1695 2.4851299999999997e-07
1696 8.509739999999999e-07
1697 0.020715
1698 2.13419e-07
1700 3.76357e-08
1701 7.143470000000001e-09
1702 5.12028e-09
1703 0.00017973400000000002
1704 3.15777e-09
1705 3.48186e-05
1706 6.11118e-07
1709 8.99361e-11
1710 6.71674e-08
1712 5.86742e-06
1715 0.0006060740000000001
1716 0.00859847
1719 0.000685104
1720 1.60381e-06
1722 0.000538456
1728 6.740889999999999e-06
1731 2.71459e-06
1735 5.52393e-06
1736 1.09964e-06
1737 2.42588e-15
1740 3.99938e-08
1742 4.57589e-08
1743 4.75565e-07
1744 1.04448e-10
1745 0.000219023
1748 4.05381e-12
1751 6.60732e-05
1753 0.000434514
1757 3.5701099999999998e-06
1760 1.3307099999999999e-06
1762 6.8158300000000004e-06
1763 4.07985e-05
1764 0.057552400000000004
1767 0.027591900000000003
1769 1.3925599999999999e-07
1770 1.69491e-06
1773 0.00018448799999999999
1774 0.00103667
1776 9.11348e-07
1779 3.2908499999999996e-07
1781 0.00015356299999999998
1783 0.000295767
1786 2.80463e-05
1788 1.06901e-09
1790 6.59839e-10
1791 4.88532e-07
1792 0.000154071
1794 3.28822e-08
1796 1.51537e-10
1798 1.85254e-15
1802 3.01075e-06
1803 1.00015e-07
1804 7.38391e-08
1805 3.5174800000000005e-06
1808 1.8793200000000003e-10
1811 9.346810000000002e-08
1812 6.88635e-07
1813 0.00016358600000000002
1814 3.76047e-07
1815 4.21953e-07
1817 8.32677e-08
1819 1.51847e-07
1820 4.2022699999999996e-08
1822 5.859529999999999e-09
1823 4.216930000000001e-06
1824 7.88265e-09
1826 4.57958e-05
1829 1.75367e-08
1831 4.16754e-09
1835 5.06689e-07
1838 5.9337e-13
1839 2.52484e-06
1844 2.68931e-15
1846 2.97354e-05
1848 5.37599e-11
1850 0.000226883
1851 0.000914325
1852 0.8416100000000001
1856 3.60384e-06
1857 5.07234e-07
1859 1.0962299999999999e-17
1863 8.74794e-09
1865 0.00035399199999999997
1866 0.000542776
1867 1.07057e-08
1868 6.32924e-08
1869 1.69233e-10
1871 1.58266e-12
1873 4.13407e-09
1874 1.3786e-08
1876 5.588830000000001e-10
1879 2.45751e-05
1880 2.9754099999999998e-06
1883 3.0955400000000003e-08
1884 0.000531446
1885 3.5308e-05
1886 9.359739999999998e-08
1889 1.0910499999999999e-13
1890 3.9512700000000004e-07
1891 2.67703e-10
1893 3.31175e-06
1895 4.58236e-05
1897 4.754890000000001e-13
1900 9.38245e-06
1905 5.79669e-07
1908 2.1795500000000002e-10
1909 2.0443e-09
1910 2.8945700000000003e-05
1912 3.9420199999999996e-16
1913 1.97744e-09
1914 6.509319999999999e-07
1916 1.56865e-13
1917 0.0545457
1919 5.81932e-11
1921 0.000191486
1923 2.5794800000000003e-09
1924 3.12641e-09
1925 1.9472099999999997e-12
1926 0.00738219
1929 4.82015e-14
1935 3.4318199999999994e-08
1939 0.000453251
1942 6.659089999999999e-08
1943 1.17351e-05
1946 2.23149e-05
1947 4.21115e-06
1949 9.462470000000001e-07
1951 1.7409400000000002e-06
1953 3.5823e-09
1955 2.5791500000000002e-05
1956 3.02856e-06
1957 5.97649e-07
1959 4.21341e-11
1961 1.69958e-07
1965 1.8415999999999999e-06
1966 5.43583e-05
1967 8.03822e-12
1968 3.10507e-07
1969 1.24625e-05
1973 2.04476e-05
1974 0.000200595
1975 2.91422e-07
1979 0.00013264899999999998
1983 4.14091e-12
1984 0.286828
1986 3.59821e-05
1987 0.0113081
1988 2.84309e-13
1990 4.12035e-06
1991 4.2992799999999997e-13
1992 3.5028e-07
1993 4.80279e-05
1994 2.0314799999999996e-08
1996 6.23454e-08
1997 4.52772e-17
1998 2.53041e-12
2003 1.4723399999999999e-05
2005 0.0195929
2007 1.7815599999999997e-10
2008 8.108700000000001e-16
2009 4.62516e-08
2010 1.10603e-07
2013 6.422100000000001e-06
2014 5.65024e-06
2016 2.01667e-05
2017 0.144868
2018 1.1508300000000001e-08
2026 1.43093e-07
2028 0.00413456
2029 3.72754e-08
2031 1.18276e-06
2032 5.56907e-05
2033 0.942594
2035 5.53017e-11
2038 0.000329099
2040 4.34377e-10
2041 6.23231e-06
2044 7.33804e-10
2046 0.00034782599999999997
2048 2.89573e-08
2050 9.53366e-06
2052 6.41368e-06
2053 1.33836e-07
2057 7.91068e-06
2059 1.20744e-07
2060 2.40022e-06
2062 2.71408e-08
2065 4.96441e-06
2066 1.63322e-06
2071 0.00216157
2072 7.225229999999999e-05
2073 1.48716e-06
2074 3.39289e-06
2075 9.000309999999999e-09
2076 0.00244251
2077 3.15971e-06
2078 1.2978e-18
2079 3.12629e-06
2080 4.81351e-08
2081 3.4821e-11
2084 3.2194899999999997e-07
2085 0.000106899
2087 1.36758e-06
2089 3.72148e-12
2092 0.0259316
2093 6.22459e-12
2097 0.000130277
2100 5.4797600000000005e-05
2103 8.47758e-11
2105 1.27299e-13
2106 3.37806e-11
2107 0.021426499999999998
2110 0.00021135700000000002
2111 5.7417099999999994e-06
2113 3.03064e-09
2115 0.0663757
2118 2.89798e-06
2119 4.87436e-07
2121 2.00335e-05
2122 7.83668e-05
2123 1.8249700000000001e-06
2127 3.21583e-09
2128 4.759830000000001e-10
2130 2.49185e-11
2131 1.91854e-05
2133 0.000727537
2137 0.7838229999999999
2138 0.00012114200000000001
2141 0.00011382200000000001
2143 7.41791e-13
2144 0.000116132
2147 1.66167e-08
2148 1.31839e-13
2149 5.789169999999999e-06
2150 2.3694e-05
2154 3.6672300000000004e-09
2157 4.15315e-07
2159 1.2828999999999998e-06
2160 0.056705099999999994
2161 1.8981799999999998e-06
2162 0.00010108799999999999
2164 7.916369999999999e-08
2167 5.11896e-05
2168 2.9102800000000003e-13
2173 0.0713272
2175 7.40085e-12
2177 4.94317e-10
2185 1.73522e-11
2188 2.54339e-08
2189 5.1411e-06
2195 3.9251e-05
2198 0.00036384599999999997
2200 0.000125134
2203 0.00018720599999999998
2204 8.369959999999999e-05
2205 7.68288e-07
2206 1.04682e-11
2207 3.16128e-06
2210 5.316609999999999e-06
2211 1.5005599999999999e-05
2216 6.94401e-07
2217 1.63098e-10
2222 6.56062e-06
2223 1.1196899999999999e-07
2225 9.5507e-05
2227 2.0855100000000002e-17
2229 1.02834e-12
2230 4.499229999999999e-05
2231 5.41249e-06
2232 4.7920300000000004e-06
2235 6.18539e-06
2236 5.034260000000001e-09
2239 2.54392e-10
2240 6.52462e-08
2242 3.5824599999999997e-12
2243 3.8369e-05
2245 3.0528e-08
2246 1.10797e-05
2250 0.000358496
2252 1.84663e-07
2254 0.00016863900000000002
2258 2.2644099999999998e-10
2262 4.91978e-05
2264 0.000311631
2269 0.00544458
2271 5.47973e-12
2274 3.6109199999999994e-08
2275 1.6724599999999998e-10
2282 6.75908e-07
2283 4.48901e-05
2286 4.7086400000000004e-05
2289 3.31586e-05
2292 1.45191e-12
2294 4.33943e-11
2295 0.000254651
2296 5.06095e-05
2297 1.7295799999999998e-05
2298 1.09785e-06
2299 0.0520385
2301 5.017819999999999e-07
2303 0.000105272
2304 1.62003e-08
2309 1.52216e-12
2312 6.041749999999999e-06
2313 0.15043800000000002
2314 0.0185587
2316 2.5273499999999998e-05
2317 8.486130000000001e-08
2319 5.41814e-09
2322 8.78813e-06
2325 1.48682e-05
2326 0.9731
2327 0.000348587
2331 1.9817700000000003e-06
2336 4.36763e-09
2338 0.990598
2339 6.15611e-09
2341 2.87833e-05
2344 2.1085500000000003e-05
2346 1.6246399999999999e-09
2349 2.81788e-09
2351 1.03193e-09
2353 3.79641e-07
2356 4.2779e-09
2357 0.000223001
2358 0.000204164
2360 9.9982e-07
2363 7.597720000000001e-05
2365 4.3216e-05
2370 1.40418e-11
2379 1.77955e-14
2380 6.38301e-08
2381 8.94152e-07
2383 2.63204e-11
2386 0.000192618
2388 4.2398400000000004e-05
2389 8.37588e-08
2390 5.65137e-05
2394 7.098719999999999e-06
2395 1.62972e-05
2396 2.31406e-05
2397 1.05598e-09
2398 6.636310000000001e-06
2399 1.49115e-07
2400 7.98689e-09
2402 4.65917e-10
2406 6.53302e-07
2408 2.7816999999999996e-07
2409 6.609960000000001e-06
2412 1.9005099999999999e-07
2414 5.34893e-05
2416 8.807130000000001e-08
2418 4.7623199999999995e-05
2421 2.66812e-06
2422 4.57084e-11
2424 2.73744e-07
2426 1.59217e-15
2428 1.23535e-05
2429 4.30173e-06
2430 2.28797e-08
2431 0.00029114099999999997
2432 4.36113e-05
2434 6.34056e-07
2438 1.9956900000000002e-05
2440 4.00413e-13
2446 8.34209e-11
2447 0.00177476
2449 0.001254
2451 2.20307e-06
2453 1.58297e-06
2455 3.03628e-07
2457 0.000125047
2463 2.63337e-06
2464 0.763275
2467 1.67308e-10
2469 1.92188e-06
2473 5.6575300000000004e-14
2474 6.63129e-07
2475 2.32844e-12
2482 1.7813e-06
2484 0.00012453600000000002
2485 0.00165079
2486 5.5613099999999995e-08
2487 5.694870000000001e-07
2488 1.765e-14
2489 3.15775e-06
2495 2.4668000000000004e-07
2498 6.62064e-06
2499 3.24865e-05
2503 2.3591999999999998e-07
2506 3.79875e-10
2507 1.99236e-09
2509 1.2400899999999998e-05
2510 1.3694399999999999e-12
2511 0.000139461
2515 3.04551e-09
2516 8.12838e-07
2517 1.2450299999999998e-10
2521 4.4702899999999995e-10
2522 4.5766800000000005e-08
2526 3.80606e-08
2527 4.09702e-15
2528 2.06473e-05
2530 2.2731e-13
2531 3.49756e-13
2532 5.62922e-11
2535 1.72765e-05
2536 3.9055300000000004e-07
2538 4.01872e-06
2541 5.7989099999999995e-06
2543 1.0189400000000001e-05
2548 8.9291e-08
2550 9.19422e-06
2551 1.8732400000000002e-06
2552 0.000200817
2553 9.037790000000001e-05
2556 6.946380000000001e-07
2557 1.88772e-12
2560 8.577939999999999e-07
2562 6.91465e-06
2568 5.23325e-13
2570 0.00119835
2573 0.000419683
2574 9.34435e-06
2575 4.9740399999999996e-06
2576 0.0156001
2577 1.77387e-13
2580 5.5413599999999994e-05
2581 8.96144e-07
2582 3.74116e-05
2583 0.000138
2587 0.000465329
2588 2.51515e-05
2591 3.0355e-06
2592 3.0508e-14
2596 8.41928e-06
2597 0.00244835
2601 8.46436e-12
2602 1.17816e-08
2604 5.008830000000001e-06
2607 5.76767e-08
2608 3.4034e-06
2610 5.44695e-05
2612 2.61624e-12
2614 2.07654e-05
2616 0.000604013
2617 3.1517200000000004e-06
2619 3.09845e-08
2620 0.000109857
2622 0.00781473
2623 0.00381815
2624 3.43148e-05
2626 9.0143e-08
2628 7.34304e-06
2629 0.00031518299999999997
2630 1.12313e-08
2631 8.36426e-07
2638 1.6906099999999998e-09
2639 1.2756e-05
2640 2.7421e-15
2642 1.3325599999999999e-07
2644 2.65075e-06
2650 4.74968e-07
2651 3.56792e-05
2652 0.00264261
2654 2.01245e-06
2655 9.54263e-05
2656 1.86559e-08
2660 1.46019e-05
2661 1.21598e-11
2663 3.2535e-05
2665 3.0023299999999998e-05
2671 0.000423088
2672 0.000495651
2673 1.5639200000000001e-07
2674 6.84594e-07
2676 0.0239558
2679 3.40116e-05
2681 2.9392400000000005e-08
2685 0.00027142400000000004
2686 8.8891e-07
2687 0.00164036
2688 2.01798e-07
2692 1.1573800000000001e-05
2694 1.90347e-06
2698 4.33101e-18
2700 0.000251722
2701 4.03044e-05
2703 0.0179603
2705 1.15771e-05
2707 6.21643e-05
2708 0.00020769700000000001
2711 6.90264e-08
2712 2.5736699999999998e-08
2716 9.3288e-09
2719 8.784370000000001e-05
2720 0.0199283
2724 4.90448e-07
2725 0.00515318
2726 7.5261e-06
2728 6.6068e-05
2729 1.49875e-09
2731 4.28899e-12
2733 3.82711e-12
2736 8.71688e-08
2739 1.72395e-07
2740 1.6669299999999999e-06
2742 1.51768e-08
2743 7.68946e-07
2746 6.980930000000001e-06
2748 7.35191e-08
2750 0.000122955
2752 6.36923e-08
2753 8.62185e-05
2754 8.45199e-07
2756 2.26984e-07
2758 1.5442499999999997e-08
2761 0.000114923
2764 1.52051e-13
2768 0.00019967799999999998
2769 0.00200773
2770 0.709448
2771 5.53214e-08
2773 0.00011749
2777 1.19113e-08
2780 6.66003e-05
2781 6.51637e-05
2787 1.62489e-05
2788 3.05719e-05
2789 0.00180753
2790 1.87086e-05
2792 1.08655e-09
2793 1.37308e-07
2797 6.90489e-07
2799 1.1277299999999999e-08
2802 0.329951
2805 0.017456700000000002
2806 3.49618e-11
2808 8.990860000000001e-09
2809 4.38826e-06
2811 2.0238800000000003e-07
2813 2.81453e-07
2814 4.81747e-08
2818 0.352263
2819 2.5129e-05
2821 0.00052551
2822 5.156119999999999e-06
2823 8.359139999999999e-09
2824 2.13855e-06
2825 1.20111e-11
2828 0.000258245
2829 1.87537e-07
2830 2.38734e-15
2831 8.84335e-08
2832 1.24661e-06
2837 0.165358
2839 7.87482e-16
2840 4.45008e-09
2843 2.7982099999999996e-06
2846 1.86338e-06
2849 0.0968535
2850 8.311919999999999e-08
2851 8.71259e-05
2852 0.00438292
2853 0.00732305
2856 1.4835799999999999e-08
2857 1.24855e-10
2860 1.5149400000000001e-09
2861 4.81732e-07
2862 7.145030000000001e-06
2863 1.89489e-05
2865 7.511739999999999e-08
2871 6.0927299999999995e-09
2872 3.28334e-05
2874 3.9505600000000005e-09
2876 0.000808754
2877 1.2278e-06
2878 2.6404700000000004e-06
2882 0.00496669
2883 0.0297534
2885 2.4001700000000002e-08
2887 4.39164e-06
2888 1.7154e-08
2890 8.306000000000001e-10
2892 5.876840000000001e-13
2894 0.00018978
2895 1.5744e-06
2897 2.1667800000000003e-05
2898 5.6814499999999996e-08
2900 5.66763e-07
2902 8.24296e-07
2903 0.641687
2904 6.695940000000001e-07
2905 1.17276e-05
2907 8.01927e-07
2908 3.6735e-09
2909 3.22426e-07
2911 0.000527095
2918 2.349e-07
2920 2.08752e-07
2921 7.2314800000000004e-06
2922 3.3299599999999997e-07
2923 0.00033018800000000003
2925 0.000163985
2926 0.000586397
2927 3.68528e-08
2928 0.000892872
2929 1.32216e-05
2930 7.97086e-07
2936 7.612280000000001e-10
2945 4.61617e-05
2948 9.2806e-08
2949 2.7153700000000003e-07
2950 8.07562e-06
2951 9.55799e-07
2955 3.6522899999999996e-09
2959 0.0244068
2961 3.0382399999999996e-09
2964 2.67612e-05
2968 3.74964e-09
2970 5.24984e-10
2971 2.72527e-06
2972 1.34625e-05
2973 0.00027998
2974 3.3024699999999997e-06
2979 4.6996599999999997e-05
2980 0.00019952900000000002
2981 0.000159522
2982 2.89126e-05
2983 2.3799499999999998e-05
2985 4.4810099999999997e-07
2991 0.163486
2993 1.82105e-06
2996 5.62847e-06
2997 2.3376e-09
2998 1.97322e-16
2999 6.078090000000001e-17
3001 6.28576e-07
3006 1.36867e-12
3010 4.90338e-07
3012 0.000116796
3014 5.25486e-07
3016 1.77745e-07
3018 3.36523e-07
3019 0.00019978200000000002
3020 9.816950000000001e-06
3022 4.18075e-05
3025 0.9865389999999999
3026 0.0007525260000000001
3029 5.78432e-08
3030 0.016322200000000002
3033 1.13889e-08
3035 2.24373e-05
3036 7.398530000000001e-06
3037 0.00038132199999999997
3040 5.06118e-06
3041 2.9824099999999998e-05
3043 3.01666e-05
3046 4.13831e-11
3048 2.12795e-07
3049 7.71593e-05
3050 0.998554
3052 3.1044599999999997e-07
3055 0.000285798
3059 1.61828e-08
3060 1.8681199999999998e-13
3062 1.4643200000000002e-10
3067 3.1272e-09
3068 0.000411305
3069 0.31154699999999996
3070 4.39416e-06
3071 3.88643e-07
3073 7.13392e-08
3075 1.1951e-07
3076 3.50837e-09
3079 2.69498e-05
3080 9.73644e-11
3081 3.6472e-07
3084 3.25798e-06
3087 0.9909209999999999
3091 3.83168e-05
3095 0.00370806
3096 0.000823782
3097 2.2256099999999996e-08
3099 1.92601e-09
3101 5.68173e-10
3104 0.000183854
3109 1.14978e-09
3111 5.2497499999999996e-09
3113 2.1405200000000003e-12
3114 0.000296988
3115 5.99954e-09
3119 3.8245e-11
3123 0.000240216
3125 5.412699999999999e-07
3128 0.00010010700000000001
3130 4.68691e-21
3131 0.00150292
3132 6.49329e-05
3136 2.9425200000000003e-09
3139 5.0887e-07
3141 4.3579700000000005e-07
3143 7.13819e-08
3144 0.00010023600000000001
3148 0.00011459799999999999
3151 8.52772e-11
3152 0.0582352
3153 7.52812e-07
3156 0.0343074
3158 1.54012e-06
3160 1.59744e-05
3166 0.000268602
3167 1.73936e-07
3168 4.98176e-05
3171 0.000892865
3172 0.00010927799999999999
3173 2.6273800000000002e-05
3174 7.80888e-05
3179 0.00019857
3180 3.64198e-05
3182 0.000177668
3187 0.00491232
3190 0.977345
3191 8.89897e-08
3192 2.23256e-08
3193 2.93983e-06
3196 3.8879e-08
3197 4.76798e-08
3198 2.51806e-05
3201 0.265391
3203 6.664210000000001e-10
3206 2.72293e-07
3208 4.10045e-09
3209 1.1284200000000001e-05
3212 0.00048623
3215 0.11068099999999999
3217 1.16004e-09
3220 1.8264099999999998e-10
3221 0.000497522
3222 9.239399999999999e-07
3224 1.3763099999999999e-05
3225 0.00642333
3226 5.24593e-05
3227 2.3049700000000003e-10
3230 1.4453199999999999e-05
3232 0.00012457
3234 8.675680000000001e-05
3235 4.7724799999999994e-05
3237 5.6313e-05
3238 5.082350000000001e-10
3241 0.397932
3245 0.028429000000000003
3246 6.32979e-07
3248 7.005639999999999e-10
3249 2.74982e-15
3251 3.51328e-12
3252 6.67008e-06
3257 1.03352e-08
3263 0.22518600000000003
3264 0.0005195859999999999
3265 2.02882e-09
3266 0.000108215
3267 5.476669999999999e-10
3268 8.49794e-08
3275 3.96194e-06
3276 1.82723e-09
3277 1.81279e-09
3278 7.08131e-08
3281 2.1373899999999998e-09
3283 3.95536e-05
3286 7.67623e-11
3287 2.64305e-07
3288 0.00571929
3289 2.13104e-05
3291 2.4743400000000003e-10
3295 1.05358e-09
3297 7.96163e-08
3298 2.74121e-06
3302 1.89944e-11
3304 9.62618e-07
3305 5.02685e-09
3306 1.53657e-12
3309 8.24699e-11
3310 8.746460000000001e-08
3312 1.6202200000000001e-15
3314 2.7695400000000003e-08
3315 3.69745e-06
3317 3.0152099999999994e-06
3318 0.977718
3319 8.41034e-05
3321 2.15159e-09
3322 7.69161e-07
3323 5.60717e-07
3324 7.10457e-09
3326 2.3840999999999998e-07
3328 1.8663599999999998e-07
3329 2.5047099999999998e-06
3332 0.000248662
3333 5.1191e-12
3334 3.5718400000000003e-07
3340 8.27449e-07
3341 2.50859e-06
3342 3.01893e-07
3345 2.25354e-05
3346 1.23096e-08
3347 0.000158517
3348 2.70104e-07
3352 3.8323000000000006e-06
3353 3.84353e-12
3357 8.60798e-14
3358 8.409770000000002e-09
3361 0.0746358
3364 3.06749e-09
3366 0.701019
3368 6.841239999999999e-06
3371 2.24648e-05
3372 6.10673e-08
3375 5.4042900000000006e-09
3378 5.27832e-06
3381 2.65402e-08
3383 0.00017094400000000002
3384 0.00010782299999999999
3385 2.27133e-07
3387 1.91025e-11
3388 5.9595099999999995e-12
3389 2.69808e-09
3393 1.2078799999999998e-08
3394 0.00138602
3399 1.4646800000000002e-09
3400 3.2413400000000003e-18
3402 0.981418
3405 7.589630000000001e-12
3409 6.03751e-08
3411 0.00325677
3414 5.83821e-08
3418 1.19102e-05
3423 0.000125475
3426 2.46006e-05
3427 2.45002e-07
3428 8.93351e-08
3431 1.0809100000000001e-05
3432 0.0095501
3434 2.59359e-06
3437 3.44603e-07
3438 5.9531700000000004e-08
3440 0.000125334
3442 1.22957e-07
3445 7.672759999999999e-07
3446 5.04275e-06
3447 3.50504e-07
3448 5.48117e-14
3454 4.5209800000000003e-07
3456 1.65934e-08
3457 3.2011e-06
3459 6.4083300000000005e-06
3460 2.52402e-08
3463 1.28915e-05
3467 9.0555e-12
3471 0.631677
3472 6.10944e-05
3473 0.000436126
3474 1.71536e-11
3475 3.3363099999999996e-06
3476 0.00339747
3478 0.00103336
3479 0.912284
3480 8.12472e-06
3481 6.22079e-07
3482 5.731110000000001e-07
3483 2.1566799999999998e-05
3485 1.87655e-05
3486 2.8032099999999995e-06
3488 6.03123e-06
3490 0.00124873
3494 1.84249e-07
3495 4.32879e-05
3498 0.000743576
3501 2.6195400000000002e-08
3502 2.19327e-08
3503 9.79711e-11
3504 4.79852e-06
3505 2.45284e-14
3507 2.61295e-10
3512 1.82592e-10
3513 2.6996299999999995e-06
3514 1.43465e-07
3515 2.7980799999999996e-07
3517 7.2388e-08
3520 3.5549e-07
3523 2.41425e-08
3526 0.00016356200000000002
3527 1.0236200000000002e-06
3531 8.35048e-07
3532 1.22323e-06
3533 0.00515886
3534 3.7226800000000004e-20
3535 1.4820799999999999e-05
3538 1.48323e-09
3540 1.0258699999999999e-05
3541 3.1493799999999997e-06
3542 2.72467e-11
3543 9.68201e-08
3544 5.33136e-05
3545 5.64647e-11
3547 7.50038e-08
3552 1.29764e-07
3553 1.85897e-08
3557 0.00158743
3558 1.27469e-06
3559 0.00314001
3560 4.67327e-11
3561 1.1986600000000001e-05
3562 0.168648
3563 1.4536700000000001e-05
3568 8.06748e-08
3569 2.00611e-06
3570 2.08083e-06
3571 2.49101e-05
3572 2.14037e-20
3573 2.11892e-05
3574 2.64325e-12
3578 1.87596e-11
3579 6.89259e-05
3581 6.29766e-06
3582 4.32621e-06
3583 5.07642e-05
3584 1.2843000000000001e-06
3590 1.64961e-07
3591 4.6895699999999996e-06
3592 0.000312125
3595 0.00203779
3598 0.00271524
3600 9.56127e-07
3601 1.32279e-12
3602 2.42385e-06
3607 5.076219999999999e-08
3610 2.61293e-07
3612 0.000428889
3613 0.00207374
3615 4.31813e-08
3616 1.1764299999999998e-06
3617 9.44581e-08
3619 1.68132e-06
3624 1.07584e-06
3626 1.7218599999999997e-09
3630 6.11102e-10
3631 1.24088e-06
3633 0.000590782
3637 3.33428e-07
3641 2.2665199999999998e-07
3643 6.48739e-06
3647 1.83568e-11
3649 1.3341e-06
3650 8.21244e-08
3652 0.000807399
3653 0.000416233
3659 2.42133e-06
3661 1.7065599999999998e-05
3665 6.08231e-07
3666 7.15495e-10
3668 1.7277599999999997e-06
3670 3.35601e-16
3672 0.0256212
3676 8.47566e-06
3677 9.155830000000001e-10
3680 2.49257e-05
3682 3.34026e-11
3683 1.95082e-09
3686 9.024299999999999e-11
3687 0.000237647
3689 1.67123e-10
3692 2.26061e-05
3693 4.03377e-06
3697 1.2131100000000001e-06
3701 5.7485900000000005e-06
3702 2.8545599999999998e-08
3707 0.000146998
3710 6.752699999999999e-08
3712 0.0165053
3715 5.1375e-08
3716 0.00064747
3718 1.5201e-08
3719 1.00386e-08
3720 4.0915100000000004e-05
3723 5.9123300000000005e-06
3724 2.62763e-07
3725 1.01732e-07
3726 7.70477e-14
3728 0.000114726
3730 7.372080000000001e-16
3731 3.88341e-06
3733 5.64627e-10
3734 4.9753e-05
3736 3.8958499999999996e-05
3737 1.69586e-05
3738 0.00036027300000000004
3739 2.72936e-06
3741 4.59191e-06
3742 2.72593e-05
3744 1.32326e-07
3745 2.65262e-05
3746 1.1180599999999999e-17
3747 3.75351e-06
3755 4.44185e-06
3756 5.5378900000000006e-05
3757 1.1820300000000001e-09
3761 6.71368e-08
3762 0.0005704740000000001
3764 7.79128e-07
3765 5.97948e-07
3766 9.00915e-18
3768 2.01305e-12
3769 6.4504199999999995e-12
3770 8.34395e-09
3771 1.9011500000000003e-05
3775 0.000327528
3776 1.74539e-11
3777 9.864790000000002e-09
3778 2.39557e-06
3782 1.82422e-06
3785 7.79548e-05
3787 1.9749e-12
3789 0.00832266
3794 0.00503241
3795 7.12661e-13
3799 1.8866e-05
3800 8.38541e-08
3801 4.80718e-14
3802 2.63853e-11
3804 3.32502e-08
3805 2.86231e-06
3810 1.7143000000000002e-10
3812 1.89113e-07
3813 1.3755899999999998e-09
3815 3.61925e-09
3816 9.179e-10
3819 1.34239e-06
3822 1.19839e-11
3823 2.74536e-06
3825 3.6980599999999995e-09
3829 4.40338e-09
3831 2.8888200000000003e-07
3832 0.00559105
3833 2.77236e-15
3836 9.784440000000001e-05
3839 6.77849e-07
3840 0.00290586
3841 3.4796e-05
3842 1.7892699999999999e-13
3843 1.00328e-05
3850 0.0010535
3851 8.86791e-08
3852 7.87971e-05
3853 3.62318e-07
3854 2.8015300000000003e-05
3858 5.72611e-05
3862 4.92983e-05
3864 5.29893e-11
3867 2.63827e-05
3870 3.0861399999999996e-05
3873 4.5068300000000007e-10
3875 6.52724e-07
3878 1.25665e-06
3880 6.24979e-08
3881 2.15921e-07
3882 3.9384e-05
3883 5.972380000000001e-10
3884 7.123930000000001e-09
3888 2.53733e-07
3892 1.6476e-09
3893 2.16563e-09
3894 1.50045e-07
3896 1.12971e-05
3897 0.000960406
3900 6.88683e-05
3901 3.48933e-05
3902 2.2229700000000002e-07
3903 9.43177e-06
3904 0.00042366
3906 2.64867e-09
3908 5.64262e-08
3909 2.7768200000000003e-10
3910 2.98399e-07
3914 0.0146574
3916 4.82605e-07
3917 1.9626e-09
3920 0.00176381
3922 5.7817899999999996e-06
3925 6.225659999999999e-08
3927 3.8443200000000005e-05
3928 1.9888999999999997e-10
3929 9.06582e-06
3930 3.49338e-07
3931 3.29775e-05
3933 0.00010842299999999999
3934 1.66766e-10
3938 1.8705900000000003e-06
3940 1.61431e-07
3942 9.38643e-05
3943 1.01866e-06
3944 4.45751e-05
3950 2.19496e-05
3951 0.000125012
3952 1.48035e-09
3955 0.0250086
3958 0.00130113
3959 9.26166e-05
3962 2.03089e-05
3964 0.000334008
3967 5.17775e-07
3968 1.06976e-05
3972 1.8299200000000002e-06
3975 0.000106261
3976 6.68105e-19
3977 1.514e-05
3978 3.58705e-05
3980 0.00040606
3981 3.3718899999999996e-09
3982 0.00788334
3985 2.7863e-11
3989 1.70311e-11
3995 0.00037834
3999 9.15375e-09
4000 4.0389099999999997e-07
4001 6.11766e-06
4002 2.16179e-05
4004 0.000130246
4006 5.2956000000000006e-05
4007 0.000210631
4018 4.65534e-07
4021 0.000484449
4022 0.00282352
4024 3.66343e-10
4026 7.49131e-09
4027 4.87071e-09
4029 0.000578146
4030 4.5667e-10
4032 1.20203e-07
4036 2.98952e-11
4038 2.52489e-07
4040 2.53253e-07
4041 0.00047257800000000003
4042 3.4339900000000002e-06
4043 3.28465e-07
4044 0.00422104
4045 4.0838e-10
4048 7.70018e-08
4049 4.5177e-07
4050 2.1597e-13
4053 6.92659e-07
4054 8.05585e-06
4055 1.33318e-08
4056 3.93856e-08
4059 1.0054199999999998e-09
4061 0.00798078
4062 0.00379899
4063 2.55124e-08
4064 1.78207e-08
4065 4.43123e-07
4068 1.1325499999999999e-06
4070 8.65074e-17
4071 3.62454e-09
4072 0.00766595
4074 9.79551e-05
4078 4.1847900000000005e-07
4079 0.13198800000000002
4080 1.90838e-08
4081 3.19883e-08
4083 1.0495999999999999e-13
4084 2.0890799999999998e-07
4086 0.00339213
4088 1.03165e-05
4090 0.00276104
4094 4.23002e-11
4096 1.01203e-05
4097 2.1411e-09
4098 1.0185399999999999e-05
4099 2.4951500000000003e-08
4101 4.92091e-09
4103 0.000112411
4104 5.685999999999999e-07
4107 0.0008205080000000001
4109 6.784730000000001e-06
4112 2.80007e-05
4114 7.43539e-09
4115 9.222069999999999e-07
4116 1.57857e-06
4118 1.84197e-07
4119 1.06974e-05
4123 1.22905e-05
4124 1.1641300000000002e-13
4125 2.5555900000000002e-08
4126 2.25365e-06
4127 4.3405e-05
4128 4.2799e-07
4130 1.65151e-05
4132 1.06269e-06
4134 2.8761400000000004e-08
4139 4.01932e-08
4144 5.3745299999999995e-05
4147 1.4244899999999998e-06
4151 1.2705799999999998e-06
4153 2.7741499999999997e-07
4154 5.94531e-09
4155 1.26919e-08
4156 0.000599224
4157 0.00136854
4159 5.7317400000000005e-08
4160 1.33432e-09
4161 6.131919999999999e-10
4162 4.72596e-07
4165 7.67584e-06
4166 1.39201e-08
4167 5.067560000000001e-09
4172 8.425e-07
4173 0.00138576
4175 5.25672e-05
4176 2.31587e-13
4177 6.85664e-07
4179 6.12294e-06
4180 4.3284499999999995e-09
4181 0.00263069
4182 4.4216e-08
4183 4.4621000000000006e-08
4184 0.000107682
4187 0.0009547889999999999
4188 4.60579e-09
4197 0.000203944
4198 5.51784e-11
4199 1.16414e-08
4202 0.08798760000000001
4206 5.67929e-08
4207 1.4938499999999999e-06
4208 2.19468e-06
4210 7.95589e-07
4211 3.54343e-05
4213 8.58406e-07
4214 6.97699e-12
4216 2.4071599999999998e-06
4217 6.64127e-12
4218 0.467487
4219 0.000238205
4222 7.03811e-08
4225 1.0196899999999999e-12
4226 7.16022e-07
4227 3.75836e-09
4233 0.00597692
4234 0.00256413
4235 7.11832e-07
4236 2.58167e-08
4238 2.3883199999999998e-06
4240 7.14188e-05
4243 2.61697e-10
4245 3.39542e-06
4248 1.8816099999999998e-05
4249 3.7327999999999996e-06
4250 7.74173e-08
4251 7.04453e-16
4252 1.92777e-07
4254 4.590899999999999e-13
4260 2.26518e-11
4261 2.9163700000000003e-08
4262 6.07716e-06
4266 0.00805574
4267 0.000578244
4268 3.96962e-07
4276 9.90369e-07
4277 0.00666743
4278 6.726309999999999e-07
4282 0.000560875
4285 0.0001571
4288 1.74891e-07
4289 1.59018e-06
4290 7.356130000000001e-10
4294 1.5989600000000002e-06
4297 1.44232e-07
4299 2.16654e-10
4301 4.0229599999999995e-08
4302 4.1565400000000004e-10
4305 2.8325700000000002e-06
4306 0.0707837
4308 1.37411e-06
4309 0.00133683
4311 4.38141e-05
4313 2.9171999999999997e-07
4314 2.8376799999999997e-09
4316 0.00461594
4317 0.00177121
4319 9.288960000000001e-08
4320 2.08382e-09
4324 2.56969e-13
4328 8.5776e-06
4330 1.9507400000000001e-10
4332 0.0965796
4334 2.10578e-06
4335 9.26035e-11
4336 6.0994500000000005e-06
4337 1.3059700000000001e-08
4340 6.563470000000001e-10
4342 5.96636e-11
4343 0.27455300000000005
4344 4.5455300000000003e-14
4348 7.82294e-06
4350 1.4194299999999998e-10
4353 6.95472e-11
4355 2.4943900000000004e-06
4357 2.4970799999999998e-05
4358 1.17742e-10
4362 6.115649999999999e-13
4363 5.09749e-06
4366 2.0924800000000002e-07
4373 0.000292243
4374 4.86045e-11
4375 0.7723909999999999
4377 0.000878267
4378 2.67762e-07
4381 4.82926e-05
4382 3.3013899999999995e-09
4383 6.58664e-06
4385 0.000826447
4388 1.40664e-09
4393 7.58052e-06
4394 6.67627e-11
4395 2.32501e-19
4398 9.18004e-08
4399 0.500709
4400 1.2116e-10
4401 8.835330000000001e-08
4402 5.57552e-14
4403 1.9015400000000004e-18
4406 7.08285e-11
4407 0.00262708
4408 1.70817e-05
4410 4.86709e-08
4412 1.23546e-05
4413 2.7728800000000005e-09
4414 3.26694e-09
4415 1.44797e-07
4416 1.02158e-07
4417 7.96169e-13
4418 4.197799999999999e-10
4419 0.00035000699999999994
4420 2.2137799999999997e-06
4422 4.8128e-07
4425 1.50491e-14
4426 5.11662e-11
4427 2.2053000000000002e-09
4428 0.0201352
4431 4.56791e-05
4435 1.12334e-05
4440 2.1305599999999998e-05
4442 6.75393e-05
4443 9.47827e-06
4444 1.47514e-08
4445 0.00408599
4447 3.11969e-07
4448 1.2010899999999998e-13
4449 3.5529199999999996e-06
4451 4.7413800000000004e-09
4453 4.3607600000000006e-09
4454 6.20527e-05
4456 2.96671e-07
4458 2.67544e-08
4460 1.4946100000000001e-06
4461 3.86626e-08
4462 1.1382e-05
4465 1.49642e-06
4467 1.06788e-11
4469 1.50536e-07
4472 1.27768e-06
4473 7.24795e-11
4475 1.4889699999999999e-07
4476 9.92208e-07
4477 0.00011779299999999999
4478 1.40716e-11
4480 5.03514e-05
4482 5.254229999999999e-05
4483 4.46428e-09
4485 0.00198259
4486 9.34228e-11
4489 0.000169253
4491 9.76101e-08
4492 7.25764e-05
4497 0.00418531
4501 0.000105606
4503 1.84543e-07
4504 2.44682e-09
4505 1.3251799999999998e-10
4506 3.6753500000000003e-06
4511 3.1858e-05
4513 0.000223768
4515 5.7807900000000005e-08
4516 5.08282e-07
4521 4.3766100000000004e-06
4522 0.595928
4523 1.39587e-07
4525 7.2341899999999994e-06
4529 6.690560000000001e-08
4531 0.00029198
4533 1.78261e-07
4534 1.81111e-06
4536 0.000163831
4538 4.1357900000000004e-06
4541 1.84968e-07
4543 6.65445e-07
4545 3.9692300000000005e-08
4546 4.02084e-09
4547 3.49614e-12
4550 0.00107513
4554 6.055749999999999e-08
4556 3.29493e-07
4557 2.0005e-06
4559 3.70125e-08
4560 1.01366e-08
4561 0.00156185
4564 4.11198e-07
4567 8.72832e-07
4568 1.2938900000000002e-10
4569 0.014726300000000001
4572 1.3718600000000001e-06
4573 0.000144986
4575 2.64075e-06
4577 3.6695800000000003e-10
4578 3.9555900000000007e-10
4580 5.23694e-07
4582 0.0822332
4583 4.867499999999999e-07
4586 0.00019637099999999998
4589 0.000115113
4590 7.582009999999999e-07
4593 0.000128599
4594 1.3411e-07
4596 1.93531e-05
4598 1.0873900000000001e-05
4599 2.95618e-11
4602 1.04066e-06
4603 2.679e-07
4608 0.0650732
4610 0.653821
4613 0.0004891440000000001
4614 0.210484
4615 1.2546e-06
4616 1.2909700000000002e-10
4617 0.9489139999999999
4619 3.00441e-05
4620 0.00829956
4621 0.012526899999999999
4624 5.61301e-07
4629 3.03521e-05
4633 0.000149025
4635 0.00128048
4637 7.8159999999999995e-28
4638 9.21049e-10
4639 9.70202e-05
4640 5.5437400000000004e-08
4641 5.599310000000001e-10
4642 0.0157925
4645 4.52213e-13
4646 0.00962232
4650 1.5258899999999999e-12
4657 1.04652e-05
4658 0.00010062200000000001
4659 9.98165e-08
4661 5.75364e-09
4663 4.71426e-09
4664 1.94974e-05
4665 8.140089999999998e-08
4666 5.96942e-11
4667 3.00412e-08
4668 1.13509e-06
4669 0.359383
4670 0.00162611
4677 6.54241e-05
4678 0.000229895
4680 6.751899999999999e-15
4681 6.67467e-06
4684 5.78661e-07
4688 3.7024e-12
4690 4.747530000000001e-10
4695 1.1551700000000002e-05
4696 0.00022260700000000002
4697 7.36029e-14
4698 9.49329e-07
4700 1.5982200000000001e-07
4703 8.85679e-13
4704 4.92869e-06
4709 2.92487e-05
4711 5.956100000000001e-11
4712 2.7432800000000003e-05
4713 9.009349999999999e-06
4716 4.124380000000001e-09
4717 3.81077e-10
4720 3.58658e-08
4721 0.000215855
4724 5.1681e-13
4725 2.80485e-11
4726 4.11225e-06
4728 0.00050267
4729 1.7530699999999998e-09
4730 1.40343e-05
4731 5.40193e-08
4733 1.96201e-06
4734 4.60886e-07
4736 1.4059799999999998e-06
4738 0.000293598
4739 0.00022403
4740 5.788819999999999e-06
4741 0.00565426
4744 1.6492500000000001e-06
4745 4.92835e-12
4749 7.03776e-07
4751 4.71239e-07
4752 5.59628e-06
4755 1.74207e-06
4756 5.227279999999999e-07
4757 6.23986e-08
4758 0.000127838
4759 2.09906e-07
4762 3.4471800000000003e-12
4763 3.1611e-12
4764 0.000127398
4765 5.41317e-11
4766 9.02915e-07
4767 9.55775e-05
4769 1.0974500000000002e-09
4771 3.71255e-07
4772 0.00139661
4774 0.663454
4775 0.0510583
4778 4.81452e-05
4780 3.78132e-09
4781 6.58433e-08
4784 2.37386e-07
4787 2.8941e-05
4791 1.1754000000000002e-07
4795 2.6956e-06
4798 0.0007992019999999999
4800 8.648889999999999e-14
4802 1.7562400000000004e-08
4803 1.2356100000000001e-06
4804 0.00039714599999999997
4806 4.49925e-06
4807 0.00010308
4809 5.52762e-11
4810 2.60856e-09
4811 1.26498e-08
4813 1.21935e-07
4817 0.066712
4819 1.15883e-06
4820 3.52416e-05
4821 0.0024010000000000004
4822 5.35369e-12
4824 1.90702e-15
4827 0.9141309999999999
4829 3.00808e-08
4833 1.38639e-10
4835 2.1238299999999998e-08
4838 3.27881e-05
4843 3.41876e-08
4844 3.4186500000000003e-06
4845 1.73256e-11
4847 4.0773599999999997e-08
4851 7.80026e-05
4853 6.294019999999999e-06
4854 0.997142
4855 1.29063e-06
4858 2.53423e-05
4860 5.81945e-10
4861 6.35849e-11
4862 1.4905700000000002e-06
4864 1.34057e-07
4865 0.000456144
4870 9.85955e-11
4871 2.7355000000000003e-06
4874 9.468049999999999e-05
4875 4.73608e-05
4877 2.7248299999999998e-05
4880 2.29813e-06
4881 1.64482e-05
4883 5.27957e-09
4884 1.7617200000000002e-08
4887 2.196e-06
4888 0.328977
4889 4.02565e-09
4891 4.04951e-10
4892 1.0085900000000001e-05
4893 0.000110895
4894 4.9019e-05
4899 1.9082299999999998e-08
4900 0.000793306
4901 0.0266389
4904 1.2838999999999998e-18
4906 1.88725e-06
4908 2.1874299999999998e-05
4909 9.156e-10
4914 5.68006e-06
4915 6.23807e-10
4917 9.873810000000001e-16
4918 1.61299e-09
4919 8.730180000000001e-08
4920 1.71982e-05
4921 9.58131e-09
4922 2.1534700000000002e-06
4923 1.19821e-08
4924 1.46546e-11
4925 0.000148215
4927 2.2007e-08
4930 2.47685e-05
4932 9.6328e-06
4933 3.90081e-06
4934 2.25429e-06
4937 4.23722e-05
4940 7.25774e-08
4941 9.787340000000001e-07
4942 8.2785e-12
4944 3.0527099999999994e-06
4945 0.24443099999999998
4947 7.18187e-06
4949 4.36336e-06
4952 1.15794e-07
4957 6.48154e-06
4959 6.025469999999999e-08
4964 3.97734e-06
4965 1.55232e-06
4969 0.9876860000000001
4970 1.85821e-08
4971 6.17547e-08
4975 7.466689999999999e-09
4978 1.40393e-06
4979 2.88766e-07
4980 0.0783427
4981 4.3985200000000003e-13
4988 0.000184473
4989 1.47372e-08
4993 0.00115828
4996 3.12162e-11
5000 6.82333e-17
5002 3.9074999999999997e-10
5005 1.49311e-06
5008 3.2168e-13
5009 4.01186e-11
5010 0.00351166
5011 4.52358e-08
5012 0.0029406999999999997
5013 2.22539e-06
5015 0.000707061
5017 0.000537871
5019 3.00609e-07
5021 1.1573e-10
5022 1.6033199999999999e-06
5025 1.76653e-07
5030 3.4119400000000005e-14
5031 7.934370000000001e-10
5034 0.00036739300000000004
5035 2.5868400000000002e-14
5038 3.64421e-05
5040 5.37284e-05
5041 1.73335e-08
5043 0.00258118
5044 2.1700400000000002e-06
5046 5.689840000000001e-13
5048 1.13654e-14
5049 8.24289e-07
5050 8.294469999999999e-05
5051 0.00105205
5053 0.0237652
5059 2.0825099999999995e-08
5060 2.4750700000000003e-06
5066 1.2689200000000002e-06
5069 1.5392500000000001e-06
5070 1.64404e-07
5074 0.000125754
5075 1.14594e-08
5076 3.05613e-05
5080 0.00533713
5082 1.17149e-05
5083 3.98903e-09
5087 1.06708e-17
5088 4.6188e-07
5089 4.58046e-08
5091 9.31443e-12
5092 0.00139568
5095 0.000486214
5096 4.3589800000000005e-14
5098 2.94148e-12
5099 8.48976e-08
5100 2.9658e-07
5103 7.0776e-06
5105 2.24255e-08
5106 0.0349511
5109 5.75063e-07
5112 9.57483e-07
5113 0.0103988
5115 5.09772e-10
5117 2.85429e-05
5118 1.4943999999999998e-08
5119 1.51847e-07
5120 9.94831e-12
5123 3.19652e-06
5125 2.59241e-09
5126 8.84324e-05
5127 0.000491154
5132 7.28751e-05
5133 2.1852600000000002e-13
5137 0.07272999999999999
5139 2.3724200000000002e-05
5140 2.83193e-06
5141 0.00854002
5142 8.03101e-08
5147 0.9858129999999999
5148 3.82305e-05
5149 0.0129531
5151 2.14347e-06
5152 0.000222699
5154 3.53419e-13
5155 1.6487300000000002e-07
5157 2.1684200000000003e-09
5158 4.17504e-08
5162 4.154369999999999e-06
5163 4.5335500000000005e-07
5164 0.988925
5165 0.000249209
5166 4.5595699999999997e-10
5167 0.00494738
5170 3.81617e-08
5172 8.13218e-06
5174 7.527060000000001e-07
5178 9.98732e-14
5180 2.6056300000000003e-07
5182 2.87621e-07
5184 6.24772e-05
5187 4.70222e-09
5188 5.18519e-12
5192 1.30722e-10
5193 0.00426961
5194 1.7388499999999999e-06
5196 1.0491999999999999e-08
5197 4.2066600000000004e-15
5198 9.466180000000001e-05
5200 8.67952e-06
5201 3.892059999999999e-06
5204 6.63831e-12
5205 1.6044200000000002e-06
5206 0.00285437
5207 0.00023009200000000002
5211 4.14727e-16
5213 3.52162e-05
5216 7.96479e-05
5218 8.038910000000001e-08
5221 9.08788e-07
5225 2.86294e-07
5226 9.63068e-07
5227 5.3927800000000006e-06
5228 3.13663e-06
5232 3.2136099999999997e-12
5233 1.11139e-05
5234 6.30311e-05
5235 4.15553e-05
5237 2.56106e-09
5238 1.5819099999999998e-10
5240 5.67222e-09
5241 0.605192
5243 2.4194299999999996e-06
5247 1.4150000000000002e-07
5249 3.19524e-06
5250 1.22408e-06
5251 6.0718100000000004e-05
5252 2.85409e-06
5255 1.09495e-06
5256 7.067409999999999e-07
5261 1.61353e-07
5265 9.06151e-10
5266 3.2059899999999997e-07
5271 1.3567499999999999e-08
5272 4.71196e-09
5275 7.11918e-08
5276 1.71353e-05
5277 0.020736599999999997
5279 1.46682e-05
5280 4.51535e-06
5282 2.26429e-13
5284 2.50849e-12
5286 3.38152e-09
5287 1.50448e-08
5289 0.00179857
5291 8.624809999999999e-07
5294 2.22924e-10
5295 9.80026e-07
5296 2.05655e-09
5299 1.0726599999999999e-07
5300 0.000338091
5301 7.642320000000001e-17
5302 0.000253831
5308 9.32308e-05
5309 3.43599e-11
5313 2.8558e-08
5316 6.05451e-10
5317 3.0323799999999997e-08
5321 8.11405e-09
5322 9.81053e-07
5323 1.4383699999999999e-09
5324 0.9888549999999999
5329 0.007976899999999999
5330 2.99051e-08
5332 0.000257928
5333 0.00110916
5334 6.76388e-06
5335 0.341507
5339 0.00536057
5341 9.868689999999999e-06
5342 2.85426e-07
5347 7.40446e-08
5353 7.54753e-07
5354 3.0917e-14
5356 1.16347e-05
5357 4.31667e-06
5359 1.3786600000000002e-06
5361 3.34843e-05
5362 0.000112115
5364 1.14371e-15
5366 4.90868e-09
5372 3.16757e-06
5375 1.93943e-05
5376 0.00562225
5377 1.8874099999999998e-06
5381 6.36453e-05
5382 0.000441447
5386 6.70139e-05
5390 1.21697e-07
5392 2.1416599999999998e-05
5394 0.00044009
5399 5.17424e-05
5400 4.36767e-07
5401 1.38e-12
5402 0.000333329
5403 1.49402e-07
5409 1.7113499999999998e-05
5411 5.26883e-11
5412 1.02264e-10
5415 6.39629e-05
5422 1.21855e-10
5425 2.02006e-05
5426 0.00291242
5427 7.72064e-07
5428 1.23436e-11
5432 3.6429000000000004e-10
5435 1.56085e-08
5437 1.82956e-10
5442 3.74497e-07
5443 8.46679e-05
5444 2.4983e-07
5446 1.37134e-05
5447 8.21673e-09
5449 6.57794e-05
5452 0.00445296
5456 8.20086e-06
5458 5.98907e-05
5459 0.000206115
5460 0.00169378
5462 1.18851e-06
5463 2.50568e-11
5464 3.8290800000000004e-08
5466 3.6438199999999994e-06
5468 6.39658e-14
5472 0.000941812
5473 0.000451546
5474 2.87633e-05
5476 0.000103975
5477 2.81513e-09
5479 1.41213e-13
5480 4.25944e-15
5482 2.32725e-05
5484 5.43192e-10
5488 5.99433e-09
5490 0.00014864200000000002
5491 5.5085100000000005e-08
5492 9.627530000000001e-09
5493 1.57062e-11
5494 7.656660000000001e-06
5495 2.92081e-12
5498 9.0947e-06
5500 0.000130329
5501 2.2283000000000003e-11
5502 4.27e-06
5503 6.109000000000001e-19
5504 3.11615e-10
5505 0.000159964
5506 4.65405e-12
5512 5.8360699999999995e-06
5513 1.4635200000000001e-08
5516 4.20662e-18
5520 1.88486e-09
5523 1.61583e-12
5525 1.7236099999999998e-09
5528 8.55855e-05
5529 0.056817099999999995
5532 0.00015291
5533 4.41583e-07
5534 4.6741000000000004e-18
5537 0.000547376
5538 0.00045931199999999997
5540 8.81304e-20
5543 1.2304e-09
5545 1.7425100000000002e-07
5546 7.69721e-06
5548 8.03991e-05
5551 2.74789e-08
5553 3.08503e-12
5555 4.06043e-06
5556 1.10955e-06
5557 4.95755e-05
5558 2.45278e-10
5560 1.15998e-08
5561 7.077859999999999e-09
5562 1.9102999999999998e-07
5564 0.00205956
5565 4.75076e-06
5567 1.53671e-11
5569 1.20725e-05
5570 1.1984000000000002e-07
5571 3.8399e-12
5572 0.026103700000000004
5575 7.46148e-13
5578 0.0567493
5580 0.000554295
5581 1.7990299999999998e-06
5587 3.6487800000000003e-09
5589 3.4284199999999996e-09
5594 2.9169e-07
5595 5.99124e-11
5596 5.05623e-08
5597 5.56022e-07
5598 9.117040000000001e-13
5602 0.41284799999999994
5604 3.78378e-08
5607 0.000493873
5610 1.2794000000000002e-05
5612 1.1634000000000001e-07
5616 3.70993e-05
5617 0.22607800000000003
5619 6.95959e-15
5621 1.1173800000000001e-05
5622 2.99184e-06
5623 2.489e-07
5626 5.815700000000001e-10
5627 1.56455e-07
5628 2.81241e-06
5632 3.2747500000000004e-07
5633 2.65012e-05
5634 0.00351845
5635 5.26927e-11
5638 0.00011279700000000001
5642 5.10766e-05
5643 1.7774099999999998e-06
5646 0.000551657
5649 1.2343399999999999e-09
5650 2.8849e-05
5651 0.00377993
5656 3.8400500000000003e-07
5659 1.4660600000000001e-08
5661 9.76576e-07
5663 4.1999099999999997e-07
5665 9.87626e-09
5666 0.00508344
5667 0.000213533
5670 1.24207e-07
5671 6.25948e-07
5673 2.7002199999999997e-06
5675 1.8656e-06
5677 0.00100679
5678 2.9984599999999997e-12
5681 0.00119852
5683 2.88908e-12
5684 0.00370231
5688 1.57501e-10
5689 1.38994e-08
5690 2.30488e-10
5691 1.29377e-06
5692 0.0006567789999999999
5694 1.98919e-11
5698 4.696119999999999e-10
5703 1.14523e-06
5706 7.43211e-07
5707 0.0015022
5708 2.88992e-07
5709 8.296660000000001e-10
5711 0.000144838
5712 0.00220271
5717 1.2022700000000001e-06
5720 2.51298e-06
5721 1.0194e-06
5722 0.000273593
5724 2.38485e-09
5725 4.71862e-06
5726 2.65411e-09
5727 9.372139999999999e-06
5733 3.92223e-08
5734 0.000154572
5737 4.729719999999999e-12
5739 9.32216e-13
5744 2.5433099999999997e-06
5745 1.6319799999999999e-06
5746 4.20156e-10
5748 1.3629099999999999e-07
5750 2.72395e-10
5751 2.37876e-07
5753 3.1293299999999996e-07
5754 1.45168e-06
5758 1.4678400000000001e-08
5759 2.44043e-09
5763 5.97713e-08
5766 1.4298500000000002e-06
5767 1.72326e-07
5770 4.0605599999999995e-09
5771 0.0444929
5772 0.000160516
5774 8.422539999999999e-10
5775 1.8676500000000002e-08
5776 0.100952
5777 2.87165e-11
5778 2.01632e-05
5785 0.000137703
5787 7.18417e-08
5792 1.2404400000000001e-05
5793 2.1155699999999998e-08
5795 0.955131
5797 3.79218e-05
5798 3.6195499999999997e-10
5800 1.9586700000000002e-07
5801 2.6248200000000002e-08
5802 2.6133e-06
5804 6.573820000000001e-07
5807 2.64596e-05
5808 9.761239999999998e-06
5809 1.8902599999999998e-10
5810 8.888530000000001e-05
5816 1.32587e-15
5820 1.40341e-05
5822 0.000759415
5823 9.067030000000001e-08
5827 9.44593e-09
5832 2.46939e-07
5833 1.54118e-06
5834 1.09582e-11
5835 0.000142824
5837 6.0366e-10
5842 8.64031e-13
5844 2.05878e-10
5846 0.000970927
5847 1.15323e-09
5848 7.713e-13
5849 5.7717700000000005e-05
5855 3.6807300000000004e-16
5857 5.90525e-08
5858 0.00164591
5862 1.6226399999999998e-08
5865 1.42777e-05
5866 3.81595e-09
5869 2.2468699999999998e-08
5870 1.0205399999999998e-15
5871 6.582290000000001e-07
5872 3.44099e-10
5876 0.00805181
5880 2.3008000000000003e-07
5882 2.58604e-07
5883 0.00208147
5886 0.870043
5887 1.55287e-05
5890 5.9716e-06
5891 1.7061800000000003e-07
5892 0.174274
5896 1.02899e-05
5898 1.2717399999999999e-08
5900 4.84477e-07
5902 6.6051e-12
5904 6.19555e-08
5907 3.24176e-08
5913 0.00026989799999999997
5915 0.9542860000000001
5916 0.531171
5921 4.19152e-05
5922 1.29562e-06
5924 2.00442e-07
5925 1.5372e-07
5926 2.84858e-06
5927 1.53081e-07
5929 2.78277e-10
5931 0.00024651400000000003
5932 7.27566e-07
5933 5.36808e-08
5934 7.06418e-10
5935 3.7094199999999997e-06
5936 3.57582e-05
5937 1.68628e-07
5939 1.37775e-07
5941 2.82242e-07
5942 1.13448e-05
5943 7.626980000000001e-08
5944 1.56923e-05
5945 4.64883e-05
5946 8.953700000000001e-07
5949 1.16969e-05
5950 3.3067e-10
5953 2.2045100000000003e-05
5955 3.10992e-05
5957 3.4687699999999997e-05
5958 7.5198e-06
5959 1.38353e-11
5962 2.6072499999999997e-09
5965 2.5259099999999997e-06
5966 9.27159e-06
5967 4.23427e-06
5969 1.1971e-05
5972 3.6478900000000005e-07
5973 0.00011894600000000001
5974 2.1106e-10
5976 6.42109e-07
5977 5.21495e-10
5978 0.00043664800000000004
5982 0.000829879
5986 5.49153e-09
5987 5.655219999999999e-06
5993 0.00013682
5994 2.4629e-05
5997 0.000219217
5999 1.05196e-09
6002 1.08509e-05
6003 1.34587e-12
6006 2.57544e-09
6007 0.0217303
6008 1.11234e-07
6010 0.000105794
6013 0.00212007
6014 1.76467e-06
6015 1.86777e-07
6016 1.7458e-08
6017 4.25845e-12
6019 3.68709e-09
6021 0.000184772
6022 1.41819e-06
6024 5.17714e-07
6031 2.29787e-06
6032 3.60662e-08
6034 7.10753e-09
6036 0.0154912
6037 0.000103936
6039 0.061873199999999996
6040 3.37065e-07
6044 2.0109e-05
6047 1.9576699999999998e-07
6048 1.09259e-07
6049 1.43153e-05
6050 1.14467e-05
6051 3.85204e-05
6052 9.34276e-08
6053 2.0958099999999997e-08
6054 2.2820200000000003e-08
6056 1.4247e-07
6057 1.55825e-08
6059 2.8653e-07
6060 0.0014549
6063 7.032330000000001e-10
6064 4.1224699999999997e-07
6068 4.71963e-10
6072 1.25501e-07
6075 8.43343e-08
6076 4.85526e-05
6077 7.70907e-07
6080 1.62115e-11
6081 2.41554e-05
6082 9.239969999999999e-12
6083 2.8777899999999998e-15
6085 0.000691911
6086 1.8196299999999999e-06
6087 0.000323024
6090 2.4446099999999996e-10
6092 7.74624e-06
6093 2.8817399999999996e-05
6094 9.31078e-05
6099 9.401210000000001e-06
6101 8.63982e-07
6102 5.44535e-05
6106 0.0498777
6109 1.82262e-05
6110 0.00352235
6112 0.000833587
6113 4.73474e-09
6114 0.00297247
6115 1.7097099999999998e-06
6116 7.914780000000001e-18
6118 2.36417e-06
6119 5.96121e-14
6121 4.8213199999999995e-12
6122 2.5987100000000004e-07
6126 5.14913e-07
6127 8.15198e-07
6132 3.2822000000000005e-14
6137 2.52968e-08
6138 3.41078e-07
6142 9.37485e-08
6143 8.12245e-05
6144 9.042050000000001e-06
6145 7.54923e-09
6147 2.44518e-06
6149 0.000125152
6152 1.6493099999999999e-06
6154 3.3140599999999997e-07
6155 1.1474200000000001e-05
6157 5.64541e-05
6160 0.00539474
6164 0.000423751
6165 8.17478e-13
6167 0.000349496
6168 1.11559e-05
6169 7.91426e-06
6173 0.161955
6178 5.25977e-06
6182 0.00482466
6186 1.10829e-06
6191 4.12906e-09
6192 2.62743e-10
6193 1.70795e-09
6194 3.9057199999999994e-06
6195 3.04109e-05
6197 2.15726e-05
6199 8.43566e-13
6200 9.23373e-07
6204 1.2016600000000001e-05
6205 4.48289e-05
6207 4.06504e-06
6211 0.000146974
6213 4.32418e-07
6217 0.16956400000000002
6226 5.87625e-06
6227 0.00397937
6228 7.71019e-09
6231 1.29964e-06
6232 9.606219999999999e-05
6237 6.8079e-05
6239 3.43469e-06
6242 4.01333e-11
6244 0.24403000000000002
6245 2.27724e-05
6246 4.09541e-06
6248 1.6476099999999998e-07
6253 0.000158248
6255 4.745440000000001e-06
6256 3.4766699999999997e-10
6257 3.43643e-09
6263 3.7051099999999995e-14
6265 0.00012001299999999999
6266 0.028380900000000004
6268 6.55291e-15
6271 2.42029e-07
6273 9.88585e-08
6274 2.7153800000000002e-08
6278 4.29782e-08
6280 5.85619e-05
6283 1.41577e-08
6287 1.15804e-07
6288 2.67095e-05
6292 5.8148e-14
6293 4.21572e-08
6294 2.75585e-05
6297 1.2975e-07
6298 2.23453e-08
6302 1.4959699999999999e-07
6303 7.330800000000001e-07
6307 8.23032e-07
6308 1.99283e-12
6310 0.000281383
6311 2.2532399999999999e-07
6312 4.22763e-09
6313 9.33853e-07
6315 2.1837e-06
6316 0.054051999999999996
6317 2.7235200000000006e-10
6322 5.38258e-06
6324 9.462580000000002e-10
6326 5.90731e-13
6327 5.194270000000001e-09
6328 0.00332394
6331 1.30153e-09
6332 5.01941e-07
6333 4.5556999999999995e-15
6334 2.44205e-11
6336 1.3143900000000002e-07
6340 1.80377e-11
6342 0.000144509
6343 0.0015532
6345 1.6584199999999998e-07
6347 1.31037e-06
6354 0.000233408
6356 6.78343e-12
6358 1.05796e-06
6359 2.8268599999999997e-06
6360 4.05331e-06
6361 5.4464900000000004e-06
6364 9.296260000000002e-06
6365 0.00567008
6368 4.29165e-06
6370 0.000512643
6372 1.76593e-09
6373 0.000127987
6376 1.24119e-07
6378 0.000642907
6379 6.02588e-07
6380 4.1853e-05
6383 6.82707e-07
6384 8.73418e-06
6386 7.463239999999999e-09
6388 8.011229999999999e-09
6389 7.44966e-08
6390 3.9057099999999996e-06
6393 4.79977e-06
6394 2.7320900000000002e-09
6397 1.1315499999999999e-09
6399 1.91044e-06
6401 1.97993e-08
6402 2.0428799999999998e-07
6403 4.5713199999999995e-05
6405 4.6499300000000004e-05
6406 4.09142e-05
6407 1.8171400000000003e-08
6408 1.97918e-05
6410 6.5882799999999995e-06
6412 7.03046e-13
6413 3.72514e-10
6414 0.00376598
6415 2.93085e-08
6416 3.17371e-05
6420 6.72992e-05
6422 1.25908e-05
6423 3.97488e-08
6426 3.35635e-06
6431 1.79419e-12
6432 1.0348e-05
6435 2.1216999999999997e-05
6439 2.82866e-08
6441 1.5986e-05
6446 1.77683e-07
6451 1.2689900000000002e-09
6452 2.87046e-08
6453 3.36882e-05
6454 2.16516e-08
6457 0.000109597
6460 1.11772e-05
6461 3.33791e-06
6464 1.16102e-05
6467 1.3130999999999998e-15
6469 1.54702e-11
6471 2.04585e-05
6477 0.00015093799999999998
6478 0.0986255
6479 0.0139697
6481 1.93434e-11
6485 2.21536e-09
6487 2.61125e-09
6489 3.2719e-05
6490 6.69105e-06
6491 1.9823900000000002e-05
6493 6.98324e-08
6494 4.26319e-10
6496 0.00010314200000000001
6498 1.21169e-09
6500 6.81351e-05
6502 2.3290000000000003e-12
6504 3.736580000000001e-08
6505 2.05372e-07
6508 1.18156e-07
6510 1.4288299999999998e-08
6511 4.4905e-05
6513 3.6435400000000003e-08
6514 1.37086e-05
6516 1.3499200000000001e-05
6517 1.43241e-05
6518 2.95056e-16
6521 1.72292e-08
6522 0.00830174
6525 6.545989999999999e-05
6526 1.6628800000000002e-05
6527 1.634e-05
6528 3.73312e-05
6531 0.00113541
6533 5.6979e-11
6535 1.57455e-12
6537 0.369021
6539 1.42102e-05
6540 6.75415e-07
6541 0.000127389
6544 2.35073e-11
6545 4.2827000000000004e-08
6546 7.365869999999999e-07
6552 2.78585e-08
6554 4.97271e-06
6555 0.000105295
6557 0.9888950000000001
6558 7.35354e-07
6559 0.0170501
6561 1.0364299999999998e-14
6563 2.7147e-05
6566 1.3293399999999999e-05
6567 1.8453400000000002e-18
6568 0.00202746
6571 0.00395378
6573 0.162245
6574 1.21448e-07
6577 3.80153e-05
6579 3.76837e-06
6580 2.5933e-06
6581 4.49552e-08
6582 2.69785e-09
6586 0.00102382
6589 0.010306999999999998
6590 2.36093e-09
6591 0.00161401
6592 1.9241e-06
6594 9.50232e-10
6596 1.25606e-05
6598 0.00010465600000000001
6600 5.36441e-07
6601 2.56544e-08
6604 9.78618e-08
6607 2.7521499999999996e-06
6608 1.32056e-17
6613 4.1864400000000005e-07
6614 1.82467e-05
6615 1.9795799999999998e-05
6616 0.000148475
6620 3.51456e-11
6623 0.00022344200000000002
6624 6.96567e-06
6629 2.00865e-10
6630 8.046669999999999e-08
6633 2.30093e-08
6634 5.315209999999999e-06
6639 9.81264e-09
6640 2.03487e-11
6641 4.01645e-14
6642 1.96075e-09
6644 1.0554700000000001e-06
6646 1.36739e-06
6649 0.10631099999999999
6650 4.42316e-09
6651 1.92991e-05
6653 1.43979e-11
6655 0.000157167
6656 1.26657e-05
6659 0.00108789
6662 9.09633e-06
6663 3.83187e-07
6665 8.82703e-05
6669 3.1037499999999996e-08
6672 9.38681e-06
6675 0.0170861
6676 3.5596e-08
6680 1.3666399999999998e-08
6683 2.002e-09
6685 1.94774e-07
6686 7.13126e-08
6688 9.84024e-11
6691 3.30765e-12
6692 1.48051e-05
6693 6.042140000000001e-10
6700 2.90545e-09
6701 4.72388e-15
6705 1.11794e-05
6710 3.73098e-05
6711 9.82631e-09
6712 2.11553e-15
6713 7.71236e-05
6715 2.6740800000000002e-06
6716 4.63125e-05
6717 1.96782e-08
6720 2.61685e-14
6721 5.3155999999999996e-08
6723 2.94767e-12
6724 2.01345e-09
6728 0.000333786
6729 0.000336388
6732 7.54834e-07
6733 4.8757199999999995e-08
6737 2.6880099999999997e-16
6741 3.88683e-09
6742 6.60247e-07
6743 2.24528e-11
6744 2.07888e-05
6745 8.86542e-05
6746 2.2475599999999996e-06
6749 1.6767e-12
6750 2.29383e-07
6752 9.7143e-09
6754 3.5469599999999997e-12
6756 0.00462262
6757 6.93637e-11
6758 8.21323e-05
6763 1.21578e-09
6764 9.63285e-10
6767 0.00038583
6770 0.00315122
6771 2.7971399999999997e-09
6774 1.97821e-07
6775 1.5285499999999999e-09
6776 2.01057e-07
6778 0.000128465
6779 3.21696e-05
6780 8.88282e-09
6785 3.11553e-05
6787 2.77366e-06
6788 0.00133797
6790 1.69018e-05
6791 0.00240138
6792 9.72518e-07
6793 6.594920000000001e-07
6795 2.36006e-05
6796 1.1031399999999999e-12
6798 2.03713e-06
6801 0.00038670800000000004
6804 1.32313e-07
6807 8.462229999999999e-07
6809 0.00017807900000000001
6811 2.6983200000000002e-08
6812 2.90436e-07
6815 0.00654054
6816 3.6229799999999995e-07
6817 3.4931999999999995e-07
6818 6.44136e-05
6820 0.00124212
6823 1.06009e-06
6826 5.42341e-09
6830 2.1084699999999998e-05
6831 2.00492e-15
6832 0.24336999999999998
6834 8.50006e-09
6837 0.27164499999999997
6843 1.06232e-06
6846 0.00524732
6851 0.000560914
6853 5.3867e-10
6854 1.10291e-09
6856 1.4720600000000002e-06
6857 6.71453e-09
6861 2.47445e-09
6863 1.0643e-05
6870 3.25902e-05
6871 1.16451e-08
6872 5.81087e-06
6873 0.000253984
6875 1.1361400000000001e-05
6877 0.000263708
6879 6.9501199999999995e-06
6881 0.00187258
6882 1.45432e-07
6885 6.59499e-05
6888 8.47173e-09
6889 9.18314e-06
6890 5.53381e-07
6891 2.1190999999999998e-05
6894 4.7033e-05
6895 4.13129e-08
6897 8.507040000000001e-07
6898 2.50504e-05
6901 4.64471e-08
6902 0.000160516
6904 0.00233104
6905 5.26818e-07
6906 6.30809e-06
6907 0.00013827799999999998
6913 2.05246e-13
6915 0.00424091
6920 5.8764800000000004e-12
6921 5.77409e-14
6923 1.5439700000000002e-06
6925 3.99007e-05
6926 2.61671e-05
6927 1.27964e-11
6928 0.000111416
6929 2.05698e-12
6936 2.28779e-05
6937 4.2661100000000006e-08
6938 6.64898e-08
6941 5.85634e-06
6942 2.1524799999999998e-17
6946 7.20849e-09
6951 5.99229e-13
6954 8.83558e-05
6955 6.98426e-07
6957 0.00010025299999999999
6960 7.03292e-11
6961 1.55879e-05
6964 2.5154699999999997e-07
6967 5.0108e-05
6969 1.5252200000000001e-05
6970 2.78392e-05
6973 0.0222367
6974 3.27389e-05
6975 6.82172e-12
6977 2.0868900000000002e-10
6978 1.10732e-05
6979 3.38519e-11
6980 3.6692100000000003e-07
6982 1.04675e-06
6984 5.56926e-07
6985 3.7054099999999994e-08
6986 7.93207e-05
6991 0.00111398
6992 5.42477e-06
6993 5.52897e-19
6996 1.6766499999999999e-06
6997 1.1381299999999999e-10
6998 1.1356700000000001e-05
6999 2.1779499999999998e-13
7000 1.5535999999999998e-05
7001 2.69584e-07
7005 2.68981e-12
7010 1.07886e-17
7012 5.73501e-08
7013 2.5395700000000006e-09
7014 1.86207e-07
7015 1.1096e-12
7017 4.7101800000000005e-06
7019 4.1992500000000005e-06
7024 0.00139099
7026 0.000286847
7027 8.77318e-06
7028 0.000107552
7030 9.20641e-08
7032 1.1365399999999999e-07
7034 2.4931e-06
7037 2.77889e-08
7041 2.64101e-09
7043 4.9032299999999995e-05
7044 1.5019799999999998e-06
7047 3.27985e-05
7051 1.25642e-09
7053 1.14316e-06
7055 0.0018352
7057 8.026160000000002e-06
7060 6.278949999999999e-06
7061 2.01685e-05
7063 1.27282e-08
7066 0.0018707
7067 2.90969e-06
7069 0.207771
7076 0.9975200000000001
7081 9.83769e-05
7082 0.00153861
7083 5.4620900000000004e-05
7085 0.000156743
7087 1.3625599999999999e-05
7091 0.000175525
7094 5.39852e-06
7096 2.81964e-06
7098 2.81287e-05
7099 0.000886816
7102 1.08064e-06
7103 2.59896e-05
7106 3.36416e-06
7107 1.11419e-08
7110 8.44307e-07
7111 5.44365e-08
7112 5.2171500000000005e-08
7115 2.46936e-18
7116 3.10765e-08
7118 2.61872e-05
7119 3.2826e-05
7120 0.00316103
7124 2.29065e-11
7126 4.64214e-06
7127 1.87029e-05
7131 1.4566400000000003e-17
7134 1.25472e-05
7135 0.00123439
7136 6.51418e-07
7137 3.20033e-07
7142 1.635e-05
7143 1.34894e-09
7145 3.23094e-09
7151 3.75259e-06
7155 5.61664e-13
7156 9.57397e-07
7157 4.2016800000000003e-07
7158 0.058686800000000004
7160 3.13204e-14
7161 0.000587565
7164 1.43739e-08
7169 6.7136e-05
7170 4.42859e-09
7171 1.9129000000000002e-08
7173 2.49105e-05
7175 2.952e-07
7176 1.5763400000000002e-07
7178 0.0008270539999999999
7179 0.00037040699999999995
7181 1.4562799999999998e-06
7183 0.00020863099999999997
7186 1.58174e-08
7188 6.217899999999999e-09
7190 0.000325385
7192 3.08677e-08
7195 0.0212989
7196 6.303119999999999e-07
7198 0.00705419
7199 2.4251499999999996e-10
7201 2.81996e-06
7202 0.000381992
7203 3.78907e-09
7206 7.71173e-10
7207 5.049130000000001e-07
7209 4.4458e-05
7218 9.80003e-06
7220 7.69259e-07
7221 0.00046783199999999995
7225 9.47739e-07
7226 3.0150700000000004e-09
7228 4.74137e-07
7229 6.715680000000001e-05
7231 0.0050627
7232 2.2723e-10
7233 8.85313e-11
7235 9.66808e-15
7237 1.97673e-07
7238 4.926e-10
7239 0.00481537
7240 2.32372e-07
7242 5.6044800000000006e-08
7246 3.8922400000000004e-07
7248 2.1312e-06
7251 2.18829e-06
7252 0.00187604
7253 3.52547e-05
7254 0.000207294
7255 2.29417e-07
7257 5.459500000000001e-09
7262 0.000323494
7264 4.97511e-05
7265 0.00572216
7267 0.00020622099999999998
7268 5.7027799999999996e-05
7269 3.0522e-05
7272 2.0566999999999997e-10
7273 5.6573e-08
7277 4.87336e-06
7278 0.000940627
7281 2.32245e-07
7282 1.29596e-07
7286 1.69055e-06
7287 4.00069e-11
7288 1.1043e-12
7290 2.46589e-05
7291 1.0295400000000001e-07
7293 0.00011124799999999999
7301 6.33899e-08
7303 0.00012377700000000002
7304 0.00198556
7306 1.42649e-05
7307 5.324069999999999e-13
7309 4.584089999999999e-19
7310 5.06721e-05
7312 0.00043639199999999996
7313 1.91967e-07
7315 2.0191800000000002e-05
7316 1.4679700000000001e-05
7317 0.00015109799999999998
7319 8.28771e-09
7320 5.05438e-11
7321 3.11706e-07
7324 3.4566900000000004e-06
7326 6.70632e-08
7328 6.31895e-06
7331 6.24087e-06
7332 5.1648e-09
7333 4.8433599999999994e-08
7335 9.333969999999999e-06
7337 2.8298400000000005e-08
7338 1.41908e-07
7339 6.05021e-11
7340 1.10159e-08
7341 4.75505e-06
7342 0.0007523139999999999
7345 2.22757e-15
7347 6.64996e-05
7348 4.88224e-07
7349 8.40133e-10
7352 0.00019512700000000002
7353 0.0001036
7354 5.5913e-12
7355 2.60348e-07
7357 2.70362e-07
7358 8.87532e-09
7360 6.8847e-08
7362 9.04034e-11
7364 1.63039e-08
7366 0.000115819
7367 1.14993e-07
7368 9.31053e-10
7371 3.62867e-09
7377 9.720220000000002e-07
7378 0.00049403
7379 7.17939e-05
7380 0.000934556
7382 5.1722e-07
7384 6.88432e-08
7386 9.0779e-08
7387 1.6642099999999998e-12
7391 0.00019524900000000001
7392 4.04869e-06
7393 0.000117778
7395 0.000121393
7397 0.00019991
7399 2.57851e-10
7400 0.24709
7401 1.2919799999999997e-06
7402 0.975303
7403 5.25309e-10
7404 3.2758199999999997e-06
7405 8.6077e-10
7406 1.95018e-07
7407 0.000814523
7409 1.7613499999999999e-06
7412 0.00014653
7415 3.01492e-05
7418 1.9433e-06
7420 1.49751e-05
7423 6.51e-13
7426 1.04978e-14
7428 2.10921e-06
7429 2.9563699999999998e-09
7430 6.055649999999999e-09
7434 0.000301878
7440 0.722312
7441 1.89551e-11
7442 5.8218e-07
7444 0.00280737
7447 8.14413e-16
7450 1.28426e-08
7452 0.00368522
7453 6.943229999999999e-06
7455 4.15436e-09
7456 7.60313e-07
7459 4.9601800000000003e-05
7462 0.9961700000000001
7463 7.33512e-05
7464 0.0173128
7469 1.38709e-06
7471 7.56082e-06
7472 0.00016005700000000002
7473 5.6353000000000004e-11
7476 1.2949700000000001e-06
7478 3.85356e-07
7485 0.0022858
7487 2.0118800000000001e-07
7488 2.15678e-05
7492 7.05396e-10
7494 9.73784e-07
7495 6.69893e-07
7496 8.09043e-06
7499 1.35981e-11
7500 2.87852e-05
7501 2.5792e-09
7502 1.4960999999999997e-07
7504 2.23276e-10
7505 1.6498999999999998e-08
7507 5.5157099999999994e-08
7508 1.72307e-06
7509 5.18822e-07
7510 0.000159348
7512 6.08151e-07
7514 5.598730000000001e-06
7515 0.011592100000000001
7516 0.027101099999999996
7518 3.78476e-08
7520 5.49231e-06
7522 2.49176e-07
7529 1.50312e-11
7531 9.32291e-06
7532 1.7688700000000001e-07
7534 0.9854860000000001
7539 1.20585e-08
7541 9.46597e-11
7542 5.81455e-07
7545 4.90986e-05
7548 9.351860000000001e-05
7549 1.07728e-08
7550 3.6851100000000003e-09
7552 0.10783800000000002
7553 1.43857e-10
7554 0.10273800000000001
7556 1.00695e-11
7557 3.9234e-08
7560 0.00414262
7561 2.76853e-12
7562 5.93254e-07
7564 5.27235e-07
7567 3.0755600000000003e-07
7569 0.00010289899999999999
7573 7.4470899999999995e-06
7574 0.0008264969999999999
7577 1.4826400000000001e-05
7580 1.8787e-07
7581 6.37372e-08
7582 7.5199e-06
7583 7.96756e-06
7584 1.70859e-05
7587 0.00113061
7588 0.000158381
7589 4.0514200000000004e-07
7591 1.1001900000000001e-09
7593 3.8854300000000005e-16
7595 0.00034632300000000005
7596 0.770857
7597 4.5488100000000005e-09
7598 5.99387e-07
7599 0.000326725
7602 0.000204429
7604 0.0837505
7607 8.278010000000001e-10
7608 1.58833e-07
7609 0.000709525
7610 8.836360000000001e-05
7613 9.05226e-08
7616 1.31417e-07
7617 1.75835e-08
7620 5.8150400000000005e-06
7623 1.10991e-05
7625 1.91251e-07
7627 2.07225e-11
7628 6.61166e-05
7630 2.53599e-16
7632 4.03982e-05
7634 1.57876e-06
7635 5.034199999999999e-07
7636 9.59012e-06
7638 3.98569e-08
7641 8.950560000000001e-06
7643 3.47136e-14
7644 1.32254e-11
7645 3.28021e-11
7646 1.92729e-12
7648 5.8051099999999995e-06
7651 8.28801e-08
7652 9.28757e-05
7658 5.225910000000001e-10
7659 0.720334
7660 0.000465564
7661 1.64074e-05
7665 7.80148e-11
7669 3.5198300000000004e-07
7674 2.88065e-12
7676 0.000135699
7681 6.77855e-08
7684 1.78078e-08
7686 0.000583603
7689 0.00024322
7690 1.54125e-11
7693 4.3506599999999994e-06
7695 0.0007807589999999999
7698 1.6893400000000004e-10
7700 1.31203e-06
7701 1.40693e-11
7703 2.05806e-05
7706 6.657439999999999e-06
7707 0.00128658
7708 3.0696800000000003e-06
7710 4.5673900000000004e-08
7711 0.000222526
7714 5.799569999999999e-09
7716 0.18836
7717 1.27464e-08
7719 0.00034328300000000005
7722 8.82549e-06
7725 8.36926e-15
7726 5.06193e-07
7728 3.94072e-05
7730 0.0662132
7733 0.000392904
7734 1.35948e-12
7737 2.7148000000000002e-06
7738 4.42271e-06
7739 9.51901e-06
7741 0.00039177
7744 4.62632e-08
7747 4.2519e-06
7750 9.56681e-07
7752 8.7471e-05
7755 1.65017e-06
7756 2.85985e-05
7757 8.56731e-13
7759 4.86063e-05
7761 5.71482e-12
7764 4.3436899999999995e-09
7766 2.21686e-05
7769 2.48611e-06
7770 0.000122452
7771 1.9283e-12
7774 0.000337291
7778 0.000208029
7780 9.309210000000001e-06
7782 2.68603e-05
7783 4.88527e-14
7784 3.65523e-06
7785 3.84423e-06
7787 0.00625971
7788 8.232369999999999e-06
7789 0.00115125
7792 3.6455099999999997e-08
7794 6.00613e-05
7796 0.000262597
7797 6.0936199999999995e-09
7800 8.13182e-06
7801 1.95468e-05
7802 3.3052899999999997e-05
7804 1.52812e-08
7805 0.000121183
7806 0.00215867
7807 2.117e-08
7808 1.4675700000000002e-07
7811 0.000112493
7816 2.38538e-06
7817 2.16765e-06
7818 4.43371e-05
7822 9.10313e-06
7823 1.74097e-07
7825 6.48819e-07
7827 4.84138e-07
7828 0.000572891
7829 6.4994e-07
7830 8.74311e-05
7832 1.1687099999999999e-07
7835 2.20189e-13
7837 1.58327e-07
7839 3.927930000000001e-08
7842 1.00505e-09
7844 1.58181e-11
7846 7.95685e-07
7848 3.23319e-07
7849 1.0180199999999999e-07
7850 6.71859e-07
7851 0.0119308
7852 1.75528e-08
7858 3.2648400000000003e-06
7860 5.709659999999999e-16
7861 1.09178e-07
7862 5.74116e-09
7866 9.274410000000001e-07
7867 2.36119e-07
7870 1.18429e-05
7871 1.96877e-05
7874 5.10682e-07
7875 2.62976e-06
7879 0.0009090680000000001
7880 1.0636300000000002e-05
7881 6.60746e-09
7882 7.79495e-12
7887 3.93084e-06
7888 7.29119e-07
7891 4.37171e-06
7892 0.00023512099999999997
7893 8.149649999999999e-08
7894 0.996495
7895 8.291660000000001e-06
7896 1.39832e-06
7903 6.34666e-09
7904 0.00020831599999999998
7906 6.01388e-12
7907 0.00136759
7912 1.26829e-14
7913 1.48234e-07
7917 4.69479e-05
7918 4.8861099999999995e-06
7922 1.8440699999999998e-05
7927 1.3830399999999998e-09
7929 2.90529e-05
7930 4.5619300000000006e-05
7934 1.65966e-11
7936 8.90117e-07
7937 1.56781e-07
7938 0.0007104860000000001
7941 0.000191289
7942 9.548639999999999e-05
7944 5.22366e-10
7945 4.56521e-11
7948 2.32824e-05
7949 1.98342e-07
7951 7.00676e-13
7952 1.86391e-05
7955 1.3950399999999998e-06
7957 0.00011966200000000001
7960 5.03908e-10
7961 2.8857599999999997e-06
7962 3.59061e-06
7965 1.11015e-06
7966 0.000296119
7967 1.0051900000000001e-09
7969 5.95449e-05
7972 3.3680700000000004e-05
7973 5.486969999999999e-08
7975 0.00028103599999999997
7977 4.64835e-05
7978 3.4878200000000005e-09
7981 0.0008468210000000001
7982 3.21411e-06
7983 1.10802e-11
7985 5.2679e-06
7986 3.97148e-06
7988 4.65034e-06
7989 5.06208e-05
7990 1.80159e-07
7992 4.5568900000000004e-08
7993 1.60383e-09
7994 3.7329900000000002e-06
7995 9.3367e-08
8000 0.507361
8003 6.04644e-11
8006 0.000268729
8007 1.70198e-15
8010 1.53528e-06
8011 3.06017e-06
8013 3.2752199999999997e-06
8014 1.64515e-05
8015 4.06767e-05
8016 6.47014e-06
8018 4.8541099999999996e-08
8020 5.06464e-07
8021 4.33266e-07
8022 1.62174e-05
8025 0.196795
8027 1.9118e-06
8028 0.11893900000000002
8030 2.88797e-10
8034 1.6512900000000001e-12
8035 3.963190000000001e-06
8038 1.36969e-06
8039 9.72621e-07
8041 3.06327e-06
8045 6.63676e-07
8046 1.0067600000000001e-16
8047 1.55562e-08
8050 2.40137e-08
8052 0.0007428710000000001
8054 0.11916099999999999
8055 2.43451e-07
8056 0.00252834
8058 2.7270100000000002e-05
8059 7.776130000000001e-08
8065 0.000292488
8066 0.000272279
8070 1.8801099999999999e-06
8071 0.000910537
8073 3.9002099999999997e-07
8074 5.0753300000000004e-14
8077 4.84691e-08
8078 0.00612771
8080 0.0009513130000000001
8081 0.0007535939999999999
8088 4.743469999999999e-19
8089 8.752310000000002e-06
8090 0.0980797
8092 3.4546699999999997e-06
8094 0.000316559
8097 9.5196e-07
8099 2.56964e-11
8102 0.00242358
8104 2.02846e-06
8109 0.017118400000000002
8110 2.48809e-07
8111 0.0175021
8113 8.48785e-11
8114 4.04227e-09
8118 8.56463e-05
8119 0.000838823
8120 4.07583e-05
8123 0.000453565
8124 0.000352289
8126 5.9364599999999996e-06
8128 7.86338e-16
8129 1.3532999999999998e-07
8131 1.14646e-06
8133 8.83109e-07
8134 3.2674200000000002e-12
8135 6.26859e-08
8136 1.31104e-07
8143 3.46944e-05
8145 0.000107111
8146 0.000121085
8147 9.36283e-06
8148 3.88272e-10
8149 2.37617e-05
8152 5.00792e-09
8153 7.28812e-06
8154 8.27004e-09
8155 2.79031e-06
8156 6.943120000000001e-09
8157 5.53822e-05
8158 6.91154e-08
8161 1.3394900000000001e-08
8162 1.5909499999999998e-07
8165 8.459560000000001e-07
8167 0.0169917
8170 8.39829e-08
8172 1.0318099999999999e-05
8176 0.000285775
8178 5.8104499999999996e-06
8179 1.9507400000000001e-10
8181 6.949079999999999e-07
8182 8.4049e-06
8183 7.831389999999999e-06
8184 3.1787599999999997e-06
8185 6.43694e-14
8187 0.900443
8192 0.057220400000000005
8193 8.231819999999999e-12
8194 1.86779e-09
8195 9.389530000000001e-08
8196 3.81327e-05
8198 4.26293e-10
8201 0.00795848
8205 7.840789999999999e-06
8206 1.4104499999999999e-08
8207 2.88034e-06
8210 3.43708e-05
8212 9.85701e-09
8214 6.86666e-06
8215 0.000137509
8217 2.32571e-05
8219 1.6947e-07
8221 2.2371700000000002e-07
8227 4.6089700000000003e-07
8228 0.00209204
8230 6.8986400000000004e-15
8231 5.95869e-08
8233 5.37526e-07
8234 3.49016e-11
8237 5.25543e-07
8238 6.790349999999999e-06
8239 0.000163996
8240 4.19062e-06
8242 0.000149635
8243 1.4074100000000001e-08
8245 1.85292e-06
8246 2.7589099999999997e-15
8247 1.68903e-07
8249 2.41392e-05
8255 1.6778400000000003e-16
8256 1.8866099999999997e-06
8257 2.57892e-07
8259 2.46e-10
8264 4.7761700000000005e-09
8265 5.228150000000001e-06
8266 8.335930000000002e-08
8267 0.00012350000000000002
8270 1.4375e-08
8271 2.3627200000000004e-06
8273 1.2929100000000001e-05
8274 1.3910999999999999e-11
8276 4.72531e-06
8277 2.2626499999999998e-08
8278 1.30883e-12
8283 4.4868699999999995e-10
8286 8.16859e-06
8287 5.38159e-08
8288 1.28726e-08
8289 4.14247e-07
8290 1.27388e-09
8291 1.09574e-09
8298 0.36032600000000004
8303 3.48833e-05
8304 0.0501708
8305 7.16684e-05
8308 5.431539999999999e-07
8309 3.18486e-05
8314 2.48705e-06
8321 3.2103899999999996e-05
8324 1.51825e-11
8325 2.22775e-05
8328 0.00487627
8330 1.99528e-07
8331 3.0799499999999995e-09
8333 0.00124865
8334 0.77013
8337 3.99096e-12
8339 0.00039763300000000005
8340 0.020733500000000002
8343 0.626646
8344 0.029303899999999997
8347 1.4914000000000002e-07
8348 1.48223e-14
8350 1.24076e-07
8352 7.50893e-05
8353 4.1422e-10
8354 4.84467e-05
8356 5.2635e-05
8357 1.28512e-12
8358 0.00493557
8361 2.13651e-11
8362 1.25579e-08
8363 4.42653e-06
8366 7.82898e-13
8367 1.88906e-09
8369 1.63423e-13
8371 1.74447e-05
8373 0.00355094
8375 0.000107682
8377 1.19624e-06
8378 4.0807499999999996e-10
8379 2.73912e-05
8380 2.66267e-05
8382 4.2515399999999997e-07
8383 1.35397e-07
8389 1.63635e-07
8392 9.35308e-09
8393 4.9233999999999997e-05
8394 1.58903e-05
8395 9.54946e-08
8396 1.24374e-10
8399 1.49731e-06
8400 0.000256552
8401 1.70432e-05
8402 0.00017156
8404 3.870739999999999e-09
8405 2.17273e-13
8406 8.51672e-05
8407 4.41498e-08
8408 1.57494e-09
8411 2.77403e-06
8412 1.40113e-06
8414 1.80847e-09
8417 3.44879e-06
8418 0.00546706
8419 0.00123033
8420 0.00012304299999999998
8421 3.32289e-11
8428 4.6368300000000005e-14
8431 4.81418e-06
8432 4.84352e-08
8435 8.268760000000001e-10
8436 7.36793e-06
8439 6.29035e-06
8440 5.06869e-05
8441 0.00170819
8446 3.05998e-05
8447 5.10818e-12
8448 3.44267e-05
8451 8.48925e-08
8455 5.603520000000001e-10
8457 1.74082e-12
8458 0.00010850299999999999
8459 0.000367819
8460 1.39055e-05
8463 3.2787400000000003e-06
8464 0.0155944
8469 4.935280000000001e-08
8471 6.98567e-06
8473 1.36085e-13
8474 3.5149300000000004e-06
8476 0.00562812
8479 8.14546e-10
8480 1.36299e-05
8481 7.31337e-05
8486 2.1422799999999998e-07
8487 4.43402e-06
8488 1.87745e-08
8489 1.91502e-05
8490 1.4587200000000002e-06
8491 3.26012e-06
8493 7.32569e-05
8496 5.9315200000000004e-05
8497 0.00201696
8500 3.05994e-07
8501 0.00014493
8504 2.19177e-11
8505 3.61301e-06
8507 2.51572e-10
8508 7.29875e-13
8510 2.2376e-09
8511 6.13966e-15
8515 2.08249e-12
8516 0.000280363
8520 3.0556700000000005e-09
8525 9.93973e-07
8527 0.000640964
8528 4.6160500000000005e-08
8531 6.66842e-07
8532 0.630379
8537 1.34463e-08
8538 5.77942e-05
8539 1.37735e-07
8540 1.5215799999999998e-18
8543 1.8023699999999998e-05
8544 0.000727703
8545 6.5253199999999995e-12
8546 8.95e-13
8547 7.402610000000001e-12
8548 6.940630000000001e-08
8551 2.29879e-15
8552 9.046e-05
8554 0.000380699
8555 3.59077e-05
8560 5.486799999999999e-10
8561 1.05467e-11
8563 1.83472e-08
8565 7.84337e-06
8566 1.35673e-05
8567 5.724270000000001e-05
8569 1.96542e-09
8570 4.33039e-11
8571 2.41774e-07
8574 3.48244e-05
8575 5.18064e-08
8577 0.000156391
8578 1.18359e-06
8579 5.98149e-11
8580 5.4026699999999996e-06
8583 1.1879e-06
8589 7.701389999999999e-08
8590 0.0536991
8591 1.43229e-12
8593 1.3673e-05
8594 0.000856558
8597 2.94793e-11
8598 0.295034
8599 0.00257562
8600 4.60794e-08
8603 0.42383999999999994
8605 0.000322869
8609 1.0838200000000001e-10
8611 3.30305e-06
8613 2.56724e-05
8614 1.02827e-07
8616 8.74594e-06
8619 2.51631e-13
8622 3.4589699999999998e-12
8623 6.06542e-12
8625 8.33156e-06
8626 1.3267e-07
8627 4.43235e-06
8629 1.26438e-05
8630 5.1018800000000004e-08
8631 1.03166e-05
8632 1.16035e-07
8634 1.73469e-07
8637 0.0223713
8640 1.50388e-05
8641 4.00855e-05
8642 6.448669999999999e-09
8643 8.370789999999999e-14
8646 2.61816e-06
8648 0.000304095
8649 1.2008e-05
8650 6.632139999999999e-07
8651 0.00021256099999999997
8652 0.00880131
8656 0.0049494
8657 4.2104600000000003e-05
8658 1.82749e-08
8659 3.02589e-08
8660 3.15226e-09
8661 1.2019600000000001e-08
8662 1.4665699999999999e-15
8664 0.00608286
8666 1.00173e-05
8668 3.64259e-05
8669 0.000105645
8671 1.3443600000000002e-06
8672 4.29062e-06
8673 9.64425e-10
8674 9.350620000000001e-05
8675 2.05718e-06
8677 5.31479e-11
8678 6.16168e-07
8679 3.57457e-06
8681 1.0862899999999999e-08
8682 6.26072e-07
8684 8.8223e-11
8685 0.617056
8686 3.04986e-08
8689 9.741519999999999e-16
8693 4.15642e-09
8694 6.565660000000001e-08
8696 8.14249e-11
8697 2.62945e-07
8700 5.7041999999999995e-06
8703 5.39971e-11
8704 2.35909e-08
8705 0.000583253
8707 5.95229e-07
8708 0.0009819660000000001
8711 1.08101e-07
8712 4.9376999999999995e-11
8714 4.10269e-14
8715 1.24048e-08
8719 5.93183e-05
8721 2.1114e-06
8724 1.30626e-06
8726 1.28719e-07
8729 2.4999e-09
8734 1.91278e-08
8735 2.5509499999999997e-05
8736 6.65115e-05
8737 2.38182e-07
8740 1.46965e-05
8743 3.59529e-07
8745 8.81412e-09
8746 0.00549006
8751 1.95163e-05
8754 3.0897099999999997e-07
8758 0.00996689
8761 0.00039815300000000005
8762 3.26493e-05
8763 0.016815
8765 1.16661e-14
8767 1.01596e-05
8774 1.39098e-05
8777 3.27345e-13
8778 2.9157999999999997e-06
8779 3.8957e-08
8780 5.35166e-06
8781 0.00015682899999999999
8782 1.8217e-15
8785 1.1200299999999999e-08
8786 0.000176275
8787 3.70705e-10
8788 4.3005699999999996e-14
8789 1.27289e-10
8791 6.837969999999999e-08
8792 2.3487600000000002e-05
8795 2.17531e-05
8797 2.8487800000000002e-08
8798 5.75554e-06
8800 2.77216e-10
8802 9.992749999999998e-07
8803 2.824e-07
8804 2.57565e-06
8807 3.01884e-06
8808 1.83893e-05
8812 0.00193636
8816 6.5622500000000006e-06
8818 0.000100191
8820 1.02418e-05
8821 1.45776e-07
8824 7.755660000000001e-12
8825 2.4358699999999998e-09
8827 0.00125123
8828 1.94207e-05
8829 9.200959999999999e-10
8830 2.76118e-06
8832 0.290951
8834 1.23688e-08
8839 3.00545e-12
8842 0.000408273
8844 1.23827e-06
8845 1.52043e-12
8846 6.79841e-07
8850 4.99972e-08
8851 6.319e-09
8852 1.7103599999999998e-13
8853 7.3736e-05
8855 1.17602e-09
8857 4.05908e-05
8860 0.00010472899999999999
8861 0.000500415
8863 0.25246999999999997
8864 1.5593e-06
8866 0.00122117
8868 7.39251e-08
8869 5.79359e-06
8870 3.46946e-11
8875 2.69471e-05
8877 3.02154e-07
8881 8.40553e-10
8882 9.92762e-10
8887 8.91363e-12
8889 1.50694e-05
8893 1.84891e-07
8894 9.53168e-07
8895 1.41856e-09
8896 8.42886e-10
8897 4.3258800000000006e-08
8898 6.75262e-05
8899 2.26537e-05
8901 1.55578e-08
8902 0.00475808
8903 1.3511e-05
8904 3.79308e-05
8906 3.04989e-05
8907 0.00032993800000000005
8908 2.36817e-07
8910 7.3429699999999995e-09
8912 0.9820840000000001
8915 1.05221e-09
8916 6.8977300000000004e-06
8918 1.3250399999999999e-06
8922 4.94296e-07
8924 4.44085e-06
8925 2.22813e-10
8928 0.000222042
8934 5.31189e-16
8935 7.47653e-09
8937 1.10356e-07
8938 0.000116213
8941 2.08949e-05
8945 6.938660000000001e-06
8946 2.5350300000000004e-05
8947 3.14685e-06
8949 9.11613e-10
8950 4.45276e-13
8952 3.3214e-07
8954 8.43343e-08
8956 9.12914e-16
8957 5.07228e-08
8959 5.26633e-06
8963 1.0009299999999998e-06
8964 0.00640464
8972 6.962119999999999e-10
8974 1.71409e-07
8977 5.6410199999999996e-06
8981 1.0257899999999998e-09
8984 9.89e-06
8986 8.054989999999999e-07
8990 2.6546299999999997e-07
8991 1.34107e-07
8992 0.107329
8993 0.00164685
8994 1.71967e-06
8996 3.42565e-05
8998 0.00164605
9001 9.27651e-06
9003 2.05609e-05
9008 6.67209e-17
9009 1.1968399999999999e-05
9010 1.95347e-07
9011 1.2017300000000001e-05
9012 5.13969e-11
9013 8.73325e-06
9014 0.0243078
9017 2.2265900000000004e-08
9021 4.10355e-09
9023 1.48946e-13
9025 3.24852e-05
9026 0.0005937059999999999
9028 1.1008200000000002e-16
9030 3.21216e-06
9031 0.014012299999999998
9033 7.972629999999999e-07
9038 8.44634e-12
9040 4.0186800000000005e-06
9041 1.6449000000000002e-15
9043 8.85052e-06
9044 5.685399999999999e-14
9046 2.06662e-07
9047 1.42801e-15
9050 2.57239e-16
9052 6.648869999999999e-08
9054 0.00052354
9055 4.59341e-05
9056 1.11027e-07
9057 1.4740899999999999e-08
9061 2.62446e-05
9062 6.279940000000001e-10
9065 2.24701e-10
9067 5.940779999999999e-06
9069 5.17925e-17
9070 9.69453e-08
9071 1.74307e-11
9074 1.40736e-09
9075 6.013680000000001e-06
9076 0.000333866
9077 3.18493e-05
9081 1.4647600000000001e-08
9082 0.00116138
9083 4.80606e-06
9084 3.9651999999999995e-09
9088 0.0006587110000000001
9090 6.74072e-08
9092 3.98789e-10
9093 1.28042e-05
9095 3.1079099999999998e-06
9096 3.74579e-10
9097 3.3658099999999995e-10
9101 4.2587499999999997e-07
9102 0.000765391
9103 8.348160000000001e-07
9104 4.4820799999999996e-05
9107 0.00176737
9109 3.66051e-05
9110 4.8575299999999996e-05
9111 9.61709e-13
9115 1.80393e-06
9118 2.28201e-09
9119 1.17588e-08
9120 0.0207962
9122 1.22548e-05
9124 1.34898e-05
9125 5.6078199999999994e-05
9127 4.73374e-08
9130 2.08611e-06
9132 6.73817e-05
9134 1.8727599999999996e-10
9135 1.03524e-12
9137 1.04449e-06
9139 1.66528e-11
9140 5.3844600000000005e-06
9142 2.3883200000000002e-05
9143 1.4825299999999998e-08
9145 5.29154e-20
9146 1.88982e-07
9149 4.4073700000000004e-07
9152 3.88126e-06
9154 4.4871e-06
9156 4.12146e-10
9158 1.1765399999999998e-10
9164 2.0740500000000002e-05
9165 7.82159e-10
9167 5.8914e-16
9169 0.0171351
9170 0.17381300000000002
9171 5.12643e-06
9172 2.7756200000000004e-10
9176 0.00021073200000000001
9182 2.34662e-08
9183 5.94656e-13
9188 6.64947e-14
9190 0.00142866
9198 7.774950000000001e-22
9199 0.000143449
9201 0.00020718
9203 3.73912e-07
9204 0.00546276
9206 1.64454e-07
9207 0.000843012
9210 1.28244e-06
9211 9.629359999999999e-15
9216 4.572430000000001e-06
9217 2.6325300000000003e-13
9219 0.000211793
9220 1.3157700000000001e-07
9222 4.6615e-09
9223 0.000165747
9225 0.000634824
9226 1.61554e-11
9228 2.1835e-05
9229 1.34297e-09
9231 8.64591e-07
9232 3.13545e-06
9233 0.004081
9234 5.36604e-07
9235 0.000315821
9237 1.7347899999999999e-13
9240 5.103449999999999e-08
9241 0.000238688
9243 2.69111e-10
9248 4.70998e-07
9253 2.55685e-06
9256 4.69615e-13
9257 5.04321e-07
9258 1.03476e-14
9260 2.17534e-07
9261 4.48103e-06
9262 2.54243e-07
9263 3.04153e-07
9264 0.0146257
9265 1.98361e-06
9266 0.00041227
9267 2.43871e-08
9274 2.56249e-08
9275 0.000651254
9276 0.000571021
9277 7.155279999999999e-13
9280 3.73931e-09
9284 0.00416715
9292 9.925040000000001e-05
9293 1.00815e-06
9294 0.000206085
9297 7.98865e-07
9298 1.08032e-10
9300 6.90848e-06
9301 0.0086956
9302 4.91506e-11
9304 6.66692e-07
9305 2.0188699999999998e-17
9310 4.3211400000000004e-05
9311 5.514820000000001e-07
9313 2.1156199999999997e-07
9314 0.00033112699999999996
9317 1.0047e-12
9319 6.80416e-11
9320 0.0170133
9321 1.1878200000000001e-08
9322 8.179869999999999e-08
9328 5.81258e-07
9329 2.3621299999999998e-06
9332 0.000108834
9335 3.13442e-08
9338 1.69042e-16
9340 7.45686e-06
9341 1.5287699999999998e-08
9344 2.0165400000000003e-06
9345 3.7032300000000004e-06
9346 1.32804e-06
9352 0.000193253
9353 5.27793e-10
9355 2.87804e-14
9356 0.00022139
9357 9.81542e-07
9360 5.17202e-08
9361 2.58363e-09
9363 7.86355e-09
9364 6.81939e-07
9366 1.7086900000000002e-14
9367 8.21425e-06
9369 7.0464e-06
9370 2.86191e-14
9372 3.23485e-06
9376 6.45038e-09
9379 1.0944300000000001e-05
9380 2.4181599999999997e-06
9381 3.65711e-12
9383 9.89832e-06
9384 0.000532832
9385 6.819549999999999e-07
9387 1.0685100000000001e-07
9390 2.06693e-13
9391 0.000135318
9395 1.08178e-09
9396 0.00017842400000000003
9397 1.20428e-07
9399 7.9731e-09
9400 0.0162944
9402 1.36434e-06
9403 9.72304e-05
9404 1.4241600000000001e-05
9415 0.00576018
9416 3.7501599999999996e-13
9423 2.40599e-06
9425 8.892379999999999e-05
9426 1.80318e-05
9427 9.50583e-07
9428 0.00011604
9430 2.1070400000000003e-12
9431 1.61982e-06
9435 0.00051288
9436 1.4635399999999999e-05
9441 5.01898e-06
9442 1.54215e-09
9444 0.00201811
9447 2.3622099999999998e-18
9449 5.73916e-05
9450 0.00672425
9451 0.9966209999999999
9452 2.3100900000000003e-06
9453 4.465709999999999e-06
9462 1.58429e-12
9467 0.0802101
9471 3.06713e-05
9473 1.06579e-05
9474 6.13129e-08
9475 1.3844700000000001e-08
9478 0.000409905
9482 6.00669e-08
9483 1.11191e-12
9485 0.000505276
9486 3.01149e-08
9487 7.92233e-06
9489 0.00790827
9492 1.05747e-09
9493 2.39311e-10
9495 6.37557e-06
9498 2.90231e-10
9501 8.075460000000001e-10
9503 7.58802e-08
9505 1.77314e-05
9506 2.4332700000000004e-08
9509 8.21866e-07
9510 9.2407e-15
9511 3.03063e-06
9513 0.000291335
9514 4.4332299999999995e-07
9521 1.52011e-05
9522 2.72321e-05
9525 2.75746e-09
9529 3.5021500000000004e-07
9530 7.02451e-05
9534 1.1319100000000001e-10
9535 4.91108e-06
9536 1.33478e-11
9538 7.18256e-05
9539 2.8129200000000003e-06
9544 1.48493e-06
9547 2.78911e-06
9548 1.72765e-10
9552 4.0243000000000004e-07
9553 9.19184e-07
9554 2.12424e-07
9555 0.000106998
9556 0.000211919
9559 6.83201e-09
9561 1.02559e-09
9563 4.24785e-12
9564 1.13669e-06
9569 0.0252737
9570 0.000160056
9572 0.000333995
9574 4.94927e-05
9575 1.0640799999999998e-06
9578 0.0141623
9581 4.4864e-10
9582 0.000108483
9583 9.56313e-07
9589 8.10736e-07
9590 3.09295e-10
9592 0.000523039
9593 7.726279999999999e-09
9594 7.5853899999999996e-06
9595 9.179689999999999e-06
9599 2.4832e-07
9601 8.5666e-08
9602 2.6397700000000004e-14
9604 0.5186569999999999
9606 4.46963e-06
9607 0.00770501
9608 1.4242400000000001e-06
9610 4.52771e-05
9612 9.294469999999999e-05
9616 2.63192e-06
9622 1.21266e-09
9624 0.008346
9625 1.2292899999999999e-05
9626 2.4651999999999998e-08
9628 3.3900999999999996e-07
9630 1.1935299999999999e-06
9631 2.2192900000000003e-07
9632 1.08566e-06
9633 2.35061e-07
9635 0.00031347
9639 6.99117e-08
9640 8.43022e-11
9642 2.19229e-05
9643 8.772539999999999e-06
9645 1.37199e-07
9646 1.6296500000000002e-10
9648 1.58814e-09
9651 0.00014385
9652 1.50953e-13
9653 1.08238e-06
9657 4.01328e-09
9660 2.95323e-07
9661 5.799730000000001e-06
9662 5.20854e-07
9663 1.1326900000000001e-07
9665 8.501209999999999e-05
9669 8.59516e-07
9672 2.91286e-06
9673 1.5227799999999999e-12
9674 9.464119999999999e-14
9675 2.82005e-12
9677 6.18156e-07
9680 6.602750000000001e-10
9682 2.79219e-10
9683 7.33863e-12
9688 1.38846e-08
9689 1.25223e-08
9690 6.5542700000000005e-06
9694 8.76232e-05
9696 0.000202371
9697 4.10291e-07
9701 8.962289999999999e-08
9704 0.000171271
9705 4.17081e-11
9708 2.76727e-08
9714 0.000262061
9715 5.5285699999999995e-06
9716 2.26648e-14
9720 6.74015e-12
9722 0.00029819
9723 2.6917300000000004e-10
9725 3.07213e-07
9727 6.86154e-07
9728 8.61561e-06
9730 2.71452e-05
9731 1.10792e-11
9736 3.92712e-06
9739 4.62492e-05
9740 7.9057e-10
9741 2.13994e-07
9742 6.66076e-08
9744 0.00191855
9750 4.48166e-05
9751 1.60961e-07
9752 0.000122136
9753 0.0006362319999999999
9757 4.00395e-09
9759 3.76405e-08
9760 0.0280633
9765 9.96548e-06
9766 1.9300799999999998e-07
9768 0.00388964
9769 0.000269696
9770 4.15305e-06
9771 0.000821503
9775 5.83788e-11
9777 3.82792e-07
9779 8.85046e-06
9782 8.1683e-07
9783 5.5970299999999995e-06
9784 2.15441e-06
9786 1.08766e-05
9787 1.51448e-09
9788 2.3082599999999998e-15
9791 9.3304e-06
9793 1.3969200000000002e-08
9795 2.14844e-09
9798 4.11314e-06
9799 0.000440032
9802 5.41111e-07
9803 0.00129641
9804 1.44089e-11
9806 2.84351e-07
9811 5.4011e-05
9812 1.37421e-05
9814 3.5048000000000003e-06
9815 1.64245e-06
9817 4.3722099999999997e-07
9818 0.0360467
9820 2.73123e-05
9821 2.53158e-11
9824 0.000334725
9826 2.2792600000000003e-09
9827 8.15151e-12
9829 1.54949e-07
9835 4.21622e-07
9837 5.0919e-08
9838 9.54989e-05
9840 1.8794e-11
9843 0.000857888
9844 6.384950000000001e-10
9846 3.25962e-10
9847 1.13631e-06
9849 5.27495e-07
9850 7.2446e-11
9853 2.67329e-06
9854 3.2491200000000005e-06
9856 4.7268199999999996e-05
9857 5.04052e-06
9861 0.715206
9864 9.44519e-08
9866 2.79069e-14
9871 4.2745800000000004e-07
9873 8.56975e-08
9875 2.53033e-05
9876 1.1696e-15
9883 3.6588499999999997e-06
9885 0.000110877
9888 1.95304e-07
9889 0.19595
9890 5.257930000000001e-15
9891 2.03311e-06
9892 8.27273e-06
9893 1.72916e-11
9895 1.12859e-09
9899 1.1406099999999999e-05
9901 2.34483e-05
9903 0.0006839130000000001
9906 1.4795399999999998e-08
9907 2.31187e-05
9909 0.0284683
9910 2.23646e-06
9912 0.000854411
9914 1.76684e-05
9915 6.315e-07
9916 1.1028e-08
9919 3.2405e-06
9921 0.00033916400000000003
9922 3.41325e-05
9924 2.4915500000000002e-08
9925 1.65141e-15
9927 1.09879e-07
9928 1.48606e-08
9929 6.354819999999999e-06
9930 1.15809e-06
9931 0.000108519
9933 0.000158976
9934 0.0010792999999999998
9936 6.6329e-08
9937 0.034579900000000004
9941 0.000196822
9943 4.4553800000000003e-10
9948 1.11428e-07
9951 0.000475271
9952 0.000137576
9953 4.00608e-14
9956 5.40301e-09
9957 7.20753e-07
9960 7.51569e-10
9962 6.18488e-06
9963 2.6870099999999997e-06
