1 7.67467e-05
2 1.05345e-05
3 0.000447495
4 0.000114436
6 0.409296
8 0.013759200000000001
10 0.0100157
11 4.9312599999999994e-06
13 5.85121e-05
14 5.2747399999999996e-05
15 2.33892e-08
18 0.000284909
22 8.52576e-06
25 0.026062900000000003
27 0.0133705
28 1.14434e-09
29 0.0009667689999999999
31 8.05228e-09
37 0.000664346
38 2.13546e-12
40 1.72819e-15
43 0.006324300000000001
45 1.62552e-05
49 0.0307292
53 6.35224e-05
54 8.68333e-08
55 5.354690000000001e-06
56 4.4184099999999996e-05
57 2.32709e-19
58 9.0419e-05
59 0.0103415
62 3.9952e-05
67 4.823230000000001e-08
68 2.19371e-17
69 0.000128779
70 0.00414883
71 2.34328e-10
74 3.9287400000000004e-06
75 0.0018629000000000002
76 3.56913e-05
79 0.00034206
80 0.000148411
82 1.45399e-07
84 0.00495202
85 0.136155
86 0.000528688
87 0.000238546
88 0.000984317
90 0.0821041
92 2.99726e-07
94 3.6307299999999996e-07
96 7.64547e-05
97 0.144094
98 0.0208921
100 1.1836500000000001e-05
103 5.83645e-05
105 7.641119999999999e-07
106 3.82175e-15
108 0.123241
111 0.0005941340000000001
114 0.00341869
115 6.26358e-08
116 0.0006211330000000001
119 1.0296299999999998e-08
124 0.00867869
126 0.000680131
127 0.00041035199999999995
128 8.93779e-06
135 0.000580965
136 0.011750499999999999
137 0.00305928
139 1.00677e-11
144 0.00494781
145 8.82549e-05
148 2.07667e-22
149 5.93977e-06
151 0.000396366
152 6.20672e-09
155 3.73355e-06
157 0.28600000000000003
160 0.506201
166 0.000177036
167 2.16527e-07
168 0.00121134
172 6.34029e-10
175 1.79325e-06
176 2.77399e-05
178 2.42027e-06
179 2.02395e-06
181 0.051778599999999994
182 0.028099799999999998
183 0.000293788
185 0.00480978
186 0.000320181
188 2.88167e-09
191 0.017369
195 3.91657e-07
196 0.27852
197 5.16798e-08
199 4.5956e-14
201 6.4025e-09
202 0.0326078
204 0.00455356
205 0.22579000000000002
206 0.000644544
212 0.0444491
213 0.168277
216 9.86731e-09
217 0.0414069
223 1.8459e-05
226 0.0178438
227 1.1206599999999999e-07
230 7.47919e-06
231 4.980659999999999e-06
234 0.000116284
237 0.016752799999999998
238 3.17989e-05
239 7.38541e-10
240 3.5077699999999997e-06
243 1.18671e-09
247 0.021842900000000002
248 0.00116044
252 5.0473800000000005e-06
253 4.28961e-09
254 3.13667e-05
255 9.190319999999999e-07
258 0.0635366
260 6.09693e-07
261 8.321100000000001e-13
264 0.00529479
265 0.000230808
267 3.6454300000000004e-07
271 0.000236087
272 0.00110145
273 0.000187281
274 1.05231e-12
277 0.360245
279 0.037639
280 0.00641673
281 0.000123418
283 3.74197e-13
284 1.51257e-07
286 0.00722075
287 0.13676300000000002
290 4.83462e-06
291 0.00293347
292 2.57724e-06
293 8.947630000000001e-06
295 7.445479999999999e-05
297 0.00846534
299 0.11336900000000001
300 0.000192329
301 3.88805e-05
309 3.1894800000000003e-13
310 0.05969069999999999
313 3.84458e-06
314 0.027533999999999996
315 7.564439999999999e-06
316 3.31548e-05
319 0.00110397
324 0.000733759
326 0.00047869
327 0.0208356
330 0.0161798
333 3.2516799999999997e-09
335 0.243579
339 0.11514200000000001
341 1.59031e-05
342 0.000195668
345 3.4922800000000004e-05
346 0.000211527
348 2.37754e-09
350 2.48718e-10
351 4.34354e-06
353 7.64627e-10
356 0.000279758
357 5.30346e-08
358 1.0249999999999999e-08
360 5.0442e-08
361 8.66574e-06
362 0.000119191
364 1.0279000000000001e-13
365 4.936969999999999e-10
366 0.039737699999999994
368 0.0910175
369 0.00725468
371 0.00365813
375 4.02879e-05
376 0.000335923
377 0.00570229
378 4.9931099999999994e-05
383 1.1548e-13
384 0.358298
385 0.00936829
386 0.000736193
388 8.258719999999999e-06
389 0.00307518
390 2.35893e-06
392 5.65528e-05
393 0.00022660400000000001
397 0.0703287
398 8.13962e-06
399 2.56515e-09
401 0.000229173
402 4.39175e-06
405 0.136457
409 3.6602699999999997e-07
410 0.000230218
412 1.55293e-06
413 0.0122547
414 2.92944e-06
415 8.22289e-07
418 0.000561511
421 0.00797191
422 0.0245077
423 0.00656793
425 5.272769999999999e-06
426 4.12982e-05
429 0.30190500000000003
432 0.00013471299999999998
434 0.000327355
436 1.2676100000000001e-08
437 1.65956e-05
440 7.78398e-07
441 1.65232e-08
442 1.44082e-10
444 4.6068800000000003e-07
445 1.4784200000000002e-05
447 0.0167455
449 2.28857e-05
451 1.26102e-06
452 0.313967
453 3.11766e-08
455 0.00598308
456 1.2976300000000001e-05
457 0.000482775
458 0.0045053
465 1.9228100000000003e-07
466 1.04752e-05
467 2.81022e-09
471 0.00028344
472 1.50253e-19
473 0.000940092
475 1.5703200000000002e-06
478 0.0009173769999999999
479 0.00822443
481 0.00186298
485 8.85157e-05
487 0.154764
488 3.06376e-08
490 0.210292
493 0.019404499999999998
495 0.00135979
497 2.30959e-10
502 0.000153312
504 1.65368e-05
505 1.1764100000000001e-06
506 0.052404599999999996
507 0.000638034
510 0.0415351
511 2.8999900000000003e-06
512 3.33288e-08
517 0.013714700000000002
521 1.71732e-05
527 3.7761199999999994e-14
529 0.000664642
532 3.5136099999999997e-08
533 0.07624960000000001
534 0.00122706
536 6.73453e-10
538 1.81817e-06
539 0.012830000000000001
542 4.4165e-08
546 0.109329
547 0.011457
548 3.07148e-07
551 0.0736606
553 2.3389199999999997e-10
556 1.3409499999999998e-07
557 2.68242e-05
558 0.00237603
560 0.00155461
561 4.887840000000001e-13
562 3.44394e-10
566 0.0108174
567 6.936630000000001e-09
568 5.39773e-07
569 3.34934e-13
570 2.43379e-07
571 0.00038019
572 1.4743399999999999e-09
573 0.00405956
574 2.53551e-06
575 0.00259483
576 9.98657e-05
578 0.0505011
580 1.34423e-06
584 1.91795e-07
585 6.30881e-09
586 1.80173e-05
587 0.0503936
593 1.6766400000000001e-09
594 1.28532e-07
595 0.27773400000000004
596 9.16236e-05
600 0.000819347
602 4.50366e-05
603 0.466742
604 0.000214363
606 0.000516675
607 1.25252e-06
611 0.00119188
614 1.0588599999999999e-13
615 0.109429
616 0.00160916
617 0.0110593
618 0.000480102
621 0.0143951
623 0.000967015
624 7.45239e-08
627 3.6801599999999997e-06
629 1.61363e-05
630 6.84823e-11
631 0.0207874
634 0.0002032
636 3.4171e-07
638 7.70106e-05
639 3.7814800000000004e-06
640 1.5196199999999998e-13
641 0.0214484
642 0.018927700000000002
643 0.00351307
644 1.08357e-07
646 1.45013e-07
649 3.04206e-06
650 5.2863100000000006e-05
651 2.68394e-05
652 0.101985
655 5.86763e-08
658 0.138755
659 2.26497e-06
662 0.202768
664 5.6281400000000006e-05
665 2.53748e-10
666 8.40825e-05
668 4.93018e-07
669 7.417510000000001e-05
670 0.00325099
673 5.247770000000001e-05
674 0.000456123
678 7.36261e-08
679 4.7277500000000005e-07
681 8.04365e-05
683 0.0108191
687 1.1843700000000002e-08
691 0.42998800000000004
692 0.0254267
693 4.1341e-05
696 3.7508099999999996e-06
697 2.7425599999999995e-06
698 0.000210975
701 0.00010627899999999999
703 1.56157e-05
704 0.000671347
706 5.98788e-05
708 0.07410139999999998
715 1.5542600000000003e-06
716 0.00518079
718 9.12282e-05
719 3.3728700000000005e-07
721 7.4720100000000005e-06
722 0.00201946
723 4.04397e-06
724 9.08962e-09
725 0.00223359
727 1.7574299999999999e-06
732 3.47789e-06
734 1.47542e-06
735 2.17341e-05
736 7.202579999999999e-09
737 0.09705130000000001
741 8.968389999999999e-12
743 0.0005675809999999999
744 0.00213231
745 7.283680000000001e-05
747 1.32159e-09
749 0.000211285
751 0.0359734
757 2.3590800000000002e-08
758 3.01532e-07
759 0.00249438
762 0.000886854
765 0.019821900000000003
766 0.184607
769 0.06521619999999999
773 3.2195e-07
775 6.14264e-08
778 5.38316e-05
779 4.11081e-08
781 6.1265e-06
783 0.0048573
784 0.00162611
785 0.00010329299999999999
788 2.75236e-08
789 1.33969e-07
790 0.07894839999999999
792 4.24267e-05
795 4.81214e-06
798 0.266782
801 5.707170000000001e-09
803 2.1490599999999996e-06
807 0.000613966
809 2.00507e-08
811 8.36621e-12
813 2.32496e-06
817 0.000628946
819 1.97711e-06
821 1.2456800000000002e-09
824 7.314489999999999e-06
825 3.86643e-12
833 4.0340100000000004e-05
835 1.47778e-10
836 6.92793e-06
837 0.000131884
838 1.55847e-17
839 0.00742669
840 0.163825
841 0.630563
844 5.11269e-07
846 4.74631e-05
852 0.0013354
853 8.3087e-06
856 0.0288745
858 7.2183e-08
861 0.0312048
864 2.3530900000000003e-10
866 6.0121e-05
869 0.0513658
870 0.002758
873 0.000472376
875 3.07314e-06
877 0.0215111
881 2.82373e-08
883 0.000126961
884 3.36344e-07
886 0.0101414
890 0.0797007
891 5.93769e-06
893 0.00041275599999999996
894 2.6096100000000002e-06
897 0.000930576
901 0.144516
905 0.00636584
907 0.00823693
909 0.039533099999999995
910 0.197376
913 0.0193785
914 0.00120263
916 2.40421e-09
922 0.00213135
924 3.3677199999999996e-09
925 4.86522e-08
927 0.00941784
928 0.00045339999999999996
930 1.46025e-11
932 9.243559999999999e-07
933 0.000255495
938 0.031238299999999997
939 0.0290678
940 0.028378399999999998
941 0.676427
942 4.9356900000000004e-08
944 0.029656599999999998
945 6.8253699999999996e-09
952 0.000355379
953 0.00306814
955 0.052310300000000004
956 0.0233692
957 2.961e-05
959 0.00441473
960 0.0878665
961 0.00195052
963 0.000299098
968 1.65927e-07
969 1.31978e-05
970 0.000100584
974 4.4700399999999996e-05
975 0.00339897
976 0.0019477000000000001
978 0.0418356
979 0.00504014
981 0.00645635
983 0.103744
984 0.000128438
985 2.42573e-07
986 0.0034341000000000003
988 7.20991e-05
990 0.00152758
992 4.83543e-06
994 0.00654521
995 3.122e-06
998 1.9401499999999998e-10
1000 0.022511700000000003
1003 8.16422e-09
1005 7.159980000000001e-07
1006 0.00183826
1007 2.10155e-06
1013 5.2667700000000006e-06
1016 1.5651900000000002e-05
1019 1.5748800000000003e-09
1020 0.0678962
1021 0.23387399999999997
1022 1.4177200000000001e-06
1023 0.0175741
1025 0.132262
1026 0.00334978
1029 2.5620100000000002e-05
1030 1.4322e-06
1031 1.33881e-06
1032 7.272229999999999e-09
1033 2.89806e-06
1034 1.46014e-05
1035 0.026034199999999997
1037 0.0476419
1038 0.015206799999999998
1039 0.00428451
1040 0.023364700000000002
1044 0.00575444
1046 3.11606e-05
1047 0.145516
1048 0.00314271
1049 0.000146921
1051 6.302180000000001e-17
1054 0.00126983
1055 0.06855889999999999
1058 0.000429425
1059 0.00022687
1063 0.00295363
1065 0.000507441
1067 0.196133
1070 9.7051e-07
1075 0.00234814
1076 0.186947
1080 7.11358e-05
1081 0.00204357
1085 2.17587e-09
1086 0.00399928
1087 0.010431900000000001
1088 0.0008169739999999999
1089 9.46378e-09
1090 3.65335e-06
1094 3.28147e-06
1095 0.0435916
1096 5.97948e-15
1098 5.285270000000001e-13
1099 0.000504364
1100 0.030303899999999998
1103 0.00425928
1105 0.050129900000000005
1108 0.00295794
1111 0.00165255
1114 5.00179e-05
1115 3.49029e-09
1116 6.590830000000001e-06
1117 0.288957
1118 0.0419834
1120 0.00150215
1122 1.6846299999999998e-10
1123 0.0374229
1126 2.94995e-10
1128 0.013228899999999998
1131 0.00846156
1132 0.119833
1133 0.18623399999999998
1134 1.62587e-08
1135 1.23416e-06
1138 0.40610799999999997
1139 5.3171800000000005e-05
1141 5.25695e-05
1146 3.034e-05
1150 0.021436700000000003
1153 2.80175e-05
1155 3.2545599999999995e-06
1157 8.38817e-09
1159 0.261079
1162 0.170124
1163 0.357364
1165 0.00167947
1167 0.00568074
1169 0.00193308
1173 0.000292459
1177 0.00647818
1178 7.0042e-08
1179 0.017671
1180 0.124651
1181 1.32042e-19
1183 0.018715700000000002
1188 7.23992e-08
1189 0.00033508199999999995
1190 0.43882299999999996
1193 2.4334700000000003e-08
1195 0.00517196
1196 8.459750000000001e-10
1197 0.14438199999999998
1198 1.02427e-10
1202 0.0140249
1208 0.0006384219999999999
1210 0.00208937
1213 8.54057e-05
1216 0.00844999
1217 0.07640060000000001
1218 1.1575799999999998e-08
1219 0.00347256
1220 0.0613363
1222 7.55681e-05
1223 2.5798999999999998e-08
1227 7.45021e-05
1228 0.0816258
1232 0.00114334
1235 9.74151e-07
1238 2.3819200000000002e-14
1242 1.45427e-05
1243 0.0349233
1244 0.053864499999999996
1245 1.3165e-05
1246 0.00740669
1249 0.0179905
1251 0.00480371
1252 3.6904000000000003e-07
1253 0.0196912
1255 0.0137136
1256 3.9513e-05
1257 0.000527186
1261 0.011755400000000001
1262 1.0209400000000002e-21
1264 1.88059e-09
1267 7.33862e-07
1271 0.0175355
1275 4.12676e-07
1276 0.0256741
1278 1.0425400000000001e-08
1280 7.43043e-09
1282 0.0976793
1283 7.77009e-06
1285 3.24344e-06
1291 0.00061752
1295 1.33371e-06
1296 4.958770000000001e-09
1297 0.0421015
1300 2.43296e-05
1301 1.2936600000000002e-06
1302 0.00117536
1303 0.00258705
1305 0.00150671
1306 2.1772499999999998e-06
1307 4.15538e-05
1308 0.00011392100000000001
1313 0.00368953
1317 8.16046e-05
1318 1.2277299999999999e-06
1319 0.06591960000000001
1320 3.3103000000000005e-05
1321 1.7859000000000001e-06
1322 0.000131376
1328 0.00100401
1329 1.58397e-05
1331 5.01299e-08
1335 2.4003e-06
1336 4.3326e-14
1338 0.00213556
1339 0.11747300000000001
1340 0.0103354
1342 7.74042e-05
1344 6.03612e-05
1347 0.0939827
1349 0.3001
1351 0.0435483
1353 6.750489999999999e-05
1354 0.0417639
1355 6.783660000000001e-06
1356 3.28929e-09
1357 2.07465e-06
1358 0.00832583
1359 3.76027e-07
1363 0.00045848300000000004
1366 1.87286e-05
1367 0.00025399
1368 0.028635700000000004
1369 5.2216800000000004e-12
1370 1.00013e-11
1372 0.11483499999999999
1373 2.0839099999999998e-07
1374 0.0620186
1376 0.000156859
1377 0.000494258
1379 5.085719999999999e-06
1380 0.00539666
1381 1.4331e-09
1382 0.00518392
1389 0.00052728
1391 0.306345
1392 1.28369e-07
1394 7.348510000000001e-07
1396 0.000720811
1398 7.78874e-07
1399 3.1328e-06
1401 4.3435e-06
1403 3.81676e-07
1407 0.00117804
1410 1.50676e-06
1411 0.0762255
1412 6.93414e-05
1415 0.000124737
1416 0.00033801800000000004
1417 0.00010408200000000001
1419 0.0839704
1422 2.21269e-05
1423 0.014386500000000002
1424 0.000328465
1425 0.000795687
1428 0.00553662
1429 0.00108391
1431 0.00463037
1433 0.00012686
1435 1.23208e-06
1437 5.6710200000000005e-05
1438 0.0024035
1440 2.31345e-14
1446 1.89415e-08
1447 1.3486400000000002e-09
1448 0.00306451
1449 2.5900099999999996e-06
1452 0.00039111800000000003
1454 0.00938728
1456 0.00464469
1458 0.387257
1459 0.013591299999999999
1461 0.19983599999999999
1462 0.000254212
1469 0.029064999999999997
1471 4.34965e-05
1473 0.00397489
1474 9.41808e-09
1476 4.40289e-09
1477 2.33328e-06
1478 0.0201101
1482 0.0122644
1487 0.000834335
1489 0.00116056
1491 3.7105400000000003e-07
1495 0.10928399999999999
1496 6.14903e-17
1500 0.0176486
1502 2.74927e-09
1503 7.89337e-06
1505 0.000445129
1506 0.00134895
1507 0.00558856
1508 0.0178913
1511 7.816430000000001e-12
1513 0.0956478
1516 1.5719999999999998e-12
1518 0.168494
1519 0.160498
1520 1.347e-05
1525 3.53359e-07
1527 2.53982e-06
1530 0.000120576
1533 0.05115069999999999
1534 0.0611865
1535 0.000145396
1538 3.70238e-07
1540 0.017961900000000003
1542 0.00626308
1546 0.000243358
1547 1.4748e-10
1549 0.0105387
1550 3.22102e-10
1551 0.0132844
1552 9.73286e-09
1558 0.0400473
1560 4.98214e-10
1562 0.00020341
1564 0.0592655
1566 0.00605209
1567 2.7755e-07
1568 0.0031685
1569 0.0356176
1570 0.21904
1572 1.94086e-12
1573 2.41839e-07
1574 0.029569400000000003
1575 5.74346e-05
1578 7.295439999999999e-08
1581 0.057012400000000005
1583 0.00276592
1584 0.023628299999999998
1585 0.0727964
1587 8.7409e-06
1589 0.002284
1591 2.43854e-10
1592 0.00114528
1596 0.049847699999999995
1599 0.0181396
1600 0.0303437
1601 3.72112e-05
1602 8.081669999999999e-06
1605 0.00040193300000000004
1606 1.18347e-08
1609 0.000118265
1613 4.93295e-08
1615 1.74856e-08
1616 1.57756e-05
1619 7.124139999999999e-08
1620 8.45477e-12
1621 8.93796e-08
1623 2.16745e-08
1624 0.000542785
1625 0.000163419
1626 5.65686e-10
1629 0.020321799999999998
1631 0.00188609
1634 2.05079e-05
1635 5.02656e-05
1637 0.000274515
1639 0.000249162
1641 8.60071e-06
1644 0.000123063
1645 0.000269302
1646 4.11971e-05
1648 0.00152763
1652 0.00018487900000000002
1655 6.29994e-05
1656 0.00469155
1657 0.00227881
1658 1.3344099999999998e-07
1659 3.29452e-06
1660 9.88212e-09
1663 2.74033e-05
1664 7.86157e-05
1665 2.30423e-05
1666 0.0275118
1667 0.0010137
1668 0.0029101
1670 1.25588e-05
1671 0.163633
1672 3.2298000000000006e-09
1674 0.000213832
1679 4.4081499999999997e-07
1681 3.03314e-07
1687 2.7841500000000003e-06
1692 0.00022342599999999998
1694 1.16697e-10
1695 0.000189601
1696 0.047706
1697 0.000726533
1698 5.349439999999999e-06
1700 7.416479999999999e-05
1701 0.000189843
1702 7.69268e-08
1703 0.00404519
1704 1.63849e-05
1705 3.26043e-06
1706 0.015427100000000001
1709 1.7323e-07
1710 0.00177748
1712 0.0626148
1715 0.00690569
1716 0.0084428
1719 2.12888e-06
1720 0.0106275
1722 0.0310466
1728 0.0679702
1731 0.0215417
1735 0.0207939
1736 4.609380000000001e-06
1737 2.59579e-11
1740 0.00012568600000000002
1742 0.0008726560000000001
1743 0.0329489
1744 1.6514500000000001e-07
1745 0.00495081
1748 4.38418e-09
1751 0.000784297
1753 0.000251248
1757 0.00226764
1760 0.00763987
1762 0.000147897
1763 0.00240693
1764 2.77111e-06
1767 0.00313558
1769 3.33886e-05
1770 0.00170879
1773 0.00047218900000000003
1774 0.00856209
1776 0.000322541
1779 0.330047
1781 0.057085500000000004
1783 0.00184559
1786 0.0366406
1788 1.7099799999999997e-08
1790 3.77793e-09
1791 1.3081200000000001e-06
1792 0.00447592
1794 3.0080400000000005e-06
1796 3.36813e-07
1798 2.70426e-11
1802 0.000846903
1803 8.40491e-06
1804 1.21626e-07
1805 0.0818427
1808 2.40894e-07
1811 0.0822528
1812 0.0386714
1813 0.06760369999999999
1814 0.0101289
1815 3.4807999999999998e-06
1817 0.000946327
1819 1.0122100000000001e-05
1820 3.28136e-07
1822 3.5152900000000005e-08
1823 4.4121999999999995e-05
1824 8.336560000000001e-06
1826 0.110883
1829 0.000131959
1831 0.288407
1835 7.8307e-05
1838 4.4698699999999994e-12
1839 0.00026352
1844 1.58879e-11
1846 0.00592512
1848 7.815740000000001e-10
1850 0.0006832510000000001
1851 0.0003238
1852 0.000156527
1856 0.122358
1857 6.404510000000001e-05
1859 1.77952e-11
1863 1.03858e-07
1865 2.2492399999999998e-05
1866 0.00878773
1867 6.90747e-06
1868 0.48592700000000005
1869 2.3531900000000003e-06
1871 2.57721e-06
1873 1.6874900000000002e-08
1874 5.77847e-07
1876 2.16756e-08
1879 0.28841700000000003
1880 7.72555e-05
1883 8.972650000000001e-07
1884 0.00150241
1885 0.00116893
1886 0.00119583
1889 1.78562e-09
1890 3.52844e-06
1891 5.12264e-06
1893 0.000834613
1895 2.4327399999999997e-05
1897 7.754680000000001e-10
1900 1.1906900000000001e-05
1905 0.126608
1908 4.40951e-07
1909 2.3022400000000004e-08
1910 0.00011580299999999999
1912 1.09941e-13
1913 2.32123e-05
1914 0.0187035
1916 1.40089e-10
1917 1.57947e-05
1919 2.74716e-08
1921 0.06846630000000001
1923 2.4695499999999998e-08
1924 4.6342500000000004e-07
1925 1.13862e-07
1926 0.00186103
1929 1.08065e-11
1935 4.960220000000001e-07
1939 1.4341500000000002e-05
1942 1.73729e-05
1943 0.00214018
1946 2.37385e-05
1947 1.1201500000000001e-05
1949 0.00328716
1951 2.7892099999999998e-06
1953 4.68835e-06
1955 0.000249004
1956 0.00125779
1957 0.057441
1959 2.90659e-17
1961 0.00461986
1965 0.00033435199999999995
1966 0.00354296
1967 1.6282399999999998e-14
1968 0.028557599999999995
1969 0.0643927
1973 0.0777641
1974 7.98684e-05
1975 0.131435
1979 0.00100826
1983 1.46308e-08
1984 0.000460954
1986 0.00174772
1987 3.79981e-09
1988 1.13416e-09
1990 0.0270524
1991 3.95952e-12
1992 0.00275283
1993 0.0836457
1994 1.34479e-07
1996 5.95375e-07
1997 1.09034e-22
1998 1.51382e-08
2003 4.18025e-08
2005 1.4061800000000001e-05
2007 3.7171e-09
2008 4.06177e-13
2009 4.1448999999999996e-05
2010 0.0677436
2013 0.404497
2014 6.56981e-05
2016 1.40008e-05
2017 1.3107399999999998e-06
2018 0.177151
2026 0.161579
2028 0.00336691
2029 9.615e-08
2031 8.24725e-05
2032 4.71926e-05
2033 0.000259912
2035 0.00672074
2038 0.00202832
2040 4.19282e-07
2041 8.67619e-05
2044 2.58682e-12
2046 9.75701e-05
2048 1.81948e-07
2050 0.000316849
2052 1.92151e-05
2053 2.23298e-07
2057 0.00108187
2059 8.23252e-07
2060 0.000102101
2062 0.000948175
2065 0.00381959
2066 9.58827e-06
2071 0.0021352
2072 0.00202905
2073 0.000984789
2074 0.00579544
2075 0.0108379
2076 0.00277907
2077 0.045069
2078 2.20265e-12
2079 0.00024157400000000002
2080 9.13732e-07
2081 1.36449e-05
2084 1.08426e-06
2085 1.029e-05
2087 0.011271399999999999
2089 5.190520000000001e-10
2092 0.00315302
2093 2.2197200000000002e-06
2097 0.035142900000000005
2100 0.00205537
2103 1.26941e-13
2105 9.35911e-10
2106 4.08955e-09
2107 0.033574
2110 0.000923597
2111 0.030553800000000002
2113 8.22551e-08
2115 4.35989e-05
2118 1.10481e-06
2119 0.014509399999999999
2121 0.00324429
2122 0.106576
2123 0.0536443
2127 0.34536
2128 1.9716999999999997e-06
2130 6.406029999999999e-07
2131 7.2828e-05
2133 0.00013546
2137 0.00045730699999999995
2138 0.000339151
2141 0.00215449
2143 5.67085e-11
2144 0.00444129
2147 3.712e-07
2148 8.39353e-11
2149 5.9446000000000006e-05
2150 0.000138906
2154 9.60281e-08
2157 2.01941e-06
2159 0.0752905
2160 2.3063000000000003e-05
2161 0.00308573
2162 0.00102625
2164 0.0150102
2167 0.00409969
2168 7.66531e-11
2173 0.00411608
2175 2.54335e-11
2177 6.88636e-08
2185 1.29225e-07
2188 0.000286675
2189 0.13254200000000002
2195 0.050695800000000006
2198 0.00272018
2200 0.00491726
2203 0.017016099999999996
2204 0.00100408
2205 4.9598e-05
2206 1.4422999999999998e-10
2207 0.00316347
2210 4.0639499999999994e-06
2211 0.0152731
2216 2.91498e-06
2217 1.0424500000000002e-08
2222 0.000137079
2223 6.4444600000000005e-06
2225 2.10172e-05
2227 4.36519e-10
2229 1.0563599999999999e-09
2230 0.055752499999999997
2231 0.00229272
2232 0.000664986
2235 0.00874594
2236 2.52076e-07
2239 1.31804e-07
2240 0.00498583
2242 7.856469999999998e-10
2243 0.00121001
2245 1.33565e-06
2246 3.55339e-06
2250 0.0123869
2252 0.037296300000000004
2254 0.125886
2258 2.3605e-06
2262 0.03241
2264 0.337683
2269 0.00547296
2271 6.70249e-11
2274 4.5815099999999996e-08
2275 1.1502e-09
2282 0.0378281
2283 0.000175663
2286 0.00576197
2289 3.04825e-06
2292 1.9538e-08
2294 1.26035e-07
2295 0.000567245
2296 0.0135543
2297 0.165381
2298 0.09387430000000001
2299 0.000263118
2301 0.00215489
2303 6.55999e-05
2304 3.71524e-06
2309 8.48413e-17
2312 0.000128259
2313 2.01353e-05
2314 0.000695275
2316 2.35762e-07
2317 0.000120035
2319 1.9972200000000002e-07
2322 0.019819
2325 0.000141945
2326 1.34384e-05
2327 3.31008e-05
2331 0.0009367819999999999
2336 9.44932e-11
2338 1.8631099999999999e-06
2339 2.6807199999999996e-05
2341 0.000185095
2344 1.11158e-05
2346 1.4956899999999998e-07
2349 4.45135e-07
2351 3.45672e-08
2353 0.0151463
2356 0.00618265
2357 0.000861969
2358 0.0011511
2360 0.000158539
2363 0.00257896
2365 0.147074
2370 4.5506900000000004e-07
2379 2.1690700000000002e-09
2380 2.5861999999999997e-08
2381 0.000270602
2383 1.66522e-08
2386 4.79524e-05
2388 0.00154227
2389 0.000931155
2390 0.000139723
2394 0.103253
2395 1.2646300000000001e-05
2396 0.00722084
2397 4.42431e-08
2398 2.9601900000000002e-05
2399 0.139679
2400 1.47725e-10
2402 2.0645599999999997e-08
2406 4.56517e-07
2408 0.0206368
2409 0.000673379
2412 2.96689e-06
2414 0.10758800000000002
2416 4.91641e-06
2418 1.53041e-05
2421 4.3022700000000004e-05
2422 7.424e-08
2424 3.4494e-07
2426 0.253502
2428 0.125921
2429 0.07799060000000001
2430 7.16864e-07
2431 0.00045317599999999996
2432 0.00011829600000000001
2434 1.63205e-05
2438 0.00312035
2440 1.0696600000000001e-10
2446 3.31584e-07
2447 0.00901754
2449 0.00512742
2451 0.00165338
2453 0.000856695
2455 0.06313540000000001
2457 0.000215363
2463 0.05359259999999999
2464 0.00017654400000000002
2467 7.93826e-10
2469 0.028069599999999997
2473 3.59512e-09
2474 2.39803e-06
2475 5.781759999999999e-10
2482 6.5754e-05
2484 0.000283521
2485 0.011113799999999998
2486 1.46e-09
2487 1.4175799999999999e-05
2488 1.7868000000000002e-10
2489 0.33076
2495 1.0938499999999999e-05
2498 0.0264972
2499 0.0180123
2503 0.00224986
2506 2.36266e-05
2507 4.40327e-06
2509 0.00025580000000000004
2510 0.300817
2511 0.0012701
2515 9.703510000000002e-06
2516 0.036599
2517 1.0614200000000001e-08
2521 8.075049999999999e-08
2522 1.13875e-05
2526 6.20769e-07
2527 6.95687e-10
2528 0.00597326
2530 5.354069999999999e-10
2531 1.59198e-11
2532 3.9202400000000004e-08
2535 0.00451887
2536 7.60503e-05
2538 0.0862961
2541 0.052601300000000004
2543 0.000161187
2548 2.20096e-05
2550 0.0166328
2551 0.0869602
2552 0.264444
2553 0.000172557
2556 0.00426057
2557 6.08101e-06
2560 0.00593369
2562 9.08875e-05
2568 1.69706e-08
2570 0.00839489
2573 0.030080799999999998
2574 0.00616704
2575 0.0321919
2576 4.5498500000000005e-05
2577 3.31384e-11
2580 3.66041e-05
2581 0.00262889
2582 0.000406267
2583 0.00151802
2587 0.00753586
2588 0.04005619999999999
2591 0.016722900000000002
2592 4.46201e-10
2596 0.000493767
2597 0.00437199
2601 4.90617e-05
2602 0.000793384
2604 0.0608302
2607 0.00023494
2608 6.554670000000001e-05
2610 0.000819987
2612 3.83676e-08
2614 0.0083744
2616 0.000106956
2617 0.0928461
2619 8.94663e-07
2620 0.00723198
2622 0.00044999300000000004
2623 2.57961e-07
2624 0.014783500000000002
2626 1.09403e-05
2628 5.08509e-06
2629 0.00017163
2630 9.07141e-11
2631 6.56715e-05
2638 0.0365327
2639 0.020475599999999997
2640 4.99801e-11
2642 4.02841e-06
2644 0.0179886
2650 0.294033
2651 0.000152203
2652 0.12337999999999999
2654 0.19301500000000002
2655 0.00044048300000000003
2656 0.00451267
2660 0.0104616
2661 4.00188e-11
2663 0.000265835
2665 0.004358699999999999
2671 0.00296123
2672 1.5179500000000001e-05
2673 0.236319
2674 0.0022736
2676 0.00368356
2679 0.00128588
2681 7.90867e-07
2685 0.23138699999999998
2686 8.43502e-05
2687 0.106579
2688 3.98499e-06
2692 2.37398e-05
2694 0.000286619
2698 6.30395e-12
2700 5.5658900000000003e-05
2701 0.000135613
2703 0.00076284
2705 0.021524900000000003
2707 0.000302633
2708 0.0114242
2711 0.000298628
2712 0.00017814
2716 5.19339e-06
2719 0.00214246
2720 8.98136e-05
2724 0.035409699999999995
2725 0.000351329
2726 0.0775907
2728 0.0781457
2729 1.93785e-08
2731 7.56552e-09
2733 3.8886199999999995e-10
2736 2.72968e-07
2739 4.111219999999999e-06
2740 3.18571e-07
2742 4.064840000000001e-06
2743 0.00043323900000000003
2746 0.00024654900000000004
2748 6.74155e-06
2750 0.011154700000000002
2752 0.00148434
2753 0.22641999999999998
2754 6.974899999999999e-07
2756 0.000130776
2758 2.0965e-06
2761 0.00211357
2764 1.26687e-12
2768 0.000324112
2769 0.00512006
2770 0.000352041
2771 5.39268e-07
2773 0.00362454
2777 0.00298152
2780 0.000183539
2781 0.0338738
2787 0.0161088
2788 0.00768221
2789 2.23913e-05
2790 9.52268e-06
2792 0.000991825
2793 8.56511e-05
2797 1.33875e-06
2799 9.02435e-05
2802 4.6348500000000005e-05
2805 0.0248526
2806 1.0028600000000002e-08
2808 2.2980499999999999e-07
2809 0.214125
2811 4.4929600000000003e-07
2813 0.035112800000000007
2814 2.63138e-07
2818 0.000949335
2819 0.000311282
2821 0.017640799999999998
2822 2.78839e-05
2823 1.5273199999999999e-06
2824 0.000116543
2825 1.81778e-15
2828 6.1556e-05
2829 7.03076e-05
2830 1.3219499999999998e-10
2831 0.000123789
2832 8.91819e-06
2837 0.00224546
2839 5.29418e-11
2840 6.38597e-06
2843 2.1624200000000004e-06
2846 0.0481787
2849 0.0183768
2850 0.011884100000000002
2851 0.000698881
2852 0.047575599999999996
2853 0.000295273
2856 6.522769999999999e-06
2857 4.71495e-06
2860 2.50734e-06
2861 2.1884200000000003e-08
2862 0.00466532
2863 0.012902
2865 3.02083e-05
2871 6.08845e-06
2872 0.00118079
2874 0.250252
2876 0.00387461
2877 0.00143198
2878 2.1171999999999997e-05
2882 6.09826e-05
2883 0.059388300000000005
2885 0.0983174
2887 0.0975211
2888 0.0121723
2890 6.66741e-07
2892 5.47878e-11
2894 0.00466523
2895 0.0009123019999999999
2897 5.04087e-05
2898 1.0380699999999999e-05
2900 2.58963e-05
2902 0.00496102
2903 0.000267109
2904 0.00140884
2905 0.0520799
2907 0.034381699999999994
2908 2.23017e-07
2909 1.89364e-05
2911 0.0275327
2918 0.212073
2920 8.293559999999999e-05
2921 7.055600000000001e-05
2922 3.15778e-07
2923 0.000146266
2925 0.0021638
2926 0.20755
2927 6.18505e-08
2928 0.000352182
2929 8.3401e-06
2930 0.00936109
2936 3.4017199999999997e-09
2945 0.0346765
2948 8.039419999999999e-07
2949 2.28952e-06
2950 0.00141156
2951 0.056791999999999995
2955 8.67724e-07
2959 0.000320425
2961 6.69127e-08
2964 0.020252799999999998
2968 1.34622e-11
2970 3.80391e-08
2971 0.00155235
2972 0.0005736119999999999
2973 0.00122208
2974 0.0486264
2979 0.000306003
2980 2.8527399999999997e-05
2981 0.0017236
2982 0.000405143
2983 1.14322e-05
2985 4.17601e-05
2991 5.5757799999999995e-06
2993 7.71639e-05
2996 0.00017271299999999998
2997 0.000932467
2998 3.07419e-13
2999 7.24395e-12
3001 6.52547e-06
3006 1.9927899999999997e-09
3010 0.00278716
3012 0.0323239
3014 3.8690100000000004e-05
3016 3.95705e-06
3018 0.246158
3019 0.000290775
3020 0.073192
3022 0.000507155
3025 1.26244e-05
3026 0.0452199
3029 0.12248800000000001
3030 0.0008213669999999999
3033 2.7292400000000002e-08
3035 0.049766500000000005
3036 0.0192232
3037 0.0071464
3040 0.06828150000000001
3041 0.041552
3043 9.98227e-05
3046 2.54534e-11
3048 0.419667
3049 0.168818
3050 2.0187999999999998e-07
3052 0.0006803789999999999
3055 0.00019354900000000003
3059 8.565239999999999e-08
3060 8.0093e-09
3062 1.03519e-05
3067 7.88893e-06
3068 2.88265e-08
3069 2.40715e-07
3070 0.000588605
3071 1.56672e-05
3073 4.36465e-08
3075 0.0167018
3076 0.000202355
3079 0.0907482
3080 3.12506e-08
3081 2.6977199999999996e-05
3084 0.000410205
3087 1.9050099999999998e-06
3091 0.00145032
3095 0.157604
3096 0.040787699999999996
3097 9.511289999999999e-07
3099 0.30609200000000003
3101 5.75509e-07
3104 0.000259839
3109 1.45624e-06
3111 7.0721e-09
3113 6.37801e-06
3114 0.23829899999999998
3115 0.0221562
3119 1.5044e-09
3123 0.00122889
3125 3.87063e-09
3128 0.00610049
3130 2.04091e-15
3131 0.00468874
3132 0.00843191
3136 0.019950799999999998
3139 0.0234233
3141 0.00993856
3143 4.47804e-07
3144 0.00174406
3148 0.00527154
3151 4.79252e-08
3152 0.000606758
3153 0.00074149
3156 3.40476e-06
3158 0.0885263
3160 3.77697e-05
3166 2.44294e-05
3167 0.00179931
3168 1.28044e-05
3171 2.03777e-05
3172 0.12589
3173 0.058266399999999996
3174 0.00460382
3179 0.000161486
3180 0.0268627
3182 0.0067888
3187 0.00227605
3190 8.234239999999999e-08
3191 5.18803e-08
3192 0.00330653
3193 0.000164935
3196 0.103545
3197 0.0237162
3198 0.15001099999999998
3201 0.000207367
3203 3.24898e-09
3206 0.027871100000000003
3208 0.00385855
3209 4.63155e-05
3212 0.223671
3215 0.00108119
3217 1.3222699999999998e-07
3220 8.24124e-09
3221 0.0715511
3222 0.00433023
3224 0.0394364
3225 0.0779529
3226 0.102131
3227 9.33305e-08
3230 6.06055e-05
3232 0.00465719
3234 0.0263257
3235 0.000234015
3237 0.0139333
3238 1.0987600000000001e-07
3241 0.0046279
3245 0.10181799999999999
3246 0.00024070799999999999
3248 0.00019246
3249 1.15801e-08
3251 3.7911900000000004e-06
3252 0.0261108
3257 8.48043e-08
3263 0.00304102
3264 0.015585900000000001
3265 5.067540000000001e-07
3266 0.00323128
3267 1.62183e-12
3268 1.15591e-06
3275 0.00728753
3276 1.6279400000000002e-05
3277 0.388156
3278 0.08233810000000001
3281 0.000579611
3283 0.0100129
3286 7.0386300000000005e-09
3287 9.73084e-09
3288 0.011984999999999999
3289 0.000312251
3291 2.8540300000000002e-05
3295 3.84568e-05
3297 0.023716499999999998
3298 5.54356e-07
3302 3.82385e-08
3304 1.06192e-05
3305 4.67508e-08
3306 2.90113e-10
3309 0.276919
3310 9.52408e-05
3312 6.04885e-10
3314 0.0209417
3315 1.3360499999999999e-08
3317 0.21850799999999998
3318 2.09142e-06
3319 0.022503400000000003
3321 2.64146e-07
3322 0.0138745
3323 0.0162535
3324 0.00197159
3326 6.09305e-05
3328 0.000262504
3329 0.0592245
3332 0.00149487
3333 7.19619e-08
3334 6.35879e-05
3340 0.044000000000000004
3341 0.07090439999999999
3342 6.86247e-07
3345 0.022831099999999997
3346 4.38826e-08
3347 0.000774959
3348 5.1904e-07
3352 0.00544779
3353 2.2874099999999999e-10
3357 2.16779e-11
3358 9.923799999999999e-05
3361 0.000123227
3364 1.93417e-07
3366 5.5674e-06
3368 4.02356e-05
3371 0.015494999999999998
3372 1.8941099999999996e-06
3375 1.1084e-06
3378 0.0772921
3381 1.51711e-07
3383 0.00854841
3384 0.12086400000000001
3385 0.00329024
3387 8.01221e-11
3388 3.57127e-07
3389 0.0006624830000000001
3393 4.60759e-06
3394 8.06828e-08
3399 8.7209e-07
3400 1.84964e-11
3402 1.86762e-05
3405 5.48727e-10
3409 2.05493e-08
3411 0.000146854
3414 6.61579e-07
3418 0.0296526
3423 0.00567314
3426 0.000542455
3427 0.0164324
3428 7.5388699999999995e-06
3431 0.00338557
3432 0.000785763
3434 0.013937200000000002
3437 0.0790954
3438 0.013465600000000001
3440 4.82396e-05
3442 0.056387
3445 1.2388299999999999e-06
3446 0.00134636
3447 0.443275
3448 7.025769999999999e-08
3454 0.0417767
3456 6.57232e-08
3457 1.03875e-05
3459 0.012819200000000001
3460 8.74858e-07
3463 0.0595849
3467 5.11975e-15
3471 0.000669805
3472 0.03401319999999999
3473 0.0335672
3474 2.4692099999999997e-10
3475 0.00019893099999999998
3476 0.0121929
3478 0.00212401
3479 0.000285029
3480 1.2691300000000002e-05
3481 0.000219814
3482 0.00115999
3483 0.00350599
3485 0.0085546
3486 0.00023725099999999998
3488 0.00246911
3490 0.00486384
3494 1.7679300000000001e-07
3495 0.000344634
3498 0.000171547
3501 5.6483999999999997e-05
3502 8.77098e-05
3503 7.132760000000001e-08
3504 2.24967e-05
3505 4.74443e-11
3507 0.00235628
3512 1.83609e-07
3513 4.138130000000001e-06
3514 3.09243e-09
3515 0.000155399
3517 3.3760900000000004e-05
3520 0.00030309
3523 5.891859999999999e-07
3526 0.189256
3527 0.00014573399999999998
3531 6.25875e-06
3532 0.146008
3533 0.000248742
3534 5.42808e-14
3535 1.72683e-07
3538 3.24332e-06
3540 0.0236564
3541 0.059645500000000004
3542 1.46512e-08
3543 8.80143e-06
3544 0.0463117
3545 7.81792e-08
3547 6.79477e-07
3552 1.87535e-06
3553 2.75995e-08
3557 0.00258133
3558 0.00997074
3559 0.00174934
3560 2.5216e-08
3561 0.00343645
3562 0.01311
3563 0.000707718
3568 1.8328900000000002e-07
3569 0.00150208
3570 2.99882e-07
3571 6.05148e-05
3572 8.621399999999999e-14
3573 0.0528538
3574 7.382600000000001e-11
3578 3.41128e-08
3579 0.00102918
3581 0.0574975
3582 0.11665
3583 0.0008701510000000001
3584 5.21352e-05
3590 0.0479562
3591 0.0201184
3592 0.0764635
3595 0.00428669
3598 0.0168695
3600 0.000276117
3601 1.3395799999999998e-09
3602 3.96124e-05
3607 3.74802e-08
3610 3.1435300000000004e-07
3612 0.0317317
3613 0.0121215
3615 5.20272e-07
3616 0.00349031
3617 0.02002
3619 0.00843116
3624 0.00120352
3626 9.22005e-06
3630 1.99655e-07
3631 0.00199735
3633 0.000615557
3637 5.3058900000000005e-06
3641 0.09075130000000001
3643 0.0049841
3647 9.52542e-10
3649 0.048038199999999996
3650 0.0188959
3652 0.00043937
3653 8.91615e-06
3659 0.000502998
3661 0.000108726
3665 0.015324299999999999
3666 2.32969e-08
3668 0.000177231
3670 6.54841e-11
3672 0.0440097
3676 0.10286300000000001
3677 8.10186e-06
3680 0.00111628
3682 1.05995e-07
3683 9.31654e-10
3686 9.40539e-07
3687 7.78309e-06
3689 1.40266e-08
3692 0.000491248
3693 0.000514066
3697 0.00303549
3701 0.00011150899999999999
3702 0.207472
3707 0.139502
3710 1.66464e-05
3712 0.0064213000000000004
3715 7.689230000000001e-07
3716 0.034806800000000006
3718 3.5405199999999995e-06
3719 1.5620699999999998e-05
3720 0.0069857
3723 0.00289447
3724 6.49903e-06
3725 0.0331297
3726 2.9177e-08
3728 0.0271627
3730 3.84402e-11
3731 3.04864e-05
3733 5.17184e-06
3734 0.0415441
3736 0.0136649
3737 0.000749227
3738 0.0282055
3739 0.00221814
3741 8.76262e-05
3742 0.0947779
3744 0.413521
3745 0.023978700000000002
3746 4.76055e-13
3747 0.0437153
3755 0.0695329
3756 0.00191641
3757 8.96828e-05
3761 0.0006885719999999999
3762 0.00120243
3764 2.16923e-05
3765 8.86253e-06
3766 2.31282e-11
3768 6.02854e-07
3769 1.49978e-09
3770 0.000143327
3771 0.010817799999999999
3775 0.18437
3776 1.30686e-06
3777 6.167340000000001e-08
3778 0.0322683
3782 5.30156e-05
3785 8.481669999999998e-06
3787 9.39657e-08
3789 0.000535914
3794 0.0563764
3795 2.34111e-08
3799 0.022821900000000003
3800 0.00309915
3801 1.44239e-09
3802 2.4546299999999997e-06
3804 1.1024e-06
3805 0.0748505
3810 2.96659e-07
3812 4.505e-05
3813 1.1664000000000001e-08
3815 3.432e-06
3816 5.322130000000001e-10
3819 0.0101274
3822 3.83016e-16
3823 1.45246e-05
3825 0.23809499999999997
3829 2.68971e-07
3831 0.033643099999999995
3832 0.000603751
3833 8.00656e-11
3836 5.6375900000000003e-05
3839 0.00255248
3840 1.38117e-07
3841 3.27468e-06
3842 2.96496e-08
3843 8.489e-07
3850 0.000529686
3851 2.38097e-06
3852 0.00106531
3853 0.08469700000000001
3854 0.111106
3858 0.0093945
3862 0.0121819
3864 2.36675e-09
3867 0.00370756
3870 4.53032e-05
3873 3.32261e-08
3875 0.00042595400000000004
3878 7.36036e-05
3880 1.64466e-05
3881 0.0013326
3882 0.21741100000000002
3883 1.9869200000000002e-08
3884 0.0476583
3888 0.00156325
3892 5.18121e-10
3893 3.0080400000000004e-08
3894 0.00128336
3896 0.024738299999999998
3897 0.00259516
3900 2.1679499999999998e-05
3901 9.38608e-06
3902 0.0014348
3903 0.000652536
3904 0.00174655
3906 3.3172300000000004e-08
3908 2.5206299999999997e-07
3909 0.00044010800000000004
3910 6.49316e-07
3914 6.00208e-07
3916 5.75874e-06
3917 6.6561899999999995e-09
3920 0.00731697
3922 0.00380151
3925 4.86202e-07
3927 1.68771e-05
3928 4.90571e-05
3929 0.00011047200000000001
3930 4.05396e-05
3931 0.00423504
3933 3.73503e-05
3934 0.000211636
3938 3.87123e-05
3940 2.38018e-05
3942 0.121931
3943 0.0025905999999999998
3944 0.01736
3950 0.0101807
3951 0.0108162
3952 2.29087e-10
3955 0.0434025
3958 0.00258635
3959 0.0607774
3962 1.65948e-05
3964 0.00011661
3967 0.000100545
3968 0.00113799
3972 5.76922e-05
3975 0.0119982
3976 1.1148199999999999e-13
3977 0.000103992
3978 0.00473131
3980 0.000307927
3981 1.3347700000000001e-06
3982 0.000322044
3985 3.2537800000000003e-13
3989 3.7046399999999997e-09
3995 0.00206567
3999 1.8965599999999997e-06
4000 0.22989600000000002
4001 0.000445609
4002 0.0185766
4004 0.144073
4006 0.000518289
4007 2.64316e-05
4018 2.3546900000000003e-09
4021 9.66951e-06
4022 0.00019603
4024 3.5362800000000002e-06
4026 1.00813e-06
4027 2.97236e-05
4029 0.298614
4030 2.75849e-07
4032 0.000208092
4036 1.12176e-14
4038 0.0007480710000000001
4040 0.00566906
4041 0.0101149
4042 0.00046123199999999995
4043 0.00010544100000000001
4044 0.00446041
4045 0.210202
4048 2.1213e-07
4049 0.0982529
4050 1.51845e-10
4053 0.030066500000000003
4054 0.0575211
4055 0.00329194
4056 0.00021689799999999998
4059 7.383259999999999e-10
4061 0.037137800000000006
4062 0.0059954
4063 0.178649
4064 4.34803e-05
4065 2.80682e-05
4068 0.037602699999999996
4070 2.16537e-11
4071 5.364899999999999e-07
4072 0.00570467
4074 0.0458365
4078 8.04501e-06
4079 0.00132922
4080 1.93101e-06
4081 0.0006793789999999999
4083 1.13121e-17
4084 0.000116969
4086 0.00312671
4088 4.96406e-07
4090 0.000669998
4094 4.43523e-07
4096 0.17265
4097 5.79026e-08
4098 0.055321800000000004
4099 5.654239999999999e-06
4101 0.0171774
4103 1.04797e-05
4104 6.10637e-05
4107 0.000426695
4109 0.0913646
4112 0.000679797
4114 3.9265e-07
4115 1.4247899999999998e-06
4116 0.00027101
4118 0.00240642
4119 0.196732
4123 2.0830100000000002e-05
4124 1.97489e-08
4125 0.000651016
4126 5.17046e-05
4127 0.00271771
4128 0.135956
4130 3.11521e-05
4132 0.11293800000000001
4134 0.000683345
4139 0.00599283
4144 6.91493e-05
4147 0.00012528799999999998
4151 0.000425879
4153 9.45049e-07
4154 2.95748e-06
4155 2.71162e-05
4156 0.00212189
4157 0.00152498
4159 0.00146417
4160 3.70168e-09
4161 2.48087e-09
4162 5.490180000000001e-06
4165 2.12706e-05
4166 0.00373649
4167 1.98735e-06
4172 7.86339e-06
4173 0.0263303
4175 0.000226929
4176 6.125500000000001e-17
4177 0.000839927
4179 0.0179697
4180 0.0109144
4181 4.6918999999999995e-09
4182 6.52171e-08
4183 3.61598e-06
4184 0.00545175
4187 0.00122881
4188 1.55103e-07
4197 0.025776900000000002
4198 3.6340899999999997e-07
4199 1.8481299999999998e-08
4202 0.00549519
4206 4.25186e-11
4207 0.0106006
4208 3.17202e-06
4210 0.0378452
4211 0.0006838860000000001
4213 0.030957799999999997
4214 8.55972e-09
4216 0.00038144599999999997
4217 1.58542e-10
4218 0.00589987
4219 0.0444709
4222 0.0791489
4225 4.13035e-12
4226 0.00010068700000000001
4227 0.00166509
4233 1.05955e-07
4234 0.000963077
4235 1.6044200000000002e-06
4236 0.00178453
4238 0.000886352
4240 0.000277198
4243 2.14398e-06
4245 5.57205e-05
4248 0.00721588
4249 9.66354e-06
4250 0.314369
4251 3.3746699999999997e-20
4252 0.00393573
4254 7.5431e-11
4260 6.63601e-07
4261 1.3721700000000002e-06
4262 0.00286794
4266 4.95153e-05
4267 0.000275818
4268 0.00245667
4276 0.0243093
4277 0.00658708
4278 1.17239e-06
4282 0.000409421
4285 0.0210728
4288 0.026170699999999998
4289 0.014853100000000001
4290 1.00592e-06
4294 3.3755100000000005e-05
4297 0.000551872
4299 3.3521800000000004e-10
4301 1.20196e-06
4302 6.38737e-07
4305 2.93746e-05
4306 0.00269087
4308 0.000588111
4309 0.00808786
4311 0.0670602
4313 5.668430000000001e-06
4314 9.63585e-09
4316 0.167972
4317 0.000328823
4319 0.0063593
4320 6.22225e-07
4324 7.12972e-11
4328 0.0006764010000000001
4330 1.0468e-08
4332 0.00219512
4334 0.019550900000000003
4335 3.5786599999999997e-09
4336 0.000571546
4337 1.0624700000000001e-07
4340 3.82915e-11
4342 1.4861e-06
4343 0.000536233
4344 2.36046e-10
4348 0.0134696
4350 8.43243e-12
4353 2.56784e-09
4355 0.0146048
4357 0.00337019
4358 1.05752e-07
4362 9.65104e-17
4363 0.0365085
4366 0.00061681
4373 0.0426574
4374 4.6777e-11
4375 1.10888e-06
4377 0.00205325
4378 0.00670528
4381 0.00048114
4382 2.01728e-09
4383 4.591e-05
4385 0.131447
4388 4.144080000000001e-08
4393 0.000106966
4394 1.0685700000000001e-14
4395 5.50909e-14
4398 2.75582e-06
4399 0.00064461
4400 4.22865e-14
4401 6.948510000000001e-06
4402 1.02858e-09
4403 7.640929999999999e-24
4406 1.21487e-15
4407 1.1581600000000001e-05
4408 0.051571500000000006
4410 0.00492491
4412 0.00029367900000000003
4413 2.59878e-11
4414 2.4315900000000002e-08
4415 1.82728e-08
4416 2.55153e-06
4417 2.54272e-10
4418 0.000119453
4419 0.00857881
4420 0.000100633
4422 0.0009025939999999999
4425 2.75719e-19
4426 3.12639e-08
4427 7.01262e-07
4428 0.0341863
4431 0.00237454
4435 0.013629399999999998
4440 0.0664216
4442 5.7279300000000006e-05
4443 0.00348556
4444 8.69453e-08
4445 3.1649400000000002e-06
4447 5.27487e-05
4448 1.9903299999999997e-09
4449 0.027984699999999998
4451 0.00013178200000000002
4453 9.88309e-07
4454 0.000108835
4456 0.000181967
4458 2.4621400000000004e-06
4460 1.54825e-06
4461 1.54625e-10
4462 5.52925e-07
4465 0.178009
4467 9.89715e-10
4469 0.00517969
4472 1.12614e-05
4473 2.2050400000000002e-10
4475 7.50737e-05
4476 0.00744557
4477 0.0007494530000000001
4478 1.11547e-05
4480 0.00493311
4482 0.0236234
4483 1.7890099999999998e-06
4485 0.0166326
4486 3.0188000000000003e-05
4489 0.00612143
4491 0.0798539
4492 8.40807e-05
4497 0.10979100000000001
4501 0.043455
4503 1.61613e-09
4504 2.31115e-07
4505 1.62612e-06
4506 0.00333118
4511 0.00177487
4513 0.00161224
4515 0.0009414489999999999
4516 8.379450000000001e-05
4521 5.29499e-06
4522 0.00012032
4523 0.0007685410000000001
4525 0.000328844
4529 2.44678e-10
4531 6.414630000000001e-06
4533 3.16179e-06
4534 0.000289486
4536 0.0163997
4538 0.00034776
4541 1.7564700000000003e-06
4543 8.07308e-06
4545 1.78006e-05
4546 0.00117522
4547 1.9420999999999997e-09
4550 0.000525589
4554 9.040159999999999e-05
4556 1.0881999999999999e-07
4557 2.52217e-06
4559 0.00302682
4560 7.67864e-07
4561 0.000475147
4564 1.43593e-05
4567 0.402412
4568 5.72984e-07
4569 0.00155201
4572 1.62459e-05
4573 3.32062e-05
4575 0.300658
4577 3.11523e-06
4578 1.6691099999999998e-07
4580 0.000104871
4582 0.0368554
4583 2.49606e-05
4586 2.7113000000000003e-05
4589 0.000554585
4590 0.00193944
4593 0.00710704
4594 0.0146014
4596 0.00012713200000000002
4598 0.12953499999999998
4599 0.00303537
4602 3.1465e-06
4603 4.4261800000000004e-05
4608 0.00010637899999999999
4610 0.00014596700000000002
4613 7.30195e-05
4614 8.60921e-05
4615 0.000126529
4616 0.0009232460000000001
4617 0.00036791300000000004
4619 1.16051e-05
4620 0.013662100000000002
4621 0.058291300000000004
4624 8.95913e-06
4629 0.0126236
4633 0.0145261
4635 0.00941355
4637 1.30504e-21
4638 1.0498799999999999e-07
4639 0.00204117
4640 0.00585711
4641 1.05831e-06
4642 0.00985674
4645 6.02597e-11
4646 0.00544813
4650 4.46005e-07
4657 0.00131148
4658 0.024977700000000002
4659 0.346611
4661 0.312502
4663 7.81912e-07
4664 0.00423915
4665 3.8298e-08
4666 3.84965e-08
4667 9.96592e-06
4668 0.07797899999999999
4669 0.00146909
4670 0.000453932
4677 0.206585
4678 5.24841e-06
4680 3.4848300000000002e-12
4681 6.8205499999999994e-06
4684 4.67474e-05
4688 2.12105e-11
4690 0.00178752
4695 0.14277
4696 0.0033211
4697 2.33909e-10
4698 0.00462931
4700 3.29116e-05
4703 7.01403e-10
4704 0.0121643
4709 0.00100982
4711 1.9321499999999998e-09
4712 0.0457078
4713 0.000271977
4716 0.000422815
4717 5.92265e-05
4720 0.00389821
4721 0.0115932
4724 2.86233e-08
4725 1.28234e-06
4726 0.00105678
4728 0.000709995
4729 6.188e-07
4730 1.72783e-08
4731 0.00468761
4733 0.12903699999999999
4734 1.32755e-05
4736 5.10775e-07
4738 0.000166571
4739 0.0305959
4740 0.00525534
4741 0.00014335299999999998
4744 0.00218723
4745 9.121710000000001e-10
4749 9.481709999999999e-05
4751 5.73114e-07
4752 3.7642800000000005e-05
4755 0.000308168
4756 4.96833e-06
4757 1.97476e-11
4758 2.38604e-05
4759 1.35701e-06
4762 2.8660400000000005e-08
4763 2.89739e-07
4764 0.0007439489999999999
4765 7.623480000000001e-08
4766 0.0009019680000000001
4767 0.00152355
4769 7.28578e-05
4771 0.015761
4772 8.43391e-08
4774 1.98272e-05
4775 0.0008158169999999999
4778 0.0034248000000000004
4780 3.34841e-07
4781 0.037697900000000006
4784 5.86534e-06
4787 0.000250674
4791 0.0473242
4795 0.000200909
4798 0.00027039
4800 6.479530000000001e-08
4802 4.0368200000000003e-07
4803 2.87493e-05
4804 0.00881277
4806 1.19625e-05
4807 0.00545006
4809 2.8123900000000005e-10
4810 1.8552200000000002e-06
4811 3.88737e-06
4813 0.36198400000000003
4817 0.000211283
4819 0.00205951
4820 0.277791
4821 0.000564668
4822 6.7024e-08
4824 6.48753e-13
4827 2.1166700000000002e-05
4829 2.69276e-09
4833 1.2788800000000001e-07
4835 1.14646e-06
4838 0.428683
4843 3.15504e-08
4844 0.00059581
4845 1.48535e-09
4847 1.1795e-06
4851 0.00345893
4853 0.000511822
4854 5.863899999999999e-07
4855 0.0179791
4858 0.00722244
4860 7.53617e-08
4861 3.3031699999999996e-14
4862 0.0335902
4864 0.0100288
4865 1.989e-05
4870 1.56541e-06
4871 3.46083e-05
4874 0.00116645
4875 1.91645e-05
4877 0.00738696
4880 0.0333909
4881 0.0125024
4883 1.2368499999999999e-05
4884 0.000176219
4887 0.520683
4888 0.00040603199999999996
4889 0.020519299999999997
4891 9.542410000000001e-06
4892 0.00462966
4893 0.0278714
4894 0.0164226
4899 0.000327561
4900 0.00501525
4901 6.96037e-05
4904 2.10212e-13
4906 6.408210000000001e-06
4908 0.027962
4909 1.91084e-12
4914 1.9548599999999998e-05
4915 9.833310000000001e-12
4917 1.3176e-11
4918 0.24535
4919 0.00263795
4920 0.0224538
4921 8.78147e-08
4922 0.266253
4923 0.09177769999999999
4924 2.98124e-09
4925 0.00670249
4927 3.27005e-06
4930 0.0023536
4932 0.000451813
4933 2.81867e-07
4934 3.32115e-06
4937 5.2832e-05
4940 4.12397e-08
4941 0.00241133
4942 5.756520000000001e-09
4944 0.00229276
4945 0.010137299999999998
4947 0.00425723
4949 6.36554e-05
4952 2.3384e-07
4957 3.60086e-05
4959 6.459119999999999e-05
4964 0.0659352
4965 7.29175e-05
4969 4.09747e-06
4970 7.085480000000001e-08
4971 0.182876
4975 9.103e-08
4978 0.000783269
4979 2.92385e-09
4980 0.00268511
4981 3.73789e-11
4988 0.0007197
4989 8.76069e-06
4993 0.00218234
4996 3.22164e-10
5000 2.0017799999999998e-10
5002 9.807739999999999e-06
5005 3.53515e-06
5008 2.24435e-11
5009 1.45434e-06
5010 0.00103895
5011 4.5331200000000003e-07
5012 0.154125
5013 9.06136e-07
5015 6.73346e-07
5017 0.0123308
5019 0.0062878
5021 1.2457799999999998e-10
5022 8.6736e-07
5025 0.10090199999999999
5030 7.155539999999999e-12
5031 3.7894400000000003e-06
5034 0.00250255
5035 5.38193e-12
5038 0.0248257
5040 0.0690441
5041 0.000290396
5043 0.00338791
5044 0.00879315
5046 3.94361e-09
5048 3.5731099999999994e-10
5049 0.00369886
5050 0.060858
5051 7.60183e-05
5053 0.000296222
5059 3.2224299999999996e-05
5060 0.06333380000000001
5066 3.5245300000000003e-06
5069 2.5453200000000002e-05
5070 2.4464200000000002e-05
5074 0.000738571
5075 6.53153e-12
5076 0.00108242
5080 2.60261e-07
5082 0.170558
5083 1.2526299999999999e-08
5087 1.48391e-12
5088 0.07030039999999999
5089 1.8701399999999998e-07
5091 9.352979999999999e-07
5092 0.00169748
5095 0.00580124
5096 4.7348499999999995e-08
5098 3.838469999999999e-08
5099 1.00304e-06
5100 0.0334923
5103 0.023745
5105 1.3761e-07
5106 0.000555383
5109 5.02679e-07
5112 1.06088e-06
5113 0.00513347
5115 2.95133e-13
5117 0.00472575
5118 0.38194
5119 0.000105114
5120 7.864719999999999e-08
5123 6.47154e-06
5125 4.65534e-07
5126 0.000123599
5127 0.102039
5132 0.000695038
5133 2.27657e-09
5137 1.39477e-06
5139 1.5378e-05
5140 0.0665786
5141 0.0250732
5142 2.47275e-06
5147 3.14267e-05
5148 0.00354661
5149 0.0088398
5151 0.00439836
5152 0.0025177
5154 1.38058e-10
5155 1.3022200000000001e-06
5157 7.97693e-10
5158 3.4892600000000005e-05
5162 1.26752e-06
5163 2.36603e-05
5164 8.857749999999999e-08
5165 0.00845888
5166 7.29953e-07
5167 0.00606629
5170 0.00013924399999999998
5172 0.0009333589999999999
5174 0.0009403189999999999
5178 3.84657e-08
5180 0.00392223
5182 0.00020119400000000003
5184 0.0218205
5187 0.00025486
5188 1.98418e-08
5192 3.77472e-08
5193 0.0760439
5194 0.000244053
5196 0.20260899999999998
5197 4.4765e-10
5198 0.00046625
5200 0.000323255
5201 0.00079553
5204 9.50009e-11
5205 0.09160560000000001
5206 0.00629638
5207 3.47722e-07
5211 1.31074e-09
5213 2.54873e-05
5216 1.7813800000000002e-05
5218 0.07098910000000001
5221 0.167506
5225 0.036677999999999995
5226 0.0296878
5227 0.0004909830000000001
5228 2.43253e-06
5232 1.2739800000000002e-09
5233 0.0316357
5234 0.000527634
5235 0.00110179
5237 0.11796300000000001
5238 1.5695400000000001e-09
5240 2.64535e-07
5241 0.000127001
5243 3.06971e-05
5247 7.464320000000001e-10
5249 5.532e-05
5250 0.0740595
5251 0.0169481
5252 0.000285782
5255 0.0137394
5256 5.998530000000001e-06
5261 0.00654211
5265 7.65958e-08
5266 0.281079
5271 7.92193e-07
5272 4.72714e-08
5275 1.9999500000000002e-06
5276 3.83352e-05
5277 0.00190662
5279 0.00144393
5280 1.73336e-05
5282 1.8337e-17
5284 5.15933e-07
5286 0.0505396
5287 2.90078e-05
5289 6.690100000000001e-07
5291 0.0409985
5294 3.12485e-08
5295 0.11849900000000001
5296 1.6862200000000002e-06
5299 4.77563e-05
5300 0.00016587
5301 1.01165e-11
5302 0.000396939
5308 0.013040000000000001
5309 2.56846e-09
5313 0.0434962
5316 1.87043e-05
5317 1.6649099999999998e-06
5321 0.149518
5322 0.00264738
5323 0.0486045
5324 4.9389e-06
5329 0.0036033000000000003
5330 6.57037e-08
5332 0.000134419
5333 9.49145e-06
5334 3.50125e-06
5335 0.00037480900000000004
5339 1.1982099999999999e-06
5341 0.000569611
5342 0.0006238169999999999
5347 2.00544e-05
5353 0.494972
5354 1.8763399999999997e-09
5356 0.000809037
5357 0.000980641
5359 0.000357481
5361 2.55309e-05
5362 0.19205999999999998
5364 1.81486e-20
5366 0.048666900000000006
5372 0.00047714599999999996
5375 0.00622438
5376 0.000279136
5377 0.0506664
5381 0.00048266300000000004
5382 0.000169195
5386 0.0654609
5390 4.8025900000000005e-06
5392 5.1589200000000004e-05
5394 0.015149100000000002
5399 0.00031262200000000003
5400 0.0146458
5401 8.06856e-11
5402 0.0007289460000000001
5403 1.30838e-07
5409 6.913810000000001e-05
5411 4.01964e-05
5412 9.438839999999999e-08
5415 0.0147893
5422 2.9449500000000003e-09
5425 0.036981400000000005
5426 0.00253868
5427 0.00118289
5428 3.5210500000000004e-06
5432 2.26662e-07
5435 3.0645700000000004e-05
5437 5.61446e-09
5442 0.0133217
5443 0.00586017
5444 2.2121199999999998e-05
5446 0.023099599999999998
5447 0.06025830000000001
5449 0.0483377
5452 1.7333599999999996e-08
5456 0.000499411
5458 0.000143703
5459 0.0425634
5460 0.0224795
5462 2.53344e-05
5463 1.40685e-09
5464 0.000142857
5466 0.000251433
5468 1.48273e-09
5472 0.0006573039999999999
5473 0.026642400000000004
5474 0.000916302
5476 0.000158686
5477 0.0114595
5479 6.955460000000001e-10
5480 1.09562e-09
5482 0.0342547
5484 8.531499999999999e-07
5488 7.66062e-06
5490 0.00165555
5491 0.00123124
5492 2.47909e-05
5493 2.3209200000000004e-10
5494 0.00786061
5495 7.22295e-18
5498 0.252875
5500 0.052439
5501 2.8365999999999995e-09
5502 2.95678e-06
5503 3.15408e-12
5504 2.40015e-07
5505 0.00577697
5506 1.37868e-07
5512 0.007492100000000001
5513 8.15294e-08
5516 1.14319e-11
5520 1.30435e-07
5523 3.3458000000000006e-09
5525 1.26549e-05
5528 0.001993
5529 0.0005289509999999999
5532 8.641030000000001e-06
5533 0.041280800000000006
5534 3.98671e-12
5537 0.00354179
5538 0.0131197
5540 9.83452e-14
5543 0.000115436
5545 0.00538043
5546 0.0130322
5548 0.0947095
5551 0.08485989999999999
5553 2.1485600000000003e-07
5555 0.113944
5556 0.00959637
5557 1.3196500000000001e-05
5558 1.16094e-06
5560 3.0504e-06
5561 3.07371e-07
5562 2.8958999999999997e-06
5564 0.000296
5565 0.0249561
5567 2.15605e-06
5569 8.11938e-05
5570 0.0408
5571 8.422e-09
5572 0.00222012
5575 2.72636e-11
5578 0.00451911
5580 0.00054402
5581 0.0003858
5587 0.00326971
5589 0.00942178
5594 2.63505e-06
5595 6.62794e-08
5596 0.123775
5597 0.0158488
5598 2.0547499999999998e-09
5602 0.00292442
5604 2.7602900000000004e-07
5607 0.000713071
5610 0.000872858
5612 0.0908181
5616 5.44074e-05
5617 0.00011625
5619 2.34621e-10
5621 2.86879e-06
5622 0.00370469
5623 0.000321129
5626 2.6074099999999998e-08
5627 6.27938e-06
5628 0.00118716
5632 0.00012594600000000002
5633 0.000807526
5634 0.10047
5635 2.3963599999999998e-06
5638 0.0210546
5642 0.0022093000000000004
5643 9.81349e-05
5646 0.27881999999999996
5649 7.077149999999999e-08
5650 0.00200063
5651 0.00356499
5656 0.09873960000000001
5659 8.88165e-07
5661 0.012552200000000001
5663 3.4083099999999995e-06
5665 0.000320343
5666 0.0009216160000000001
5667 6.0096800000000004e-05
5670 1.72295e-06
5671 0.00033784900000000004
5673 0.00017192
5675 0.08161260000000001
5677 0.0342421
5678 2.72353e-08
5681 0.00047645
5683 2.7887499999999997e-08
5684 0.0101661
5688 4.00732e-09
5689 4.2826900000000003e-07
5690 1.54583e-08
5691 0.00094176
5692 0.00036688599999999997
5694 1.91185e-10
5698 0.0639123
5703 0.056566099999999994
5706 6.15673e-07
5707 9.1825e-05
5708 0.000512294
5709 1.51153e-07
5711 2.52578e-06
5712 7.15442e-05
5717 0.038815300000000004
5720 1.17758e-06
5721 0.153477
5722 0.00190078
5724 1.66294e-06
5725 0.0203917
5726 2.24405e-06
5727 0.11626900000000001
5733 5.744339999999999e-07
5734 0.0238975
5737 4.0865e-08
5739 6.01854e-08
5744 3.76603e-10
5745 0.053446400000000005
5746 3.6318800000000006e-06
5748 0.0169114
5750 3.291280000000001e-08
5751 3.1965e-07
5753 0.023505500000000002
5754 0.0695819
5758 0.000108479
5759 5.487539999999999e-07
5763 7.67539e-07
5766 0.00819681
5767 0.0412399
5770 4.93841e-09
5771 0.000579548
5772 1.4784100000000001e-05
5774 3.4779899999999995e-05
5775 2.5549900000000002e-08
5776 0.000288983
5777 1.98439e-06
5778 0.048761599999999995
5785 0.0106818
5787 2.10266e-05
5792 0.0141983
5793 1.98091e-06
5795 2.6263200000000003e-05
5797 0.000203738
5798 2.52108e-07
5800 6.78045e-06
5801 0.454942
5802 4.28193e-07
5804 0.040833999999999995
5807 0.051211400000000004
5808 0.096747
5809 1.64178e-07
5810 0.00864553
5816 3.3344599999999994e-10
5820 7.0086e-06
5822 8.66135e-05
5823 0.00172168
5827 0.00969684
5832 1.19705e-05
5833 0.000219862
5834 8.52032e-08
5835 0.054599
5837 5.76199e-08
5842 2.09062e-09
5844 5.9759799999999997e-05
5846 0.0026334
5847 8.899800000000001e-08
5848 2.2577599999999997e-08
5849 0.0301699
5855 6.17787e-14
5857 5.61575e-05
5858 0.00121833
5862 1.15556e-07
5865 4.22842e-05
5866 1.41248e-05
5869 1.16328e-05
5870 1.53344e-10
5871 0.00524816
5872 4.09438e-08
5876 0.0007111989999999999
5880 3.30619e-07
5882 0.00042543800000000004
5883 0.0923226
5886 3.91512e-05
5887 2.75795e-05
5890 5.3931e-05
5891 3.7155500000000005e-07
5892 0.018100799999999997
5896 0.00657952
5898 0.00867701
5900 2.21125e-05
5902 3.68353e-05
5904 4.914e-06
5907 0.014611500000000001
5913 0.00838461
5915 4.0516599999999996e-07
5916 0.00413853
5921 0.0224238
5922 0.000239745
5924 0.000472221
5925 1.1987299999999998e-06
5926 0.0158045
5927 3.7579199999999998e-06
5929 2.9375100000000005e-09
5931 0.000352051
5932 5.14064e-06
5933 2.89156e-06
5934 0.183653
5935 0.054399699999999995
5936 0.0327092
5937 0.203638
5939 0.0855609
5941 0.0046088
5942 0.0276633
5943 0.16479100000000002
5944 0.000710637
5945 0.013029399999999998
5946 0.0040939
5949 4.83254e-06
5950 3.05151e-09
5953 0.000511769
5955 0.00489982
5957 0.000325176
5958 0.000296891
5959 1.95579e-08
5962 3.9430699999999995e-08
5965 2.85504e-05
5966 0.00494672
5967 0.00047254400000000003
5969 0.11105899999999999
5972 0.028027099999999996
5973 0.000939579
5974 3.4263000000000005e-09
5976 0.0654886
5977 2.88823e-07
5978 8.54718e-05
5982 0.013881000000000001
5986 2.85218e-07
5987 0.000563887
5993 0.0217731
5994 0.033014
5997 0.00169742
5999 2.52293e-08
6002 0.000185674
6003 2.42207e-07
6006 1.9278e-05
6007 0.00140817
6008 0.00011113
6010 0.121939
6013 0.00143787
6014 6.28767e-07
6015 4.33159e-06
6016 2.19082e-06
6017 8.71765e-11
6019 1.25968e-07
6021 6.27103e-07
6022 0.000179919
6024 1.25313e-07
6031 0.22030999999999998
6032 7.794469999999999e-07
6034 1.33603e-07
6036 0.0477384
6037 1.28326e-05
6039 0.00550283
6040 0.00906488
6044 0.000324152
6047 0.00183705
6048 1.37394e-07
6049 0.00689767
6050 0.0936525
6051 0.000156176
6052 0.000131238
6053 1.37959e-11
6054 7.674989999999999e-07
6056 0.000390786
6057 0.00038271199999999995
6059 6.2840599999999994e-06
6060 0.15324100000000002
6063 1.79716e-08
6064 1.60188e-06
6068 0.00242327
6072 0.00044603300000000003
6075 0.212475
6076 0.00319199
6077 1.04191e-06
6080 1.7334400000000003e-10
6081 0.139991
6082 1.15019e-08
6083 1.49167e-10
6085 0.00116535
6086 0.00929452
6087 0.06870760000000001
6090 1.17479e-05
6092 0.12524000000000002
6093 0.0260651
6094 0.000181741
6099 8.18464e-05
6101 0.00460967
6102 0.000270407
6106 0.00590994
6109 1.37024e-05
6110 0.00518351
6112 3.2079200000000004e-06
6113 2.4266300000000002e-05
6114 0.0129745
6115 0.0684375
6116 1.34497e-11
6118 0.000108366
6119 3.4309e-10
6121 1.78926e-10
6122 6.23462e-06
6126 0.192415
6127 7.368760000000001e-06
6132 4.1144900000000004e-19
6137 7.84334e-08
6138 1.7602999999999997e-07
6142 0.00425403
6143 0.00147915
6144 3.78096e-05
6145 3.3161300000000004e-05
6147 0.0569029
6149 0.0238657
6152 0.00020313200000000002
6154 2.98438e-06
6155 6.34641e-06
6157 0.00039882
6160 0.000130242
6164 5.20379e-06
6165 1.70816e-08
6167 0.00773735
6168 0.0407192
6169 0.090937
6173 0.00779182
6178 0.00022078400000000002
6182 8.530969999999999e-05
6186 0.101615
6191 2.8183099999999997e-08
6192 1.14606e-08
6193 5.49974e-08
6194 8.10665e-07
6195 0.0538039
6197 0.000276373
6199 4.2778299999999997e-10
6200 0.000277848
6204 0.0006963510000000001
6205 3.98806e-05
6207 0.00100378
6211 0.15806199999999998
6213 2.9455400000000003e-06
6217 0.018841099999999996
6226 0.000210484
6227 0.00039326300000000003
6228 1.96721e-06
6231 6.00246e-05
6232 6.92883e-05
6237 0.0104178
6239 0.050913599999999996
6242 5.21594e-08
6244 0.00017137900000000001
6245 8.67417e-05
6246 0.00132244
6248 0.014418100000000001
6253 0.000769418
6255 0.000250452
6256 4.938640000000001e-09
6257 0.269223
6263 1.00679e-12
6265 0.00687671
6266 0.0452079
6268 5.06912e-19
6271 0.00991073
6273 0.031696800000000004
6274 0.00254943
6278 1.43735e-07
6280 0.000828583
6283 9.07752e-08
6287 0.16681400000000002
6288 0.00822447
6292 1.00719e-10
6293 0.00516217
6294 1.83128e-05
6297 0.046906
6298 2.6809999999999997e-07
6302 8.06184e-07
6303 4.44436e-06
6307 0.19739500000000001
6308 1.6562899999999998e-07
6310 0.00678633
6311 3.04116e-06
6312 2.1480899999999997e-07
6313 0.08462180000000001
6315 0.0439233
6316 3.00533e-08
6317 8.04139e-08
6322 0.0724499
6324 5.06016e-08
6326 1.53885e-11
6327 8.632410000000001e-06
6328 0.00506792
6331 1.62092e-07
6332 6.37115e-07
6333 5.18056e-13
6334 4.7195e-09
6336 5.18691e-06
6340 1.21576e-09
6342 3.37707e-06
6343 0.00123108
6345 0.00011083
6347 4.90957e-06
6354 0.04850530000000001
6356 1.4130799999999998e-09
6358 3.3021599999999996e-05
6359 0.345355
6360 0.034931300000000005
6361 1.40843e-05
6364 0.000240735
6365 0.00779028
6368 7.90785e-05
6370 0.00897986
6372 5.76492e-08
6373 0.163687
6376 3.59834e-05
6378 1.70232e-06
6379 8.330869999999999e-08
6380 0.0402563
6383 3.28249e-05
6384 0.139772
6386 8.75064e-07
6388 2.85651e-07
6389 0.000292299
6390 0.00585872
6393 0.306236
6394 3.9495199999999995e-08
6397 3.96957e-08
6399 0.0007381760000000001
6401 3.88486e-07
6402 0.00112296
6403 0.023831900000000003
6405 9.288700000000001e-05
6406 0.000208535
6407 2.08122e-06
6408 1.10348e-06
6410 0.000633678
6412 7.100659999999999e-09
6413 9.668020000000001e-06
6414 0.0502247
6415 5.10292e-07
6416 0.00011872
6420 0.00175866
6422 0.186684
6423 5.7211e-06
6426 0.06694800000000001
6431 9.44873e-11
6432 0.0645072
6435 0.018730700000000003
6439 5.01209e-07
6441 0.00843066
6446 0.00207751
6451 4.89476e-07
6452 0.000453965
6453 0.0411159
6454 2.3013099999999997e-06
6457 0.00766347
6460 0.000680288
6461 0.04485
6464 3.69964e-05
6467 8.814680000000001e-10
6469 5.03863e-08
6471 0.0549769
6477 0.0192987
6478 0.00016037200000000002
6479 0.0100618
6481 7.290830000000001e-08
6485 2.27945e-06
6487 0.127058
6489 0.00373598
6490 6.89267e-07
6491 3.04207e-12
6493 4.89036e-06
6494 6.37439e-08
6496 0.00605489
6498 3.60092e-08
6500 0.0102656
6502 1.2549e-10
6504 0.293258
6505 0.272663
6508 2.7408699999999997e-05
6510 1.41092e-07
6511 0.000106024
6513 7.43339e-07
6514 0.00247098
6516 0.048973699999999995
6517 0.013632499999999999
6518 2.22163e-11
6521 4.23321e-08
6522 0.00158293
6525 0.00130332
6526 0.000115241
6527 0.0334514
6528 0.00335447
6531 2.2946900000000002e-05
6533 6.31069e-09
6535 8.57931e-15
6537 0.000258524
6539 0.0137529
6540 2.24386e-06
6541 0.119289
6544 6.9669399999999995e-09
6545 0.00921798
6546 0.00282405
6552 0.00891153
6554 0.00122195
6555 0.000153484
6557 1.66532e-05
6558 2.3873000000000003e-05
6559 0.0516864
6561 2.6963700000000003e-09
6563 0.162437
6566 0.0088927
6567 8.15175e-14
6568 0.0185168
6571 0.00795489
6573 1.57615e-05
6574 0.014822
6577 0.00010072799999999999
6579 9.757380000000001e-06
6580 0.000317116
6581 1.92219e-06
6582 3.6611599999999995e-08
6586 0.0259217
6589 0.000355858
6590 3.43285e-06
6591 0.00962979
6592 6.4514e-05
6594 2.18503e-07
6596 0.000400852
6598 0.0216278
6600 9.16618e-08
6601 5.27519e-06
6604 3.51341e-08
6607 0.00208284
6608 2.16294e-12
6613 1.80549e-05
6614 0.0008598610000000001
6615 0.00202195
6616 0.00614936
6620 1.3251099999999999e-06
6623 0.00435643
6624 0.0403795
6629 2.34712e-08
6630 0.00561249
6633 0.000583124
6634 2.82712e-07
6639 4.82058e-11
6640 2.01171e-13
6641 2.9442399999999996e-13
6642 1.15257e-11
6644 0.00575144
6646 0.133881
6649 0.00010879700000000001
6650 3.55042e-11
6651 0.00024141
6653 1.36604e-09
6655 0.000105584
6656 5.867060000000001e-05
6659 0.00236873
6662 0.00625228
6663 0.032373700000000005
6665 4.65645e-05
6669 2.63981e-06
6672 0.00069001
6675 0.00319864
6676 0.032748599999999996
6680 2.08771e-08
6683 6.821180000000001e-12
6685 6.25379e-07
6686 0.215115
6688 4.47951e-08
6691 2.54183e-08
6692 9.665360000000001e-06
6693 1.2801e-07
6700 2.02713e-06
6701 2.07866e-10
6705 0.231039
6710 0.028585000000000003
6711 5.81778e-06
6712 3.23073e-10
6713 0.0049073
6715 9.48403e-06
6716 2.0741700000000002e-08
6717 3.04809e-05
6720 2.21477e-09
6721 0.000309707
6723 2.5331799999999997e-09
6724 1.65019e-07
6728 0.0500266
6729 0.0244758
6732 0.00028583
6733 4.74948e-06
6737 1.73101e-12
6741 7.12224e-09
6742 0.000144189
6743 3.93062e-05
6744 0.00247821
6745 0.11423499999999999
6746 0.00804542
6749 4.89002e-10
6750 0.00196224
6752 7.24801e-07
6754 8.06631e-11
6756 4.62209e-05
6757 1.96595e-09
6758 0.000294597
6763 3.20933e-08
6764 0.36599499999999996
6767 4.09866e-05
6770 2.02182e-06
6771 3.63608e-05
6774 2.1545500000000002e-05
6775 3.4621499999999995e-07
6776 8.41892e-05
6778 0.00107975
6779 0.00101581
6780 0.110856
6785 0.000158622
6787 0.06129640000000001
6788 0.00339742
6790 2.5542700000000003e-06
6791 0.00128379
6792 0.022930900000000004
6793 1.45042e-05
6795 0.11198599999999999
6796 4.8669000000000004e-08
6798 0.06583689999999999
6801 0.0005815109999999999
6804 5.75776e-05
6807 2.7450900000000002e-05
6809 0.08790369999999999
6811 7.11918e-07
6812 2.3998499999999998e-08
6815 4.42374e-06
6816 0.00142009
6817 0.00245436
6818 0.000128246
6820 0.00235911
6823 0.00334996
6826 0.00474118
6830 0.07330489999999999
6831 8.26565e-10
6832 1.0506e-06
6834 6.07923e-11
6837 0.033065699999999996
6843 0.000440972
6846 0.000423882
6851 5.34945e-05
6853 2.5859e-08
6854 1.0126299999999998e-06
6856 0.00242282
6857 8.929620000000001e-05
6861 0.000437822
6863 0.000441306
6870 0.030951799999999998
6871 2.8147499999999996e-09
6872 0.17043
6873 0.00342968
6875 0.000114086
6877 0.000185186
6879 0.029603700000000004
6881 4.01438e-05
6882 6.3500900000000006e-06
6885 2.17723e-05
6888 1.25987e-07
6889 6.55732e-06
6890 1.87652e-07
6891 0.0105587
6894 0.0155202
6895 0.117502
6897 0.000116575
6898 0.00382423
6901 0.0169462
6902 0.05474
6904 0.0396216
6905 0.00245868
6906 0.024637799999999998
6907 0.00154173
6913 5.27464e-09
6915 0.026319
6920 6.939e-08
6921 8.963200000000001e-11
6923 0.07209410000000001
6925 0.00011352799999999999
6926 0.06244349999999999
6927 1.06614e-12
6928 0.00120712
6929 3.04217e-16
6936 0.000203888
6937 9.40366e-05
6938 0.061042599999999995
6941 0.0113547
6942 3.90586e-10
6946 1.0664400000000001e-07
6951 3.88448e-09
6954 0.00778117
6955 7.183570000000001e-07
6957 0.000996735
6960 2.85023e-10
6961 8.107389999999999e-06
6964 2.15783e-05
6967 1.61951e-06
6969 7.84105e-05
6970 0.00141707
6973 5.44205e-05
6974 0.00272596
6975 1.3972400000000001e-08
6977 3.2694299999999993e-10
6978 9.42336e-05
6979 1.45136e-10
6980 0.00355469
6982 2.18583e-06
6984 0.0198857
6985 3.1171e-07
6986 0.023612099999999997
6991 0.0679768
6992 2.0861e-05
6993 5.15283e-12
6996 0.00013694100000000002
6997 2.67097e-10
6998 2.2291399999999998e-05
6999 1.21816e-11
7000 0.010141500000000001
7001 1.9663299999999997e-06
7005 6.89567e-09
7010 3.9690699999999995e-10
7012 0.000817491
7013 2.23009e-06
7014 6.15194e-06
7015 1.34618e-11
7017 0.0304019
7019 0.26802
7024 1.21615e-05
7026 0.000397464
7027 0.000252608
7028 0.0581432
7030 2.00657e-05
7032 0.0250777
7034 3.09764e-05
7037 7.50843e-07
7041 1.16804e-07
7043 0.023986900000000002
7044 0.00117547
7047 2.1121799999999997e-06
7051 6.55966e-05
7053 0.0499265
7055 0.00041190599999999997
7057 0.21564099999999997
7060 0.051203399999999996
7061 0.000400846
7063 2.92878e-07
7066 0.00129344
7067 0.0326529
7069 0.00021946299999999998
7076 4.79206e-07
7081 0.0235148
7082 0.00150315
7083 0.125686
7085 0.000343385
7087 4.1218500000000005e-05
7091 0.000195661
7094 0.47424799999999995
7096 1.5147700000000001e-06
7098 0.000273699
7099 0.017947900000000003
7102 4.83472e-08
7103 8.211190000000001e-05
7106 0.03677709999999999
7107 1.91317e-06
7110 0.00196134
7111 7.40177e-07
7112 2.9181400000000003e-06
7115 2.00933e-11
7116 0.348285
7118 5.3259399999999994e-05
7119 0.00214101
7120 0.0272994
7124 2.01346e-08
7126 0.0028259
7127 2.8013800000000003e-05
7131 1.39622e-11
7134 0.00330355
7135 0.00021344799999999998
7136 5.8727299999999996e-05
7137 0.0156101
7142 0.00037040300000000005
7143 1.33364e-08
7145 2.5109e-07
7151 0.0199546
7155 2.36946e-11
7156 2.80924e-05
7157 2.96666e-06
7158 0.00218696
7160 4.9588900000000004e-09
7161 0.00043098
7164 5.00655e-08
7169 0.000271137
7170 0.04783540000000001
7171 0.000281881
7173 2.0729e-05
7175 3.23947e-07
7176 7.38451e-06
7178 0.0711699
7179 0.00459135
7181 0.0109865
7183 0.054270900000000004
7186 2.3417400000000002e-06
7188 1.68721e-11
7190 2.15346e-05
7192 0.240576
7195 0.00702678
7196 0.00967695
7198 0.0208315
7199 1.10536e-09
7201 8.87517e-05
7202 0.00124888
7203 0.00300037
7206 9.50488e-10
7207 0.07275889999999999
7209 6.1367e-05
7218 0.35583200000000004
7220 0.0336865
7221 0.000150229
7225 0.00847451
7226 1.63706e-07
7228 0.00468735
7229 1.762e-05
7231 8.79176e-06
7232 4.9103599999999996e-09
7233 8.15441e-11
7235 4.19303e-10
7237 0.00651347
7238 1.6496099999999996e-08
7239 0.0079687
7240 0.0793491
7242 2.13565e-06
7246 3.1905e-06
7248 0.000154121
7251 2.00078e-05
7252 0.00774062
7253 0.00057588
7254 0.00133303
7255 0.0300935
7257 6.20138e-07
7262 0.000439686
7264 0.232271
7265 1.1718099999999999e-05
7267 0.00022034099999999998
7268 0.016952500000000002
7269 3.66402e-05
7272 1.06424e-06
7273 6.96206e-06
7277 0.0165012
7278 0.00243314
7281 5.75551e-05
7282 9.1805e-05
7286 1.56649e-05
7287 0.44878100000000004
7288 3.68245e-11
7290 1.3284300000000001e-05
7291 2.39299e-08
7293 0.00330608
7301 0.11194000000000001
7303 0.00023269
7304 4.6748199999999994e-05
7306 0.014388900000000001
7307 1.51108e-08
7309 4.7841900000000004e-12
7310 0.00487711
7312 0.0363108
7313 0.000925182
7315 0.019637099999999998
7316 7.121080000000001e-06
7317 0.00194431
7319 0.0500263
7320 5.565859999999999e-09
7321 0.00414509
7324 5.2728999999999996e-05
7326 5.535050000000001e-09
7328 0.0019163000000000001
7331 0.000271095
7332 0.0006682680000000001
7333 0.000196551
7335 8.125149999999999e-05
7337 4.15789e-05
7338 3.64192e-05
7339 3.571169999999999e-08
7340 2.09542e-10
7341 5.28658e-05
7342 0.00036264699999999996
7345 2.3081299999999998e-12
7347 0.000617742
7348 0.196971
7349 9.82973e-08
7352 0.000160022
7353 0.277449
7354 4.16832e-07
7355 8.15747e-05
7357 8.798580000000001e-08
7358 6.28841e-07
7360 0.0228195
7362 7.17699e-08
7364 0.145869
7366 0.0859655
7367 5.61641e-08
7368 2.80623e-06
7371 8.22477e-08
7377 6.53614e-07
7378 0.0162494
7379 0.00260891
7380 4.06221e-05
7382 9.92952e-07
7384 0.00483648
7386 5.012639999999999e-07
7387 1.04375e-10
7391 0.039723699999999994
7392 0.000106414
7393 0.0378187
7395 0.00245965
7397 1.24155e-06
7399 1.13253e-08
7400 0.00110103
7401 0.17336400000000002
7402 1.59574e-05
7403 7.03928e-08
7404 0.0839684
7405 1.62057e-07
7406 8.093380000000001e-05
7407 0.000257518
7409 0.000798738
7412 0.0113854
7415 2.6462e-06
7418 6.79004e-05
7420 0.000252597
7423 6.17704e-11
7426 1.63747e-19
7428 0.00413491
7429 4.5345e-09
7430 2.1548100000000002e-07
7434 0.000168588
7440 0.00010991799999999999
7441 9.51242e-11
7442 0.00463515
7444 0.00434752
7447 1.17862e-12
7450 4.71066e-07
7452 0.00023564299999999998
7453 0.0630265
7455 3.65705e-09
7456 0.11629500000000001
7459 0.00037416
7462 7.72747e-07
7463 5.37447e-05
7464 0.000412319
7469 1.9659400000000002e-07
7471 0.0525452
7472 0.0153285
7473 6.89276e-07
7476 0.00186652
7478 4.03629e-06
7485 0.06631360000000001
7487 1.45626e-06
7488 0.000246589
7492 0.213443
7494 0.00238231
7495 0.000396784
7496 1.39237e-06
7499 2.48686e-07
7500 0.00522026
7501 6.563590000000001e-07
7502 3.31973e-06
7504 3.94097e-06
7505 2.64419e-09
7507 6.10039e-06
7508 0.17240999999999998
7509 7.72133e-06
7510 8.9355e-05
7512 9.838110000000001e-05
7514 0.00410304
7515 0.0205034
7516 0.00293911
7518 1.01246e-06
7520 0.00628137
7522 2.6250900000000002e-06
7529 2.8574e-08
7531 0.000579997
7532 0.0112935
7534 5.2967600000000004e-05
7539 2.35483e-09
7541 3.49754e-09
7542 3.78577e-06
7545 1.8534400000000002e-07
7548 0.00553058
7549 0.00044449800000000004
7550 0.000260063
7552 1.32629e-05
7553 2.56964e-07
7554 0.0168997
7556 7.74052e-10
7557 5.79357e-07
7560 0.00538531
7561 0.477897
7562 0.000244897
7564 0.00430743
7567 0.0701492
7569 0.0478999
7573 0.00039887699999999996
7574 0.000758526
7577 0.00504301
7580 8.853619999999999e-06
7581 9.941110000000001e-05
7582 0.0182139
7583 0.018765
7584 2.33865e-05
7587 5.4223699999999996e-06
7588 0.017048
7589 6.26399e-06
7591 6.866439999999999e-09
7593 1.23532e-11
7595 0.0326259
7596 0.00694746
7597 6.03084e-07
7598 0.00416085
7599 4.994780000000001e-08
7602 3.06494e-09
7604 0.016924500000000002
7607 8.05609e-06
7608 2.73937e-07
7609 0.011844
7610 0.000494037
7613 9.27745e-06
7616 1.10141e-05
7617 1.25645e-07
7620 1.64558e-05
7623 0.000726918
7625 0.0948771
7627 3.48632e-09
7628 0.00012018100000000001
7630 1.6463299999999998e-22
7632 0.000116989
7634 0.00111568
7635 1.3565799999999998e-07
7636 0.00010824600000000001
7638 6.14421e-05
7641 1.4185e-05
7643 3.3789400000000003e-09
7644 2.1862e-05
7645 7.21879e-07
7646 1.8321800000000002e-09
7648 0.0131976
7651 2.04047e-05
7652 0.0658445
7658 9.159990000000001e-07
7659 0.00101779
7660 0.00189044
7661 1.05772e-06
7665 2.53804e-07
7669 2.8690199999999997e-06
7674 1.38218e-09
7676 0.00171475
7681 4.29897e-08
7684 7.66032e-06
7686 3.70249e-05
7689 0.00194229
7690 1.28712e-08
7693 2.03322e-07
7695 0.005058600000000001
7698 5.26057e-09
7700 0.00205905
7701 1.4086000000000001e-08
7703 5.0176599999999997e-05
7706 0.00134435
7707 0.00703301
7708 0.120886
7710 2.43969e-05
7711 0.000161664
7714 6.0482e-07
7716 0.00191966
7717 0.00011293
7719 0.020978599999999997
7722 0.06590449999999999
7725 7.38653e-12
7726 1.06543e-05
7728 0.0255864
7730 0.0006714339999999999
7733 0.012803499999999999
7734 2.2888099999999997e-10
7737 1.27566e-06
7738 0.000292454
7739 0.00522705
7741 5.811569999999999e-06
7744 0.000110088
7747 0.0648855
7750 1.1901600000000001e-05
7752 0.0453399
7755 0.00117589
7756 0.14998599999999998
7757 1.5778e-11
7759 0.07223339999999999
7761 1.92029e-09
7764 2.56717e-07
7766 0.000288805
7769 0.0327517
7770 0.00258302
7771 4.1762e-12
7774 2.5026800000000003e-07
7778 0.0108212
7780 0.0151485
7782 0.00647646
7783 1.92625e-06
7784 0.000718832
7785 0.051597699999999996
7787 0.0433787
7788 1.7227899999999998e-05
7789 0.00184306
7792 1.62458e-06
7794 0.0008217000000000001
7796 0.00110931
7797 1.236e-07
7800 2.04618e-05
7801 0.0335551
7802 2.06571e-06
7804 8.76359e-07
7805 0.000146877
7806 0.00244675
7807 1.44406e-06
7808 0.0424642
7811 0.11956900000000001
7816 0.0826196
7817 4.55679e-05
7818 0.00020893599999999998
7822 1.09149e-05
7823 4.44817e-06
7825 1.69949e-07
7827 2.26267e-05
7828 0.000754483
7829 4.02809e-05
7830 0.00286415
7832 0.208767
7835 1.8463e-07
7837 2.65203e-07
7839 0.00109081
7842 8.0473e-06
7844 2.24805e-09
7846 9.96523e-07
7848 0.0029303000000000003
7849 0.05902519999999999
7850 2.82368e-07
7851 5.92938e-06
7852 6.455790000000001e-07
7858 0.00458092
7860 2.02441e-11
7861 9.07529e-06
7862 0.0198071
7866 1.19475e-05
7867 1.38266e-05
7870 2.7675e-05
7871 0.00254039
7874 8.02894e-06
7875 2.81796e-05
7879 0.000135359
7880 9.012850000000001e-05
7881 1.327e-07
7882 2.47473e-10
7887 0.21728000000000003
7888 0.000261393
7891 2.12977e-05
7892 0.00047035400000000003
7893 2.28625e-08
7894 1.26834e-06
7895 2.24178e-05
7896 0.042444
7903 0.111876
7904 0.000725253
7906 1.29253e-09
7907 0.015349200000000002
7912 2.53598e-11
7913 0.00146062
7917 0.050377
7918 0.00018351900000000002
7922 0.0047818999999999995
7927 4.3046100000000003e-07
7929 0.0399931
7930 0.00156619
7934 3.888119999999999e-14
7936 1.76469e-08
7937 0.0062337
7938 0.019148500000000002
7941 0.00678882
7942 0.00423964
7944 6.85827e-08
7945 1.3165899999999999e-09
7948 9.54229e-05
7949 2.29511e-06
7951 1.3791800000000002e-09
7952 8.46303e-06
7955 0.0010744
7957 0.0632046
7960 1.6661600000000002e-09
7961 0.00029994799999999997
7962 0.0607504
7965 0.0439644
7966 0.0902155
7967 4.18073e-06
7969 0.0428365
7972 0.00271828
7973 6.12121e-07
7975 9.47416e-06
7977 0.00375013
7978 3.9235800000000004e-08
7981 0.00848609
7982 0.319396
7983 9.15038e-07
7985 6.06262e-05
7986 0.000420429
7988 0.00141553
7989 0.00267648
7990 4.4553500000000005e-06
7992 0.000188202
7993 1.1923399999999999e-08
7994 0.0009199639999999999
7995 7.28908e-08
8000 0.00346708
8003 2.33613e-06
8006 0.00115738
8007 1.54377e-09
8010 0.000322758
8011 6.76717e-05
8013 0.00471272
8014 0.00425433
8015 1.8020499999999998e-05
8016 3.01899e-06
8018 0.262989
8020 1.26101e-05
8021 1.66398e-05
8022 0.00121102
8025 0.0144726
8027 6.73453e-06
8028 0.00216069
8030 4.60449e-09
8034 5.7983599999999997e-08
8035 2.5778699999999998e-05
8038 0.0091928
8039 0.000878678
8041 0.0162543
8045 0.217448
8046 5.71892e-13
8047 0.000298968
8050 0.00680508
8052 0.00584467
8054 0.00535146
8055 8.70232e-06
8056 0.00600713
8058 0.0899047
8059 2.9041399999999997e-06
8065 0.000324109
8066 0.000104467
8070 0.012581299999999998
8071 0.00812074
8073 0.00434846
8074 4.2727800000000003e-10
8077 0.061316999999999997
8078 0.00395955
8080 0.0404619
8081 0.000842909
8088 6.28289e-14
8089 0.151149
8090 2.755e-05
8092 4.38792e-05
8094 0.127409
8097 9.00492e-08
8099 1.78558e-11
8102 0.010630200000000001
8104 9.74785e-06
8109 0.136167
8110 0.0667328
8111 0.00151079
8113 0.000197354
8114 0.521411
8118 1.1403599999999999e-05
8119 0.110069
8120 0.0075286
8123 0.00555375
8124 0.00037445400000000003
8126 0.00012653
8128 1.68455e-11
8129 1.09491e-07
8131 0.11036300000000002
8133 3.65962e-05
8134 2.7183e-07
8135 1.75089e-05
8136 4.80344e-06
8143 0.000740909
8145 9.5219e-05
8146 0.00012220299999999998
8147 0.00519484
8148 1.0004299999999999e-14
8149 1.11641e-05
8152 6.0247299999999995e-05
8153 0.0188325
8154 1.17501e-07
8155 0.276926
8156 1.83571e-06
8157 0.000166393
8158 1.94172e-05
8161 3.5010999999999995e-07
8162 0.0468214
8165 4.8497500000000004e-06
8167 0.020586
8170 0.0439263
8172 0.00430696
8176 0.0183613
8178 0.298122
8179 4.109530000000001e-06
8181 0.000460467
8182 0.00020118599999999998
8183 3.08752e-05
8184 0.015874100000000002
8185 1.5374000000000003e-08
8187 0.00176416
8192 0.0207299
8193 1.25013e-11
8194 6.867860000000001e-08
8195 0.00590816
8196 0.028939199999999998
8198 1.96214e-06
8201 0.048287699999999996
8205 0.000196212
8206 4.3503999999999995e-05
8207 0.00146207
8210 0.042489400000000004
8212 3.98361e-05
8214 6.798999999999999e-09
8215 0.0660368
8217 5.04153e-05
8219 4.8268e-07
8221 0.00015358399999999999
8227 1.18162e-07
8228 5.77962e-06
8230 3.05666e-10
8231 4.79983e-06
8233 0.0608794
8234 1.03901e-09
8237 2.99752e-05
8238 0.010214200000000001
8239 0.0207408
8240 0.00247436
8242 0.00476313
8243 1.61969e-10
8245 0.000928798
8246 1.7792e-10
8247 2.72806e-06
8249 0.000123273
8255 6.649910000000001e-12
8256 0.000175763
8257 0.0103053
8259 8.763899999999999e-07
8264 3.77799e-08
8265 0.000215972
8266 2.6151e-07
8267 0.013167700000000003
8270 1.8994e-06
8271 0.000516339
8273 0.00310032
8274 6.61833e-05
8276 0.000734579
8277 0.00495496
8278 3.07241e-12
8283 1.33124e-08
8286 0.10918
8287 0.00472266
8288 0.00153783
8289 0.00132921
8290 6.16936e-06
8291 5.7587600000000004e-05
8298 0.00439451
8303 0.0320024
8304 0.000523206
8305 2.6780199999999998e-05
8308 5.68924e-05
8309 0.0428077
8314 1.50565e-05
8321 0.0437686
8324 2.95985e-07
8325 0.00486159
8328 0.00110076
8330 4.8662299999999997e-05
8331 1.1550100000000001e-07
8333 3.71388e-08
8334 2.7494e-05
8337 1.3073e-07
8339 0.029232400000000002
8340 0.00643624
8343 0.00020502
8344 4.7760200000000004e-05
8347 0.185252
8348 5.79205e-19
8350 0.000699306
8352 1.91335e-05
8353 2.36138e-09
8354 0.000211217
8356 0.00753736
8357 7.57798e-09
8358 9.3374e-07
8361 6.87343e-09
8362 6.941759999999999e-07
8363 0.00207998
8366 1.3359400000000002e-09
8367 1.8478100000000002e-07
8369 4.19425e-13
8371 2.49061e-07
8373 0.000430799
8375 0.0011259
8377 0.00989946
8378 9.854190000000001e-09
8379 0.000470485
8380 0.139531
8382 0.00789766
8383 4.58582e-06
8389 2.2510100000000003e-05
8392 0.049055
8393 8.08869e-08
8394 0.00792907
8395 0.13164
8396 0.25495
8399 0.00445821
8400 0.00433726
8401 0.000419282
8402 0.014147100000000001
8404 0.00045049900000000004
8405 3.50591e-06
8406 0.000128011
8407 0.0005550409999999999
8408 7.883280000000001e-07
8411 0.0002012
8412 5.862040000000001e-06
8414 8.44578e-08
8417 0.000278728
8418 0.00852266
8419 1.39316e-05
8420 6.7842499999999995e-06
8421 6.58145e-09
8428 2.3112e-07
8431 0.0679951
8432 3.97313e-07
8435 3.48198e-07
8436 0.0235321
8439 0.07714299999999999
8440 0.000598449
8441 0.000670435
8446 0.00457277
8447 8.87042e-11
8448 9.74679e-05
8451 0.000312103
8455 2.7164999999999997e-06
8457 6.69404e-07
8458 0.060795
8459 0.000781039
8460 0.00018617299999999998
8463 0.00394427
8464 0.0007708039999999999
8469 1.6557e-05
8471 0.0281224
8473 3.94282e-11
8474 0.09817739999999998
8476 7.45549e-05
8479 1.9883700000000002e-07
8480 0.053177800000000004
8481 0.00270754
8486 0.180553
8487 0.000666044
8488 7.84035e-06
8489 0.00466788
8490 0.00425949
8491 0.00023720900000000003
8493 0.00629438
8496 0.20638299999999998
8497 0.00117549
8500 1.39312e-05
8501 1.38495e-05
8504 2.9675799999999996e-06
8505 0.00390562
8507 2.9108299999999998e-08
8508 2.35502e-17
8510 0.524469
8511 3.6583300000000004e-10
8515 2.18986e-09
8516 0.0239791
8520 0.00150284
8525 0.00312656
8527 5.17071e-05
8528 0.00855474
8531 2.66511e-07
8532 0.00041787300000000003
8537 1.3290700000000001e-06
8538 0.00295016
8539 6.98224e-07
8540 1.3863000000000001e-11
8543 0.20009200000000002
8544 0.030827999999999998
8545 8.933389999999999e-12
8546 2.43075e-09
8547 1.71021e-07
8548 1.57002e-05
8551 2.46076e-11
8552 0.000148405
8554 0.00149963
8555 9.43885e-05
8560 3.54705e-07
8561 5.6497400000000006e-06
8563 2.15554e-05
8565 5.10094e-06
8566 0.09662960000000001
8567 0.000997715
8569 0.195432
8570 1.25732e-07
8571 3.50013e-07
8574 0.049505900000000005
8575 8.75707e-07
8577 0.0259212
8578 1.08579e-06
8579 1.97122e-08
8580 1.67482e-05
8583 0.000161945
8589 1.9437200000000003e-06
8590 0.00041678
8591 9.54866e-08
8593 0.000287272
8594 0.00529295
8597 1.13815e-08
8598 0.0219629
8599 0.00370686
8600 0.00773417
8603 0.000688098
8605 0.0175518
8609 2.17128e-09
8611 0.133648
8613 0.0576429
8614 0.411894
8616 0.12113
8619 2.7531e-09
8622 1.47278e-08
8623 4.74148e-08
8625 3.94886e-05
8626 0.037149
8627 0.0213569
8629 4.641190000000001e-06
8630 1.3479800000000001e-05
8631 1.54025e-07
8632 9.12182e-07
8634 0.0012663
8637 3.38433e-05
8640 1.2930600000000001e-06
8641 0.033443099999999996
8642 3.14316e-07
8643 3.21396e-13
8646 0.291167
8648 0.000863886
8649 0.000316759
8650 0.38072399999999995
8651 0.00184955
8652 0.0136376
8656 3.2046500000000003e-07
8657 0.000381347
8658 1.8576e-06
8659 9.96235e-05
8660 0.00661455
8661 3.601e-07
8662 2.7673e-20
8664 0.00779688
8666 0.0006402690000000001
8668 0.000130498
8669 0.000596015
8671 0.11406300000000001
8672 1.03652e-06
8673 1.5562300000000002e-05
8674 0.000777519
8675 0.00189951
8677 5.87385e-09
8678 0.0488055
8679 0.000277298
8681 0.00679796
8682 8.490569999999999e-07
8684 1.33719e-07
8685 0.000274303
8686 0.018247
8689 5.173590000000001e-10
8693 3.5713099999999997e-09
8694 2.5602099999999995e-06
8696 1.04178e-07
8697 9.04407e-05
8700 0.00890401
8703 3.0895e-09
8704 1.21939e-08
8705 0.0160583
8707 0.000630255
8708 0.0180739
8711 0.000101977
8712 8.433639999999999e-08
8714 2.885e-11
8715 3.1447800000000002e-06
8719 0.00339513
8721 0.185101
8724 0.000259832
8726 2.3475900000000003e-06
8729 0.00680422
8734 0.000519926
8735 0.0125745
8736 0.00933554
8737 3.6469e-07
8740 0.018571900000000002
8743 6.44231e-07
8745 1.02247e-05
8746 0.000236815
8751 0.051999800000000006
8754 0.00325109
8758 0.000308281
8761 0.136541
8762 0.0163213
8763 5.1482399999999996e-09
8765 8.60515e-11
8767 6.3745e-05
8774 0.057389499999999996
8777 6.45536e-11
8778 0.0763198
8779 0.19083599999999998
8780 0.0142777
8781 2.26603e-05
8782 1.62997e-10
8785 3.6541000000000003e-06
8786 2.01048e-05
8787 3.12073e-09
8788 1.8213999999999998e-10
8789 2.84081e-09
8791 3.9977200000000004e-07
8792 0.00218505
8795 0.016441099999999997
8797 0.000113673
8798 1.62923e-05
8800 9.10019e-05
8802 0.000313486
8803 0.395751
8804 9.81425e-05
8807 2.14296e-05
8808 0.010489799999999999
8812 0.00997959
8816 0.00864258
8818 0.00026367
8820 3.0372199999999997e-05
8821 0.00653417
8824 6.6108e-08
8825 2.34761e-07
8827 0.0125583
8828 0.00119079
8829 2.5168400000000003e-08
8830 0.00172382
8832 0.000502156
8834 0.48903199999999997
8839 2.39285e-09
8842 0.000152815
8844 0.0572572
8845 1.3099500000000002e-07
8846 3.70849e-06
8850 8.157640000000001e-05
8851 0.019269400000000002
8852 9.015e-09
8853 8.35702e-08
8855 5.2346000000000004e-08
8857 0.03223959999999999
8860 0.00228373
8861 0.00135508
8863 0.00393438
8864 0.154835
8866 0.000219906
8868 2.0837800000000001e-07
8869 3.80394e-06
8870 4.41778e-14
8875 0.0209579
8877 4.511740000000001e-06
8881 5.04706e-08
8882 6.92132e-07
8887 3.96848e-05
8889 0.0992841
8893 2.70278e-06
8894 4.9631e-06
8895 3.77106e-06
8896 6.3792799999999995e-09
8897 0.0344836
8898 0.00257026
8899 0.0025569000000000004
8901 3.597e-06
8902 0.00331429
8903 3.08849e-05
8904 0.07104780000000001
8906 0.0035570999999999997
8907 0.0145412
8908 2.90708e-07
8910 2.8051999999999997e-07
8912 1.5806099999999998e-05
8915 1.56888e-07
8916 0.015809
8918 0.040583499999999995
8922 0.0852942
8924 6.56191e-07
8925 4.94414e-06
8928 0.022402000000000002
8934 1.88714e-21
8935 2.33291e-08
8937 1.19943e-07
8938 0.0145393
8941 0.0857645
8945 0.015071200000000002
8946 0.00499567
8947 0.0616901
8949 5.5968900000000006e-05
8950 5.58783e-11
8952 2.73263e-05
8954 0.00162227
8956 1.37941e-19
8957 0.00722597
8959 3.6350099999999998e-06
8963 0.00024678
8964 0.00159594
8972 2.59223e-08
8974 6.01609e-07
8977 0.000136251
8981 5.59691e-13
8984 3.89269e-07
8986 3.36796e-06
8990 0.0119941
8991 0.10167000000000001
8992 0.00022962400000000002
8993 0.0243837
8994 0.00144671
8996 0.00118516
8998 0.000554318
9001 1.36884e-05
9003 0.00950547
9008 2.3226e-12
9009 0.04303030000000001
9010 0.0383968
9011 0.0988669
9012 4.13368e-06
9013 0.288018
9014 0.00024781200000000003
9017 0.018159900000000003
9021 4.3142600000000004e-07
9023 8.112430000000001e-10
9025 0.000630536
9026 0.000766505
9028 2.23777e-10
9030 2.21327e-06
9031 5.54166e-05
9033 1.65926e-05
9038 2.1694800000000002e-07
9040 0.00179289
9041 3.55659e-10
9043 0.204355
9044 1.12927e-08
9046 3.5181e-06
9047 8.76318e-11
9050 1.0841799999999998e-10
9052 7.122360000000001e-07
9054 0.00852787
9055 0.0573274
9056 0.00130818
9057 1.51243e-07
9061 0.000130586
9062 2.23267e-06
9065 2.2321999999999998e-07
9067 0.00100247
9069 1.2232999999999998e-10
9070 0.0486932
9071 4.18616e-09
9074 6.92663e-07
9075 0.0125949
9076 9.32675e-05
9077 0.08990319999999999
9081 2.59206e-05
9082 2.23769e-05
9083 2.41552e-06
9084 1.05326e-06
9088 9.28874e-05
9090 0.00117834
9092 6.50462e-07
9093 7.854e-08
9095 0.00637692
9096 1.69143e-07
9097 0.000599391
9101 3.67816e-05
9102 0.00970078
9103 0.015239099999999998
9104 4.26432e-05
9107 0.00043962300000000004
9109 0.0713191
9110 0.000926374
9111 2.6556199999999996e-09
9115 0.0264585
9118 0.499122
9119 4.1458399999999995e-07
9120 5.308310000000001e-05
9122 5.1886699999999996e-06
9124 0.00250801
9125 0.00535399
9127 7.72606e-05
9130 5.18884e-05
9132 0.055233800000000007
9134 6.65588e-09
9135 4.06332e-09
9137 6.48454e-07
9139 1.33608e-06
9140 0.000230592
9142 3.6484e-05
9143 0.031983
9145 3.5713300000000005e-14
9146 7.29297e-09
9149 3.43487e-05
9152 2.26803e-05
9154 0.019222799999999998
9156 8.0202e-09
9158 7.13121e-15
9164 0.0161706
9165 0.00059375
9167 2.0462899999999999e-13
9169 6.492340000000001e-06
9170 0.00011368399999999999
9171 0.00126646
9172 0.000360976
9176 0.00134041
9182 4.67339e-08
9183 2.53439e-11
9188 1.6663999999999998e-10
9190 3.52319e-06
9198 5.5234500000000006e-14
9199 4.16165e-05
9201 0.037556
9203 1.22393e-05
9204 0.020966099999999998
9206 2.63095e-06
9207 0.00320362
9210 1.34802e-05
9211 1.21676e-11
9216 0.00108822
9217 4.9755199999999995e-08
9219 0.0274722
9220 6.19047e-05
9222 0.275537
9223 0.00116276
9225 0.012265
9226 9.39758e-06
9228 0.183082
9229 6.74702e-08
9231 6.254890000000001e-05
9232 0.000149491
9233 0.010685799999999999
9234 1.6981700000000001e-06
9235 0.017723
9237 8.40365e-11
9240 3.5018500000000004e-08
9241 0.000739364
9243 1.08209e-09
9248 0.0367166
9253 0.0122076
9256 5.53978e-11
9257 0.000572852
9258 4.834519999999999e-10
9260 2.1869e-06
9261 0.000325734
9262 2.29981e-06
9263 0.0607698
9264 5.288380000000001e-06
9265 6.03143e-06
9266 0.00257004
9267 4.10101e-06
9274 1.11099e-05
9275 0.042697000000000006
9276 0.140904
9277 4.0105100000000005e-09
9280 6.204780000000001e-06
9284 0.00477797
9292 0.000302931
9293 0.00048683699999999995
9294 0.029999500000000002
9297 0.00623993
9298 1.46281e-07
9300 2.1027800000000002e-05
9301 0.00010826700000000001
9302 1.9829000000000003e-09
9304 5.29503e-05
9305 1.26179e-11
9310 0.0579087
9311 0.047823000000000004
9313 0.07831239999999999
9314 0.00157461
9317 1.0017799999999998e-08
9319 1.35727e-05
9320 0.0917887
9321 1.13014e-07
9322 5.03759e-05
9328 0.143887
9329 0.00017684799999999998
9332 0.00199836
9335 1.4488800000000001e-05
9338 2.87903e-11
9340 1.72237e-06
9341 4.00017e-07
9344 5.38251e-05
9345 0.06441609999999999
9346 1.13505e-05
9352 0.00312881
9353 0.17383800000000002
9355 3.95719e-09
9356 0.00040314
9357 0.0225887
9360 5.6967300000000006e-08
9361 1.02996e-05
9363 0.141852
9364 0.0011260999999999999
9366 1.5701e-08
9367 0.262104
9369 0.00043636300000000005
9370 2.5896e-11
9372 1.39305e-05
9376 1.56916e-08
9379 0.00137785
9380 0.00102094
9381 2.4148499999999998e-09
9383 5.538300000000001e-06
9384 0.00203113
9385 0.000283817
9387 7.64157e-06
9390 9.175290000000001e-17
9391 0.0464199
9395 1.14001e-11
9396 6.33413e-05
9397 0.036489999999999995
9399 1.55521e-07
9400 0.019461700000000002
9402 0.0090135
9403 0.000345472
9404 0.08035260000000001
9415 0.0158565
9416 4.5533999999999996e-08
9423 9.5609e-06
9425 0.029313799999999997
9426 2.0636700000000002e-05
9427 0.00222288
9428 0.0263666
9430 3.3942299999999998e-09
9431 8.51355e-06
9435 0.22018000000000001
9436 0.00021403
9441 0.00359631
9442 4.5003100000000004e-07
9444 0.00451091
9447 1.0228e-12
9449 0.031522900000000006
9450 0.0005061390000000001
9451 6.46631e-08
9452 0.022461599999999998
9453 1.58757e-06
9462 6.21113e-07
9467 0.043968
9471 0.15698399999999998
9473 0.22994299999999998
9474 0.000537571
9475 1.48901e-08
9478 0.0686127
9482 0.062544
9483 6.27932e-11
9485 0.20517800000000003
9486 0.0688742
9487 0.0463426
9489 0.000196772
9492 4.84161e-08
9493 7.405360000000001e-08
9495 5.9225500000000004e-05
9498 2.67253e-07
9501 1.81952e-08
9503 0.409532
9505 0.00123302
9506 6.1801599999999995e-06
9509 9.117039999999999e-06
9510 1.4074000000000002e-10
9511 0.0356816
9513 0.0045573
9514 0.0230813
9521 0.22244299999999997
9522 5.5330699999999995e-05
9525 1.2704799999999998e-06
9529 0.049104699999999994
9530 0.000109642
9534 2.36459e-09
9535 0.000111893
9536 6.19838e-11
9538 1.1855e-05
9539 9.42488e-05
9544 0.000482634
9547 0.0829426
9548 4.49562e-08
9552 1.66085e-05
9553 2.1036799999999998e-05
9554 0.09589410000000001
9555 3.5078e-05
9556 0.0005329569999999999
9559 9.55182e-07
9561 1.9281700000000002e-05
9563 3.0117e-08
9564 0.000531275
9569 0.00385088
9570 0.0399952
9572 0.00845092
9574 0.0508625
9575 7.477639999999999e-07
9578 0.00533158
9581 3.80839e-06
9582 0.160437
9583 0.013209
9589 0.00019669900000000002
9590 6.34574e-07
9592 0.00492498
9593 8.26374e-06
9594 0.00376651
9595 0.00829814
9599 0.0708714
9601 3.40281e-05
9602 2.9017400000000003e-08
9604 0.00819588
9606 0.00903982
9607 0.00354396
9608 9.367310000000002e-06
9610 0.0089583
9612 0.00816645
9616 1.10633e-07
9622 0.00017252
9624 0.000369476
9625 0.00018110200000000002
9626 0.111425
9628 0.102577
9630 0.022307
9631 0.017716700000000002
9632 0.06299
9633 0.022239099999999998
9635 0.000745476
9639 5.5423e-05
9640 5.15545e-09
9642 3.99655e-05
9643 0.000152309
9645 0.000808145
9646 2.8736599999999996e-08
9648 0.00117277
9651 0.11746300000000001
9652 2.9217800000000003e-13
9653 0.00420286
9657 1.7774000000000001e-06
9660 0.0485043
9661 0.000126735
9662 0.0113708
9663 0.100851
9665 0.00189772
9669 1.3549000000000001e-06
9672 0.00040426599999999997
9673 1.4508600000000001e-08
9674 2.2570700000000004e-09
9675 8.67566e-09
9677 0.00465814
9680 1.97336e-07
9682 4.95871e-09
9683 5.93083e-09
9688 6.59638e-06
9689 0.0120322
9690 0.0473636
9694 9.00203e-05
9696 0.0417376
9697 0.0008010189999999999
9701 4.66534e-06
9704 0.00151686
9705 9.37201e-07
9708 0.0609186
9714 0.000522753
9715 0.0479754
9716 6.57095e-19
9720 3.16745e-11
9722 0.00500221
9723 6.78073e-10
9725 7.520060000000001e-06
9727 7.551360000000001e-06
9728 3.99549e-06
9730 0.000338872
9731 2.02644e-15
9736 3.42091e-06
9739 0.06814400000000001
9740 3.87656e-09
9741 0.000259653
9742 0.00904638
9744 0.001035
9750 0.0338957
9751 1.9586599999999997e-06
9752 0.0815178
9753 0.085997
9757 1.94712e-08
9759 1.6634799999999998e-10
9760 2.6927299999999996e-06
9765 0.00031871
9766 0.17141199999999998
9768 0.00695749
9769 0.0398134
9770 8.458149999999999e-05
9771 1.31353e-05
9775 1.15864e-13
9777 1.2031099999999999e-05
9779 0.000387509
9782 0.0285253
9783 0.00404737
9784 2.1844699999999998e-05
9786 0.00205296
9787 4.969109999999999e-07
9788 3.47769e-09
9791 0.00011362299999999999
9793 1.86951e-08
9795 0.0239143
9798 0.0372727
9799 0.00880616
9802 0.0768553
9803 0.00164292
9804 1.62001e-07
9806 1.66596e-05
9811 3.32961e-05
9812 0.0730762
9814 6.0352399999999995e-05
9815 0.0280077
9817 7.11283e-08
9818 7.82153e-06
9820 1.6490699999999998e-05
9821 1.48078e-10
9824 5.4727799999999995e-05
9826 8.66591e-12
9827 3.82144e-10
9829 7.11628e-06
9835 3.5087699999999994e-06
9837 0.0090553
9838 0.000478144
9840 5.777450000000001e-07
9843 0.03396880000000001
9844 1.82833e-07
9846 0.54545
9847 5.83476e-06
9849 3.41971e-06
9850 2.16983e-07
9853 0.0061838
9854 0.08130570000000001
9856 0.00222925
9857 0.000382222
9861 0.000112115
9864 4.88209e-06
9866 1.16372e-09
9871 0.00609986
9873 1.67577e-07
9875 0.018534799999999997
9876 1.10834e-12
9883 1.45601e-06
9885 0.00990137
9888 0.0234959
9889 0.00469049
9890 1.1852e-09
9891 0.000159279
9892 1.7117700000000003e-06
9893 1.96426e-11
9895 2.14675e-07
9899 0.000758963
9901 0.0218109
9903 0.013356
9906 7.90797e-05
9907 5.5123199999999994e-05
9909 1.34499e-07
9910 0.00557717
9912 5.03885e-07
9914 0.270104
9915 0.108771
9916 0.409909
9919 2.11116e-06
9921 0.00057077
9922 3.81519e-05
9924 0.000122931
9925 1.3252200000000001e-09
9927 1.06113e-06
9928 1.1335699999999999e-05
9929 0.000218488
9930 0.0930049
9931 0.012418
9933 3.76616e-07
9934 0.00344625
9936 2.27406e-05
9937 0.157373
9941 0.0289663
9943 1.96487e-06
9948 1.40437e-06
9951 0.000281878
9952 0.000253044
9953 5.30397e-09
9956 3.0028599999999995e-08
9957 8.066339999999999e-06
9960 6.36629e-07
9962 0.00734862
9963 0.00260441
