1 3.04299e-07
2 0.9225450000000001
3 0.00166427
4 0.0166878
6 4.42211e-06
8 3.9435500000000006e-06
10 2.27075e-05
11 1.98252e-06
13 0.00444781
14 0.000845496
15 6.52458e-09
18 1.36236e-07
22 7.57137e-07
25 4.251319999999999e-06
27 4.93159e-07
28 3.86842e-10
29 5.63689e-09
31 0.993872
37 6.280239999999999e-10
38 1.10875e-14
40 1.03131e-11
43 1.36284e-05
45 5.32151e-08
49 0.00336707
53 3.25597e-06
54 6.291970000000001e-05
55 1.67427e-05
56 0.00018112
57 1.01418e-15
58 3.77635e-06
59 1.1889000000000001e-05
62 0.000222478
67 1.96433e-07
68 1.0362699999999999e-13
69 2.35602e-05
70 1.33083e-06
71 5.30723e-11
74 8.281310000000001e-07
75 1.82716e-05
76 3.58632e-05
79 4.0803e-10
80 0.0008088189999999999
82 3.81902e-09
84 0.00012948200000000002
85 1.2421600000000001e-06
86 0.0241836
87 0.325173
88 0.792403
90 8.258310000000001e-06
92 1.0644e-07
94 2.86406e-06
96 8.50443e-05
97 3.30561e-07
98 1.6901599999999999e-06
100 0.924524
103 0.000126208
105 1.04013e-06
106 4.64284e-13
108 9.125029999999999e-07
111 0.00298709
114 3.2203600000000004e-07
115 2.00098e-05
116 5.00868e-08
119 1.72177e-09
124 2.4033799999999998e-08
126 0.0559466
127 0.00022531599999999998
128 0.00046234300000000004
135 0.00119759
136 0.00011260899999999999
137 0.032818400000000005
139 1.8725799999999998e-13
144 2.35455e-05
145 0.735554
148 3.6735000000000005e-18
149 1.11651e-09
151 1.2279e-05
152 2.69557e-09
155 2.08289e-05
157 1.32721e-06
160 2.55965e-05
166 0.00209993
167 1.43222e-18
168 0.000563536
172 2.2890900000000003e-10
175 1.3938299999999998e-08
176 8.971580000000001e-06
178 3.25171e-08
179 0.00097903
181 1.95315e-06
182 1.21493e-05
183 3.7943199999999997e-10
185 1.59624e-06
186 0.00023705099999999998
188 2.1141299999999998e-06
191 8.93939e-06
195 3.50305e-06
196 7.44773e-07
197 0.0008959489999999999
199 1.47699e-11
201 3.61845e-10
202 4.58833e-06
204 2.21112e-07
205 1.78019e-06
206 0.00833402
212 1.81826e-06
213 4.48972e-06
216 1.03163e-09
217 5.26731e-05
223 0.147008
226 0.00187743
227 1.2428699999999999e-09
230 6.413490000000001e-10
231 0.0177659
234 7.499689999999999e-08
237 0.00152576
238 0.647245
239 7.364699999999999e-07
240 1.5258800000000002e-07
243 8.89869e-11
247 2.5760000000000003e-07
248 0.00258056
252 9.124369999999999e-08
253 0.997865
254 0.064079
255 1.97583e-12
258 0.000761107
260 3.29089e-07
261 2.41527e-13
264 8.00304e-05
265 7.26064e-07
267 6.55326e-06
271 0.45110200000000006
272 3.75678e-05
273 0.299194
274 2.39005e-10
277 4.01449e-07
279 5.998590000000001e-06
280 1.02917e-06
281 0.105342
283 3.7878199999999995e-16
284 6.2408e-05
286 0.000272041
287 1.44135e-07
290 0.000590549
291 1.06098e-07
292 8.824670000000001e-07
293 1.2723200000000002e-08
295 0.00253642
297 2.10743e-05
299 2.58852e-05
300 0.000788983
301 0.000681335
309 3.0354400000000005e-10
310 6.38089e-06
313 3.45587e-06
314 2.0240900000000004e-06
315 0.00011103799999999999
316 2.2549600000000002e-05
319 1.26546e-05
324 1.5304499999999999e-06
326 3.35067e-05
327 7.82196e-07
330 0.00321498
333 0.9987719999999999
335 8.52858e-05
339 1.42167e-06
341 2.37989e-07
342 1.79537e-06
345 0.0008302489999999999
346 5.601890000000001e-07
348 3.00647e-11
350 1.0334999999999998e-10
351 1.01891e-06
353 5.00074e-08
356 0.000296239
357 4.63815e-07
358 7.60348e-09
360 1.85993e-05
361 1.4905799999999998e-06
362 4.27055e-09
364 3.72489e-13
365 5.43733e-08
366 5.8026e-07
368 1.58237e-06
369 4.11988e-05
371 0.00920531
375 0.00728778
376 0.0581052
377 0.0007090689999999999
378 5.800850000000001e-09
383 3.14211e-11
384 2.6690999999999997e-08
385 8.28717e-09
386 0.000246116
388 6.2204199999999995e-06
389 0.000577745
390 1.21726e-06
392 5.40936e-05
393 8.20477e-05
397 1.09251e-06
398 0.000803107
399 4.87949e-10
401 6.42904e-09
402 2.8011599999999998e-05
405 7.91218e-05
409 4.50667e-05
410 3.27352e-05
412 0.000429126
413 1.30954e-05
414 2.1294099999999997e-10
415 1.96354e-07
418 0.00112764
421 3.1905200000000004e-08
422 1.59228e-09
423 4.1035199999999995e-06
425 3.73801e-06
426 0.000122314
429 1.01594e-06
432 0.0261132
434 4.39521e-05
436 1.03223e-05
437 1.1343500000000001e-07
440 1.55947e-06
441 0.9954040000000001
442 1.32675e-11
444 1.2762799999999998e-06
445 4.63665e-06
447 1.9948699999999998e-05
449 0.00021075599999999999
451 4.5016000000000006e-07
452 3.40981e-06
453 2.4534400000000003e-06
455 1.82368e-05
456 9.10117e-06
457 0.000100346
458 4.7572600000000003e-07
465 5.89333e-07
466 5.1542600000000004e-05
467 5.9182699999999996e-12
471 3.25103e-05
472 1.5925100000000002e-16
473 0.00684234
475 3.68531e-08
478 9.512120000000001e-09
479 6.12039e-05
481 0.151631
485 0.000227695
487 8.86172e-08
488 3.09867e-08
490 5.6968e-07
493 2.0141999999999997e-06
495 0.00236304
497 1.5958700000000001e-10
502 7.28905e-05
504 0.00271255
505 1.96588e-06
506 1.74497e-08
507 9.32855e-08
510 3.78651e-06
511 0.852634
512 1.0644400000000001e-05
517 6.74524e-07
521 1.97536e-05
527 5.1688800000000006e-14
529 0.0520626
532 5.3888e-07
533 0.00122301
534 0.000310664
536 9.157520000000001e-09
538 0.00021369099999999998
539 1.4019200000000001e-05
542 5.9378900000000005e-09
546 1.19354e-08
547 7.9352e-05
548 1.38743e-06
551 0.0013634
553 1.41077e-08
556 0.210773
557 1.58986e-05
558 0.00281654
560 0.00858872
561 1.29422e-10
562 3.2002499999999994e-10
566 7.276279999999999e-09
567 6.00462e-10
568 7.66339e-07
569 2.65806e-11
570 7.952499999999999e-08
571 4.92467e-06
572 1.32446e-07
573 7.775750000000001e-06
574 2.18408e-07
575 5.01856e-05
576 0.00021386299999999998
578 1.59382e-06
580 2.14291e-06
584 2.8131699999999997e-09
585 1.80065e-10
586 0.00952347
587 5.37033e-07
593 6.627530000000001e-10
594 7.19537e-08
595 2.71081e-05
596 0.0008723639999999999
600 0.00306315
602 0.00429657
603 1.6552500000000002e-06
604 0.000147553
606 2.2381900000000003e-08
607 3.5301199999999996e-06
611 2.85828e-07
614 1.89196e-11
615 2.85305e-06
616 7.5257100000000005e-06
617 2.03579e-06
618 0.00286752
621 6.6344e-06
623 7.96683e-07
624 6.98056e-09
627 4.77914e-06
629 0.0327221
630 1.5751599999999998e-10
631 0.00268759
634 0.000121914
636 0.00010126200000000001
638 6.677230000000001e-10
639 0.000116259
640 7.5569e-14
641 8.36642e-06
642 4.34907e-06
643 9.16743e-05
644 3.6743099999999995e-12
646 2.80014e-06
649 4.93611e-05
650 2.89641e-05
651 7.81382e-05
652 4.84081e-07
655 1.78109e-07
658 2.2597200000000003e-06
659 2.40577e-08
662 1.7579e-12
664 4.62075e-05
665 2.10548e-11
666 6.464430000000001e-05
668 1.15398e-06
669 0.00041218
670 1.16905e-07
673 4.32171e-06
674 0.181257
678 0.995648
679 3.0983299999999996e-06
681 2.11787e-06
683 1.28713e-07
687 3.88314e-08
691 1.3312399999999998e-09
692 1.12354e-07
693 3.69798e-06
696 4.633060000000001e-05
697 1.6454000000000002e-07
698 0.00567834
701 5.1760699999999994e-05
703 0.201073
704 0.0457241
706 2.38924e-06
708 0.000138668
715 5.0916600000000003e-08
716 2.1496e-06
718 1.7333599999999997e-06
719 8.06815e-06
721 1.54359e-06
722 1.8181799999999998e-10
723 3.0818099999999997e-06
724 1.0350899999999999e-07
725 0.00137159
727 0.00427452
732 0.361962
734 4.4315600000000006e-05
735 0.771574
736 3.2782699999999994e-08
737 0.0234943
741 2.1359e-13
743 0.167852
744 9.76685e-06
745 6.49435e-07
747 8.198410000000001e-12
749 8.32892e-08
751 0.00186966
757 1.30245e-08
758 1.66104e-10
759 2.00166e-11
762 7.78857e-06
765 6.164340000000001e-05
766 2.54943e-07
769 1.45638e-06
773 8.14923e-06
775 1.3610900000000001e-06
778 3.15411e-05
779 5.28548e-07
781 2.81062e-05
783 0.000186146
784 8.308839999999999e-06
785 3.9820999999999995e-06
788 6.8034e-08
789 5.06828e-10
790 6.32135e-05
792 0.00758142
795 0.8536309999999999
798 6.404359999999999e-16
801 1.6953599999999998e-09
803 1.5094899999999998e-06
807 0.0100913
809 2.5110900000000004e-08
811 9.57065e-11
813 2.23351e-10
817 0.000527264
819 1.3346399999999998e-07
821 1.12575e-07
824 0.9349959999999999
825 1.17199e-12
833 0.00095212
835 0.998661
836 3.0155e-05
837 0.000289078
838 3.3290699999999996e-14
839 4.92858e-07
840 2.9872100000000002e-06
841 1.8495099999999999e-06
844 5.0191499999999997e-08
846 6.35907e-05
852 8.28519e-06
853 1.57757e-11
856 1.76588e-05
858 2.98277e-06
861 3.20064e-08
864 1.9175400000000003e-08
866 7.12655e-05
869 0.000545266
870 8.33348e-05
873 0.00241806
875 0.0108214
877 2.7942600000000002e-05
881 5.83481e-08
883 0.00040855
884 4.56171e-07
886 1.32819e-06
890 5.27029e-05
891 4.09503e-07
893 3.61061e-05
894 2.05865e-06
897 1.6754e-08
901 0.00125981
905 0.0008907660000000001
907 0.00627669
909 1.3997e-05
910 2.9482600000000003e-09
913 7.592769999999999e-06
914 0.0757027
916 4.39744e-09
922 0.000942664
924 0.000248587
925 4.98649e-08
927 1.80697e-06
928 9.82839e-07
930 1.1625999999999999e-11
932 2.56511e-07
933 1.5286e-06
938 1.85973e-06
939 0.00080469
940 1.05471e-08
941 6.58957e-06
942 0.9904149999999999
944 0.0007481069999999999
945 6.97521e-09
952 8.54568e-05
953 3.6499899999999997e-07
955 9.72994e-06
956 0.000109655
957 3.66403e-05
959 1.21915e-06
960 0.0008080260000000001
961 0.1217
963 3.11965e-09
968 2.65053e-07
969 1.03006e-05
970 0.1438
974 4.3530900000000006e-10
975 1.0312000000000001e-07
976 0.010345700000000001
978 1.01216e-06
979 3.45005e-05
981 1.9638800000000002e-06
983 7.83793e-05
984 0.00048343800000000004
985 6.22761e-07
986 2.8975e-05
988 4.3646e-05
990 5.7636800000000004e-05
992 1.04842e-07
994 4.16928e-10
995 0.000101104
998 7.50838e-11
1000 2.3491800000000002e-08
1003 8.556520000000001e-09
1005 8.24847e-06
1006 0.000344081
1007 3.37347e-10
1013 4.973e-05
1016 0.9795889999999999
1019 2.89906e-10
1020 1.36548e-05
1021 1.03228e-12
1022 2.54863e-06
1023 2.10388e-06
1025 6.485720000000001e-10
1026 7.53874e-08
1029 7.96588e-09
1030 0.00106556
1031 3.9452199999999996e-07
1032 2.3169299999999998e-09
1033 1.83215e-08
1034 0.000694107
1035 6.71425e-08
1037 8.52268e-05
1038 4.21479e-05
1039 3.43952e-05
1040 6.9891699999999995e-06
1044 0.000240224
1046 0.000344871
1047 1.7819e-08
1048 1.06562e-05
1049 0.00076158
1051 4.5042700000000007e-13
1054 1.83807e-07
1055 4.20542e-06
1058 0.000209377
1059 8.67166e-05
1063 3.7297000000000005e-06
1065 5.8406300000000004e-05
1067 3.99691e-10
1070 8.38426e-11
1075 3.15391e-05
1076 1.3678e-05
1080 0.015326300000000001
1081 8.961530000000001e-06
1085 8.36258e-13
1086 0.000685378
1087 0.00040938300000000003
1088 6.1176e-08
1089 3.03048e-08
1090 0.000308368
1094 0.930167
1095 0.000844767
1096 5.70958e-14
1098 8.201389999999999e-14
1099 0.00010504299999999999
1100 0.00830216
1103 1.98292e-05
1105 3.69683e-07
1108 6.08589e-05
1111 0.0838585
1114 0.000268632
1115 0.992885
1116 4.09413e-05
1117 1.1706100000000001e-06
1118 9.71177e-07
1120 0.00679526
1122 1.5641e-08
1123 2.39331e-06
1126 6.71515e-11
1128 4.52973e-07
1131 1.92545e-07
1132 1.2279300000000001e-05
1133 9.09959e-08
1134 4.8400300000000006e-08
1135 2.33838e-08
1138 8.4708e-08
1139 2.29793e-11
1141 0.000627731
1146 1.25006e-06
1150 1.88728e-12
1153 0.000240875
1155 5.31724e-05
1157 1.40664e-07
1159 5.8142e-05
1162 0.00021376599999999997
1163 5.48254e-06
1165 0.00736418
1167 3.18099e-06
1169 2.2586099999999999e-07
1173 2.31008e-07
1177 4.88165e-07
1178 0.992973
1179 4.16888e-07
1180 6.34845e-05
1181 9.703180000000001e-15
1183 1.85986e-07
1188 4.47659e-07
1189 1.08149e-07
1190 4.3980899999999996e-08
1193 0.000158501
1195 2.58585e-05
1196 2.0086300000000002e-07
1197 1.85882e-05
1198 3.4362199999999996e-10
1202 1.14236e-07
1208 3.7602800000000005e-05
1210 0.000137033
1213 0.000465527
1216 0.00012149200000000001
1217 6.3295e-06
1218 3.97504e-06
1219 0.0029671999999999997
1220 2.9239e-08
1222 0.000197723
1223 2.0526200000000002e-08
1227 0.0643225
1228 2.19193e-07
1232 6.22852e-05
1235 1.95842e-05
1238 4.11547e-14
1242 0.000869803
1243 1.65416e-06
1244 5.603909999999999e-07
1245 1.67195e-07
1246 0.0037516999999999997
1249 6.50776e-05
1251 1.80248e-05
1252 2.39774e-07
1253 0.00012218100000000001
1255 0.000241471
1256 0.000391881
1257 5.8624400000000004e-08
1261 4.14337e-06
1262 8.695800000000001e-18
1264 2.51142e-07
1267 3.27871e-06
1271 1.00966e-05
1275 2.67457e-06
1276 0.000490238
1278 0.9907040000000001
1280 2.02731e-07
1282 1.09416e-06
1283 7.45312e-05
1285 1.05866e-06
1291 4.24925e-05
1295 6.293e-09
1296 1.2535299999999999e-10
1297 2.0148900000000002e-08
1300 0.000228016
1301 6.35055e-08
1302 9.064210000000001e-06
1303 2.34089e-07
1305 0.00528333
1306 5.06267e-09
1307 1.0246e-06
1308 9.91148e-07
1313 7.55346e-07
1317 5.90813e-06
1318 0.000787685
1319 9.18363e-06
1320 0.00013069200000000002
1321 4.13227e-06
1322 7.39606e-08
1328 5.41519e-06
1329 0.03319930000000001
1331 5.56177e-10
1335 4.74911e-05
1336 7.00737e-14
1338 8.429160000000001e-10
1339 5.1389799999999994e-05
1340 1.1205199999999999e-05
1342 0.000160878
1344 5.21362e-07
1347 3.74273e-07
1349 0.000141929
1351 2.80624e-06
1353 1.67975e-11
1354 1.7046400000000002e-06
1355 0.00100553
1356 2.0346e-09
1357 3.4547899999999997e-07
1358 2.02309e-07
1359 0.672126
1363 3.1375599999999996e-06
1366 6.325059999999999e-07
1367 1.86769e-09
1368 2.3296500000000002e-06
1369 8.209999999999999e-13
1370 1.95205e-11
1372 5.29302e-07
1373 4.2217e-07
1374 1.4112000000000001e-06
1376 8.86521e-05
1377 0.00111901
1379 2.6750699999999996e-07
1380 0.000171245
1381 3.20536e-11
1382 0.00110473
1389 0.00112056
1391 2.80361e-08
1392 4.797210000000001e-10
1394 3.20972e-07
1396 0.0243613
1398 5.38037e-07
1399 0.00273473
1401 1.2500299999999999e-08
1403 1.0296400000000002e-09
1407 0.0122532
1410 8.6574e-05
1411 1.4369300000000001e-09
1412 1.91467e-05
1415 0.00205037
1416 8.05132e-08
1417 3.30495e-06
1419 2.17407e-07
1422 1.62347e-06
1423 6.54438e-05
1424 0.00102338
1425 0.000621351
1428 0.000342211
1429 1.0439700000000001e-05
1431 4.25048e-07
1433 2.7490100000000003e-05
1435 2.46696e-06
1437 6.36574e-08
1438 8.69066e-06
1440 4.750719999999999e-12
1446 3.10479e-09
1447 8.15202e-09
1448 0.0116336
1449 0.873658
1452 0.000296821
1454 2.98007e-05
1456 0.00021072900000000002
1458 0.00038744699999999997
1459 2.7519000000000002e-05
1461 4.46167e-05
1462 0.00832798
1469 2.16748e-06
1471 4.3452e-05
1473 1.23603e-05
1474 5.21376e-08
1476 1.5658500000000003e-10
1477 6.047020000000001e-09
1478 3.27296e-06
1482 1.36369e-06
1487 0.00877685
1489 5.060750000000001e-07
1491 4.21014e-08
1495 0.001458
1496 1.3091299999999998e-18
1500 6.52663e-08
1502 5.41769e-07
1503 3.5194e-05
1505 0.000462709
1506 2.0426600000000002e-05
1507 1.6836599999999998e-06
1508 0.00417641
1511 2.28629e-13
1513 8.65151e-07
1516 2.8327e-12
1518 2.3271899999999998e-07
1519 5.421419999999999e-06
1520 9.289160000000001e-06
1525 1.4387200000000002e-06
1527 1.54793e-06
1530 0.000280192
1533 2.3591e-06
1534 0.0739302
1535 0.00242462
1538 1.6165100000000002e-06
1540 1.9505000000000002e-06
1542 1.98052e-06
1546 7.89855e-10
1547 1.62098e-10
1549 1.99087e-10
1550 1.25532e-10
1551 1.21146e-11
1552 2.7527100000000003e-07
1558 3.3193599999999997e-06
1560 1.2053399999999998e-10
1562 1.4398799999999998e-08
1564 1.8271700000000003e-08
1566 4.84149e-06
1567 0.569878
1568 2.15254e-05
1569 8.344079999999999e-07
1570 3.5872600000000003e-09
1572 8.199629999999999e-13
1573 2.86222e-07
1574 0.0139024
1575 0.049862699999999996
1578 0.990575
1581 4.0116e-07
1583 8.66418e-06
1584 0.000337031
1585 2.0572e-07
1587 3.07688e-05
1589 0.000116706
1591 2.34225e-08
1592 4.02621e-05
1596 3.49067e-05
1599 4.214280000000001e-06
1600 2.51405e-05
1601 8.20595e-12
1602 2.2111099999999997e-06
1605 0.0157511
1606 1.36145e-11
1609 3.6861199999999997e-07
1613 4.1095199999999996e-07
1615 1.35899e-05
1616 0.0344306
1619 1.9023599999999997e-08
1620 5.21215e-11
1621 4.3858100000000003e-07
1623 1.90657e-08
1624 3.05411e-06
1625 0.000124959
1626 3.81658e-08
1629 1.91456e-05
1631 0.000255343
1634 0.000495058
1635 0.000688
1637 0.000504482
1639 2.40083e-09
1641 0.000344346
1644 3.67181e-05
1645 3.5228299999999996e-05
1646 0.000139385
1648 0.000661204
1652 6.49954e-05
1655 7.72789e-08
1656 2.94072e-07
1657 3.61419e-07
1658 1.1789000000000002e-07
1659 0.020675400000000003
1660 3.0546100000000005e-09
1663 4.07918e-07
1664 7.48172e-05
1665 0.8821260000000001
1666 2.2950999999999998e-05
1667 1.05278e-05
1668 0.00014879
1670 9.55943e-11
1671 0.00751865
1672 0.9974190000000001
1674 1.7123e-07
1679 6.393730000000001e-06
1681 2.6879800000000002e-06
1687 3.81e-05
1692 1.05383e-06
1694 3.47761e-11
1695 0.000505065
1696 3.19334e-07
1697 0.018622299999999998
1698 9.14811e-06
1700 2.5513e-05
1701 1.0414300000000001e-05
1702 9.81694e-10
1703 0.000130391
1704 3.28855e-09
1705 0.00644101
1706 3.9029000000000004e-07
1709 3.50645e-08
1710 7.16412e-08
1712 2.84688e-06
1715 0.000947632
1716 0.00173068
1719 7.386020000000001e-07
1720 3.2011599999999997e-06
1722 0.000437396
1728 1.22631e-06
1731 3.58499e-06
1735 2.30891e-06
1736 0.000223097
1737 3.85771e-09
1740 1.39548e-06
1742 8.99242e-06
1743 3.5556800000000005e-07
1744 1.15599e-07
1745 0.00265856
1748 1.2234500000000002e-09
1751 8.86525e-06
1753 0.33941
1757 3.7762199999999996e-05
1760 1.8474599999999998e-06
1762 2.68286e-06
1763 7.86434e-06
1764 0.00020455700000000001
1767 1.79092e-05
1769 1.6651e-05
1770 0.020531099999999997
1773 0.563345
1774 5.5140200000000004e-05
1776 7.71705e-05
1779 1.50183e-06
1781 0.00154861
1783 0.0006668189999999999
1786 0.0272357
1788 0.996049
1790 5.15717e-09
1791 1.3588e-05
1792 9.29889e-05
1794 1.28105e-07
1796 1.4448500000000002e-06
1798 1.8493299999999999e-09
1802 3.48563e-05
1803 0.707828
1804 7.74526e-07
1805 1.25652e-06
1808 6.88168e-07
1811 6.645069999999999e-07
1812 3.3221e-07
1813 2.92373e-05
1814 0.00165281
1815 0.9872360000000001
1817 0.031031599999999996
1819 6.634639999999999e-06
1820 9.80173e-07
1822 1.67656e-07
1823 0.000348703
1824 1.71985e-09
1826 0.000154479
1829 5.48462e-07
1831 3.23344e-10
1835 1.42598e-08
1838 4.90626e-12
1839 2.2261399999999998e-07
1844 9.61474e-07
1846 0.000196027
1848 4.66667e-09
1850 0.0006927319999999999
1851 9.27047e-05
1852 2.8906099999999998e-06
1856 1.73557e-05
1857 4.6490600000000005e-05
1859 1.23094e-11
1863 1.57871e-06
1865 6.463669999999999e-06
1866 1.0400799999999999e-05
1867 1.1476e-06
1868 1.0229100000000001e-07
1869 3.31862e-07
1871 1.22782e-11
1873 2.73586e-07
1874 5.36543e-09
1876 0.9967809999999999
1879 1.33377e-05
1880 1.2019000000000001e-05
1883 4.3219999999999997e-07
1884 0.0756029
1885 0.00254536
1886 5.44461e-06
1889 7.73937e-11
1890 2.6722900000000004e-06
1891 5.259749999999999e-09
1893 4.06163e-05
1895 0.000611652
1897 3.4656699999999993e-06
1900 0.000369132
1905 3.7650999999999997e-06
1908 1.63339e-08
1909 1.41546e-08
1910 0.000267191
1912 2.27153e-13
1913 1.36296e-07
1914 2.4514199999999998e-09
1916 7.29941e-13
1917 0.00466448
1919 2.8071900000000003e-08
1921 3.42552e-05
1923 3.27304e-08
1924 6.16475e-07
1925 2.15476e-10
1926 0.00200272
1929 7.672810000000001e-12
1935 0.200724
1939 4.03897e-05
1942 9.44422e-06
1943 1.44726e-05
1946 0.000286592
1947 0.000282811
1949 7.14281e-05
1951 0.000247688
1953 7.92395e-05
1955 0.8297559999999999
1956 2.31336e-05
1957 0.00028054
1959 1.01631e-14
1961 7.14333e-07
1965 0.000538941
1966 1.91141e-06
1967 2.47596e-11
1968 4.66776e-06
1969 3.5337600000000005e-05
1973 2.8321499999999996e-06
1974 0.00180066
1975 5.76641e-08
1979 0.00220583
1983 7.4362e-07
1984 6.6628e-05
1986 0.000504401
1987 2.79825e-06
1988 6.593450000000001e-10
1990 0.000461991
1991 1.03181e-11
1992 8.62961e-10
1993 1.13228e-05
1994 2.3432099999999997e-07
1996 3.9505499999999996e-07
1997 1.93358e-18
1998 2.67733e-06
2003 4.848189999999999e-09
2005 0.000144123
2007 5.13571e-09
2008 2.25519e-11
2009 0.344382
2010 2.49448e-10
2013 1.2204400000000001e-05
2014 5.3226099999999995e-06
2016 0.000295863
2017 4.9867600000000003e-05
2018 1.0303300000000001e-07
2026 1.5015900000000001e-07
2028 0.00098429
2029 0.00010962899999999999
2031 1.42397e-05
2032 0.750799
2033 1.11149e-07
2035 7.27723e-09
2038 0.0354851
2040 1.19794e-08
2041 0.00198929
2044 3.2988199999999997e-10
2046 0.011026600000000001
2048 2.72133e-07
2050 1.29966e-05
2052 0.000134461
2053 0.9733459999999999
2057 0.000302064
2059 4.619e-09
2060 1.19596e-05
2062 5.15413e-07
2065 2.29642e-05
2066 0.946211
2071 0.0008417810000000001
2072 0.00019893599999999998
2073 1.94071e-05
2074 7.97757e-05
2075 5.07081e-07
2076 5.0791499999999996e-05
2077 2.39651e-07
2078 5.9742e-10
2079 0.000300878
2080 0.05928049999999999
2081 5.391150000000001e-10
2084 8.0079e-08
2085 0.000812914
2087 1.49768e-06
2089 1.9794900000000002e-10
2092 0.0457559
2093 5.60475e-12
2097 2.6826700000000002e-05
2100 0.0013132999999999999
2103 8.4775e-10
2105 1.52279e-07
2106 5.00094e-10
2107 0.012590700000000002
2110 0.0158007
2111 3.3089199999999997e-07
2113 7.97867e-09
2115 0.000499558
2118 2.7968499999999998e-05
2119 1.8384000000000002e-05
2121 0.000379914
2122 7.4016e-05
2123 2.54799e-06
2127 1.7091600000000001e-09
2128 1.85343e-05
2130 3.23871e-07
2131 2.35052e-08
2133 1.1184500000000001e-05
2137 1.17109e-08
2138 8.429730000000001e-08
2141 2.7465499999999996e-06
2143 1.59295e-11
2144 0.000231782
2147 1.7733299999999997e-08
2148 0.997303
2149 0.000194745
2150 0.909323
2154 6.69351e-08
2157 3.1865300000000003e-06
2159 3.92607e-06
2160 1.39163e-07
2161 3.6387800000000005e-06
2162 6.77686e-06
2164 4.2746199999999995e-08
2167 6.11196e-05
2168 8.9455e-11
2173 1.6598e-05
2175 4.68597e-10
2177 1.19733e-05
2185 1.39401e-08
2188 2.1859100000000003e-07
2189 1.6321e-06
2195 4.09202e-06
2198 0.020191499999999998
2200 7.44265e-07
2203 9.05198e-06
2204 0.000147265
2205 4.86278e-08
2206 0.997397
2207 6.40276e-11
2210 0.0735305
2211 0.000349798
2216 0.00203955
2217 7.28947e-09
2222 7.550539999999999e-06
2223 0.000411684
2225 0.15748499999999999
2227 4.39804e-13
2229 1.05407e-06
2230 0.000166888
2231 1.5951e-05
2232 0.00036707
2235 0.000112137
2236 0.26609299999999997
2239 1.2833500000000002e-07
2240 2.1877800000000003e-05
2242 1.7994700000000001e-06
2243 0.000219235
2245 0.000357239
2246 0.00488763
2250 0.00015064
2252 1.19931e-07
2254 6.644889999999999e-06
2258 5.071439999999999e-09
2262 3.19579e-06
2264 0.0008152789999999999
2269 0.00022825900000000002
2271 7.70231e-09
2274 5.314739999999999e-07
2275 1.2350100000000002e-10
2282 2.19008e-07
2283 1.03061e-05
2286 2.49392e-08
2289 0.471803
2292 1.0360499999999999e-08
2294 3.59311e-09
2295 0.000161251
2296 0.00941959
2297 0.000243218
2298 1.54678e-06
2299 7.59923e-05
2301 2.30285e-07
2303 2.93149e-06
2304 1.2154200000000002e-08
2309 8.68156e-15
2312 2.77143e-06
2313 5.014630000000001e-06
2314 0.00075392
2316 8.83131e-05
2317 1.29656e-06
2319 1.40551e-08
2322 0.000260894
2325 8.525090000000001e-05
2326 3.709e-09
2327 1.00521e-10
2331 6.20088e-07
2336 2.55869e-10
2338 1.0482200000000001e-07
2339 3.30636e-05
2341 6.85889e-07
2344 0.000821487
2346 4.34949e-07
2349 0.000311394
2351 0.9938889999999999
2353 2.15095e-06
2356 3.4458699999999995e-08
2357 0.038263
2358 0.018274000000000002
2360 8.226130000000001e-06
2363 6.2654e-05
2365 2.37649e-06
2370 8.10167e-05
2379 1.3991200000000002e-08
2380 2.67667e-06
2381 0.0119058
2383 1.9093599999999996e-06
2386 0.872542
2388 5.18947e-06
2389 3.6547199999999995e-07
2390 0.00343938
2394 5.58729e-05
2395 0.00308728
2396 3.80624e-08
2397 4.28e-09
2398 0.00029696
2399 3.0681399999999997e-09
2400 1.48793e-08
2402 1.3840299999999998e-08
2406 8.17751e-05
2408 3.6163500000000005e-08
2409 1.7522099999999998e-06
2412 1.09707e-05
2414 0.00023945
2416 1.89318e-07
2418 0.647134
2421 2.72877e-05
2422 4.22467e-09
2424 0.844341
2426 2.36359e-15
2428 7.77484e-06
2429 2.45461e-06
2430 9.014229999999999e-08
2431 7.34801e-05
2432 0.00047239
2434 0.00014060600000000002
2438 1.5214400000000001e-05
2440 1.7741099999999998e-12
2446 3.12677e-08
2447 4.67034e-06
2449 0.00198282
2451 0.000334165
2453 3.66896e-08
2455 4.4876199999999995e-08
2457 0.284636
2463 2.2555599999999999e-07
2464 5.65653e-07
2467 2.3759099999999997e-08
2469 1.43173e-06
2473 2.9624200000000002e-08
2474 1.4142700000000002e-06
2475 4.677290000000001e-10
2482 0.00880661
2484 0.00643596
2485 8.707410000000001e-07
2486 1.48211e-07
2487 0.9380950000000001
2488 3.09298e-11
2489 3.8861999999999995e-05
2495 0.000253126
2498 7.003719999999999e-06
2499 0.000136322
2503 6.22111e-07
2506 4.4136499999999996e-07
2507 8.424e-05
2509 2.6141999999999998e-05
2510 6.876930000000001e-12
2511 0.017908900000000002
2515 0.00065439
2516 1.8486599999999998e-07
2517 7.86355e-09
2521 0.992099
2522 7.85725e-07
2526 2.80147e-06
2527 1.59793e-11
2528 5.0969e-05
2530 4.28206e-07
2531 2.09484e-12
2532 0.957959
2535 4.76156e-10
2536 4.7229799999999996e-07
2538 3.1960700000000002e-06
2541 6.137130000000001e-09
2543 0.00515863
2548 1.23383e-05
2550 4.7829500000000005e-06
2551 1.67233e-06
2552 0.0008289819999999999
2553 0.000679505
2556 5.69938e-05
2557 2.86578e-11
2560 1.36678e-05
2562 1.98835e-05
2568 1.07466e-08
2570 0.00017910599999999998
2573 4.1038299999999996e-05
2574 5.0213900000000003e-08
2575 7.134239999999999e-07
2576 0.00842196
2577 4.7514e-12
2580 0.49447299999999994
2581 4.78949e-05
2582 0.037442699999999995
2583 0.00176207
2587 5.80748e-06
2588 3.46835e-07
2591 1.03305e-06
2592 1.4818e-11
2596 1.2431599999999999e-07
2597 5.319850000000001e-07
2601 3.37201e-11
2602 5.65491e-07
2604 6.50942e-07
2607 6.598239999999999e-07
2608 2.0451300000000002e-05
2610 0.0170275
2612 9.211129999999999e-09
2614 0.000170498
2616 3.37909e-05
2617 3.56705e-07
2619 7.083e-07
2620 4.40017e-06
2622 0.211925
2623 8.03396e-05
2624 0.00011528200000000001
2626 2.7668399999999996e-07
2628 1.46578e-05
2629 0.000365133
2630 1.12938e-09
2631 3.22411e-05
2638 2.47416e-09
2639 1.5236800000000001e-05
2640 1.12809e-06
2642 2.43181e-07
2644 5.07535e-05
2650 1.79734e-07
2651 0.00100354
2652 1.76499e-05
2654 3.840719999999999e-06
2655 0.0004916640000000001
2656 2.8471799999999997e-09
2660 1.3611500000000002e-05
2661 1.6934599999999998e-10
2663 3.53691e-06
2665 0.00208738
2671 6.47167e-05
2672 0.000366028
2673 3.98704e-09
2674 1.34898e-06
2676 0.00276591
2679 0.0064177999999999995
2681 6.92552e-07
2685 6.84188e-07
2686 1.98722e-06
2687 0.00019040000000000002
2688 0.877347
2692 0.00459685
2694 2.1926400000000002e-08
2698 3.3186900000000003e-12
2700 0.0035665
2701 0.0007716439999999999
2703 0.0364317
2705 6.414450000000001e-06
2707 0.000702293
2708 3.3965100000000003e-06
2711 0.0033738
2712 1.6861900000000002e-06
2716 1.2020899999999999e-05
2719 7.983050000000001e-05
2720 3.31043e-05
2724 6.28794e-08
2725 4.5833300000000003e-07
2726 8.09944e-06
2728 8.74008e-05
2729 9.81216e-09
2731 1.19191e-09
2733 2.92445e-11
2736 2.9742200000000003e-07
2739 1.71095e-07
2740 1.9385e-05
2742 0.000199788
2743 5.08999e-05
2746 7.26063e-05
2748 4.08833e-05
2750 6.21608e-05
2752 2.2849499999999998e-07
2753 2.02212e-05
2754 0.00112168
2756 2.57263e-05
2758 0.0007340080000000001
2761 0.00042778900000000003
2764 4.92176e-12
2768 0.04739430000000001
2769 0.0188472
2770 0.0009804310000000001
2771 0.9898620000000001
2773 0.000608249
2777 3.5708099999999996e-06
2780 5.0875100000000004e-05
2781 1.63175e-05
2787 3.91037e-07
2788 0.00038462
2789 7.06872e-05
2790 3.79216e-05
2792 1.7307800000000002e-10
2793 0.00068396
2797 0.928534
2799 1.5615800000000001e-07
2802 1.13193e-05
2805 2.30363e-07
2806 1.9250999999999997e-07
2808 4.85167e-06
2809 3.6802499999999996e-06
2811 0.027199200000000003
2813 1.8420400000000002e-06
2814 1.09591e-06
2818 0.000894241
2819 5.4576e-05
2821 0.00019570700000000002
2822 9.54958e-05
2823 1.05756e-06
2824 7.47099e-05
2825 6.26983e-13
2828 0.00237244
2829 3.2249099999999997e-06
2830 1.85775e-10
2831 7.56434e-14
2832 0.0102833
2837 0.00463725
2839 2.2243099999999997e-09
2840 1.4594799999999998e-06
2843 7.28445e-05
2846 1.2461099999999998e-05
2849 3.07992e-05
2850 6.5158e-07
2851 0.000128894
2852 1.67204e-05
2853 7.0241499999999995e-06
2856 9.231020000000001e-09
2857 1.98192e-09
2860 8.806050000000001e-08
2861 2.44448e-06
2862 3.16215e-06
2863 0.000165716
2865 0.00021879400000000002
2871 4.02999e-05
2872 0.000130359
2874 1.3892199999999999e-09
2876 4.012869999999999e-08
2877 3.60164e-06
2878 4.0467199999999994e-06
2882 0.00118068
2883 0.012723299999999998
2885 5.62485e-07
2887 0.00164731
2888 4.30723e-09
2890 0.967928
2892 2.1504899999999998e-07
2894 0.020911700000000002
2895 7.74494e-05
2897 0.29270999999999997
2898 0.34016399999999997
2900 7.23723e-06
2902 1.20975e-05
2903 3.46049e-05
2904 2.5187200000000003e-06
2905 1.50088e-06
2907 6.12097e-06
2908 9.47906e-09
2909 9.108459999999999e-07
2911 6.583520000000001e-05
2918 2.03444e-07
2920 0.0006653010000000001
2921 0.000513593
2922 3.90011e-05
2923 2.79556e-08
2925 0.000184065
2926 0.00131529
2927 6.600349999999999e-06
2928 0.004181399999999999
2929 0.904041
2930 4.46505e-05
2936 7.750950000000001e-10
2945 1.46044e-05
2948 1.5264300000000002e-05
2949 2.47276e-06
2950 9.106440000000001e-05
2951 1.02041e-05
2955 3.43648e-05
2959 0.000348261
2961 5.4675699999999996e-08
2964 8.8341e-07
2968 1.64211e-09
2970 4.01663e-10
2971 9.40798e-05
2972 1.87812e-05
2973 6.40246e-10
2974 0.00019214700000000002
2979 0.9040219999999999
2980 2.4059599999999997e-06
2981 1.77851e-05
2982 0.00027125099999999997
2983 0.00029915599999999997
2985 9.84913e-05
2991 3.2118099999999997e-06
2993 0.00517346
2996 2.80608e-06
2997 2.46433e-07
2998 0.9999469999999999
2999 3.0891799999999997e-13
3001 0.00587782
3006 5.10894e-07
3010 9.82404e-06
3012 0.000644688
3014 0.016678
3016 0.000157627
3018 2.78012e-07
3019 3.4363600000000004e-05
3020 2.00073e-05
3022 6.17231e-06
3025 4.4111400000000005e-08
3026 0.00134798
3029 1.35267e-07
3030 0.000763845
3033 6.4136e-08
3035 6.72227e-07
3036 5.28938e-05
3037 0.014275799999999998
3040 4.27274e-08
3041 5.71992e-07
3043 0.00377595
3046 1.14422e-09
3048 1.58203e-06
3049 4.04211e-05
3050 3.03715e-09
3052 2.05279e-07
3055 0.0420185
3059 0.180145
3060 5.94999e-12
3062 1.84127e-08
3067 1.8971699999999998e-07
3068 2.43417e-05
3069 1.34799e-06
3070 2.0446800000000002e-05
3071 2.32987e-06
3073 7.23696e-05
3075 3.46965e-06
3076 2.0471900000000002e-07
3079 9.217879999999999e-05
3080 5.85285e-10
3081 7.28566e-06
3084 9.12931e-06
3087 6.51576e-08
3091 0.00010585399999999999
3095 0.000808443
3096 0.00760396
3097 0.979281
3099 2.6358900000000003e-08
3101 4.61413e-05
3104 0.049446
3109 4.6731900000000006e-07
3111 2.58562e-07
3113 6.54253e-10
3114 0.000249355
3115 3.48628e-09
3119 2.15174e-10
3123 0.000568457
3125 2.5639e-08
3128 0.015504800000000001
3130 9.73968e-13
3131 0.019868
3132 1.53529e-05
3136 1.05672e-09
3139 4.5683e-06
3141 5.37444e-06
3143 2.43414e-06
3144 0.0010669
3148 2.2994099999999997e-05
3151 3.49205e-08
3152 0.00143677
3153 4.36743e-06
3156 6.937050000000001e-06
3158 1.03548e-06
3160 0.000105637
3166 3.62088e-07
3167 8.123139999999999e-07
3168 0.000231463
3171 1.00472e-07
3172 4.6166000000000005e-05
3173 0.000418135
3174 4.14213e-08
3179 0.00300474
3180 7.7454e-09
3182 0.000248217
3187 0.000550542
3190 3.9506399999999995e-09
3191 2.05435e-05
3192 3.66178e-07
3193 4.4214599999999997e-07
3196 6.46978e-10
3197 4.36248e-09
3198 1.03291e-06
3201 0.00037553699999999995
3203 0.9948899999999999
3206 9.03923e-07
3208 2.03326e-07
3209 0.00043702599999999997
3212 0.000804002
3215 0.00620478
3217 6.666280000000001e-08
3220 0.000142028
3221 0.001308
3222 6.42404e-07
3224 1.24394e-07
3225 2.68412e-05
3226 5.5894300000000005e-05
3227 4.2397699999999994e-10
3230 0.000115945
3232 4.09129e-05
3234 0.000356837
3235 0.000596653
3237 2.87748e-05
3238 5.74463e-10
3241 0.000318121
3245 0.00652203
3246 3.5314e-09
3248 1.21526e-09
3249 3.15732e-12
3251 3.15709e-10
3252 7.172710000000001e-08
3257 2.55836e-08
3263 0.000272278
3264 1.2985399999999998e-06
3265 9.02243e-05
3266 8.93997e-09
3267 1.15082e-09
3268 1.4844e-06
3275 0.00021698599999999999
3276 3.3528e-08
3277 2.03348e-10
3278 3.7121100000000003e-09
3281 9.819469999999999e-07
3283 1.74101e-09
3286 0.997909
3287 3.8620099999999997e-08
3288 0.00567915
3289 0.000852844
3291 2.461e-09
3295 1.0008999999999999e-08
3297 8.048650000000001e-07
3298 6.73899e-05
3302 2.8246599999999998e-05
3304 7.63684e-07
3305 1.13321e-06
3306 2.69267e-11
3309 1.49489e-12
3310 3.75394e-14
3312 4.48954e-10
3314 1.20034e-08
3315 4.89354e-07
3317 5.652919999999999e-06
3318 8.42976e-07
3319 1.55167e-05
3321 4.15362e-05
3322 3.938080000000001e-06
3323 6.4604e-08
3324 5.84199e-08
3326 7.823510000000001e-13
3328 1.17003e-07
3329 1.3090999999999999e-06
3332 7.759789999999999e-10
3333 1.2908100000000001e-08
3334 6.52111e-05
3340 5.1105099999999995e-06
3341 1.4693200000000002e-08
3342 0.000118588
3345 0.0014145
3346 5.8099099999999995e-08
3347 0.00047074
3348 0.000145613
3352 2.60683e-08
3353 6.36961e-10
3357 6.9220600000000005e-12
3358 1.54919e-05
3361 0.029602299999999998
3364 2.78368e-08
3366 0.000169935
3368 7.51013e-05
3371 5.0091e-08
3372 3.58086e-07
3375 2.99358e-08
3378 1.09675e-06
3381 4.95116e-07
3383 0.00019423700000000002
3384 1.4234700000000001e-05
3385 4.85681e-07
3387 1.4211700000000002e-10
3388 6.27462e-10
3389 4.6690600000000004e-07
3393 1.51178e-05
3394 1.63155e-05
3399 3.87726e-06
3400 1.30196e-11
3402 2.33109e-07
3405 9.473580000000001e-10
3409 0.000262118
3411 1.2519000000000002e-05
3414 2.43485e-06
3418 2.8815500000000002e-05
3423 6.42428e-05
3426 0.00054361
3427 2.2213e-10
3428 0.0336479
3431 3.51675e-05
3432 0.010782799999999999
3434 4.40493e-06
3437 9.94392e-07
3438 1.23556e-06
3440 1.37298e-09
3442 4.60062e-07
3445 1.24967e-05
3446 0.000190087
3447 8.254769999999999e-08
3448 4.23068e-11
3454 1.8781200000000002e-06
3456 2.25594e-07
3457 0.949055
3459 2.12538e-06
3460 6.64521e-07
3463 3.99596e-05
3467 3.98842e-12
3471 2.34732e-06
3472 5.42854e-05
3473 0.000363292
3474 0.999676
3475 0.00288703
3476 0.15454
3478 0.0011263
3479 3.4655099999999996e-07
3480 7.05645e-06
3481 2.3578800000000002e-05
3482 6.691530000000001e-07
3483 4.46408e-05
3485 1.92697e-05
3486 0.00150086
3488 6.4588e-05
3490 2.6016200000000003e-06
3494 5.679919999999999e-06
3495 0.00590245
3498 0.0203605
3501 8.73356e-08
3502 3.33637e-05
3503 1.15555e-06
3504 7.6302e-07
3505 9.64945e-12
3507 8.648400000000001e-10
3512 2.8879299999999996e-09
3513 0.642306
3514 7.68741e-09
3515 2.43386e-05
3517 5.78588e-05
3520 1.33447e-05
3523 0.000140124
3526 0.00018773599999999998
3527 2.2658900000000003e-06
3531 2.0681199999999998e-05
3532 1.00418e-05
3533 0.00363264
3534 2.16303e-15
3535 1.6821400000000002e-06
3538 3.2374500000000002e-06
3540 7.5872e-07
3541 1.00519e-07
3542 4.84557e-08
3543 1.67685e-06
3544 0.000191657
3545 5.435720000000001e-09
3547 0.92058
3552 1.39336e-06
3553 2.7230400000000003e-06
3557 0.000975223
3558 1.1887e-05
3559 0.0038194
3560 3.413e-11
3561 3.01657e-05
3562 0.00014814399999999998
3563 0.00683677
3568 0.982562
3569 1.96048e-05
3570 3.18983e-05
3571 0.00177696
3572 2.79459e-17
3573 2.96281e-06
3574 1.59393e-10
3578 3.50299e-07
3579 0.000114797
3581 1.75148e-06
3582 2.25985e-05
3583 4.09541e-05
3584 8.88138e-07
3590 4.1436800000000005e-08
3591 4.18918e-06
3592 5.707520000000001e-07
3595 1.25955e-05
3598 0.000234725
3600 8.281799999999999e-07
3601 0.9988450000000001
3602 4.99707e-05
3607 2.22182e-07
3610 8.291560000000001e-06
3612 0.000199503
3613 0.218681
3615 5.73726e-08
3616 6.85502e-05
3617 2.31476e-06
3619 1.86982e-05
3624 0.000200594
3626 4.0715900000000007e-08
3630 8.568040000000001e-07
3631 4.6079e-05
3633 0.00519254
3637 0.8552360000000001
3641 6.20007e-08
3643 0.000247608
3647 5.42746e-11
3649 2.26175e-06
3650 2.07116e-07
3652 0.0216207
3653 0.0005191169999999999
3659 7.56632e-05
3661 0.000711727
3665 2.90173e-08
3666 3.6321e-08
3668 6.12457e-07
3670 9.86025e-10
3672 0.000134938
3676 1.25749e-06
3677 1.75623e-08
3680 9.37471e-06
3682 1.59368e-09
3683 7.2065299999999995e-09
3686 1.99908e-09
3687 0.46572700000000006
3689 0.997066
3692 0.0013267
3693 3.56445e-07
3697 4.8496e-06
3701 0.00196979
3702 3.66045e-07
3707 8.730830000000002e-06
3710 0.800623
3712 0.000263725
3715 7.21507e-05
3716 0.000503406
3718 1.9142e-07
3719 2.32716e-07
3720 1.5633e-05
3723 0.00021826400000000002
3724 3.4908900000000004e-07
3725 1.59995e-08
3726 1.91909e-09
3728 2.37076e-07
3730 4.1107e-13
3731 6.27555e-05
3733 1.3079100000000002e-05
3734 1.33799e-05
3736 3.02428e-06
3737 7.608689999999999e-08
3738 0.00500639
3739 6.03371e-10
3741 0.000626079
3742 2.9775999999999997e-05
3744 1.38632e-06
3745 1.60297e-05
3746 4.0819499999999996e-13
3747 3.3021e-07
3755 2.6900599999999998e-05
3756 0.000108018
3757 7.32645e-09
3761 6.939569999999999e-08
3762 0.00967811
3764 3.98212e-06
3765 1.5683e-07
3766 6.25165e-12
3768 2.18022e-10
3769 2.3034200000000002e-10
3770 2.10613e-08
3771 2.74054e-05
3775 0.00014214
3776 6.30333e-11
3777 0.9627530000000001
3778 8.21348e-07
3782 3.80063e-07
3785 1.36067e-10
3787 4.76697e-11
3789 0.00137502
3794 0.000924178
3795 1.80916e-10
3799 0.0495082
3800 5.58035e-07
3801 1.06945e-13
3802 7.94392e-11
3804 3.99417e-10
3805 1.1956799999999998e-08
3810 7.71182e-08
3812 9.54609e-07
3813 2.20837e-09
3815 1.13586e-07
3816 3.01207e-08
3819 1.8737799999999999e-10
3822 1.21824e-13
3823 1.41973e-05
3825 2.24986e-10
3829 0.979151
3831 1.19856e-06
3832 0.00156779
3833 4.31007e-12
3836 0.121369
3839 7.664090000000001e-05
3840 2.9209699999999997e-06
3841 7.8665e-07
3842 1.67055e-11
3843 0.8751530000000001
3850 0.000509314
3851 8.30097e-08
3852 4.1287799999999995e-05
3853 7.91909e-07
3854 1.15402e-06
3858 5.90735e-05
3862 0.00032011400000000003
3864 1.8840200000000002e-06
3867 7.32718e-05
3870 2.6995500000000003e-05
3873 0.9857379999999999
3875 6.09001e-05
3878 3.38243e-05
3880 1.13415e-08
3881 0.000447915
3882 0.00012561
3883 0.9941059999999999
3884 2.9005900000000003e-08
3888 4.57036e-08
3892 5.89567e-05
3893 6.787260000000001e-09
3894 2.91798e-07
3896 1.62142e-05
3897 0.00154894
3900 0.0653895
3901 4.53166e-05
3902 2.1152799999999998e-06
3903 3.08437e-06
3904 0.00333919
3906 5.16594e-09
3908 0.776092
3909 2.5424600000000003e-09
3910 2.35393e-08
3914 3.09561e-05
3916 0.00021522700000000002
3917 3.3543e-08
3920 5.3747500000000005e-06
3922 0.000631498
3925 5.55456e-07
3927 0.000510895
3928 2.4900800000000003e-07
3929 2.6051100000000002e-05
3930 0.24223000000000003
3931 0.000539874
3933 2.4244599999999998e-08
3934 6.993150000000001e-10
3938 0.000509468
3940 0.000102604
3942 0.000110993
3943 8.32526e-07
3944 2.2085100000000003e-05
3950 0.00435947
3951 0.000105642
3952 2.83515e-09
3955 3.96491e-05
3958 0.00190049
3959 7.385729999999999e-07
3962 0.12937200000000001
3964 5.2228e-09
3967 0.000111468
3968 4.66968e-05
3972 1.25346e-05
3975 0.00393064
3976 1.21245e-14
3977 1.24514e-10
3978 2.5137399999999998e-05
3980 6.891840000000001e-07
3981 1.1045e-07
3982 0.159366
3985 1.27996e-09
3989 5.48943e-11
3995 0.00035141800000000004
3999 1.21834e-06
4000 3.86818e-09
4001 0.820334
4002 5.67532e-08
4004 0.000787551
4006 0.00023919
4007 0.432302
4018 2.0333299999999997e-08
4021 1.24819e-09
4022 0.000625047
4024 1.3433700000000002e-08
4026 2.40893e-06
4027 4.31843e-08
4029 3.04823e-05
4030 2.42271e-06
4032 6.661190000000001e-07
4036 5.6125199999999996e-12
4038 2.1209099999999997e-06
4040 1.15733e-06
4041 0.000153162
4042 3.29645e-06
4043 2.98772e-06
4044 0.00011122799999999999
4045 6.51362e-09
4048 8.749379999999998e-09
4049 3.4169e-08
4050 1.82278e-12
4053 1.0508299999999999e-05
4054 2.40526e-07
4055 1.38494e-07
4056 7.933960000000001e-06
4059 1.67361e-07
4061 0.00333553
4062 9.024649999999999e-07
4063 1.08548e-09
4064 1.48502e-07
4065 6.85656e-05
4068 2.0586700000000003e-06
4070 2.45673e-11
4071 1.56454e-07
4072 0.000424404
4074 6.21749e-06
4078 0.000260885
4079 6.445679999999999e-06
4080 9.023550000000001e-07
4081 2.8702e-07
4083 1.14258e-13
4084 6.582560000000001e-08
4086 0.000235707
4088 0.000228647
4090 0.00377569
4094 1.38845e-06
4096 0.000157522
4097 7.771240000000001e-07
4098 0.029420599999999995
4099 4.83902e-05
4101 5.28734e-08
4103 6.72791e-05
4104 0.000354474
4107 0.00731328
4109 1.09813e-06
4112 1.2340000000000001e-11
4114 5.00621e-09
4115 0.000654172
4116 1.77517e-06
4118 6.429630000000001e-06
4119 3.4672199999999996e-05
4123 0.000351533
4124 3.24832e-11
4125 2.23602e-08
4126 1.60824e-05
4127 4.2416800000000004e-05
4128 6.385320000000001e-08
4130 0.0084604
4132 6.10269e-09
4134 0.000125816
4139 5.50014e-08
4144 0.00573243
4147 0.000551948
4151 5.24097e-05
4153 0.000265351
4154 4.7111300000000004e-05
4155 3.0295500000000003e-07
4156 0.0800052
4157 2.48746e-08
4159 1.58322e-05
4160 5.192740000000001e-08
4161 2.73086e-09
4162 0.00243394
4165 8.23127e-08
4166 6.11915e-05
4167 1.20398e-05
4172 0.000139491
4173 0.00143455
4175 0.000295403
4176 1.32867e-13
4177 1.9616299999999998e-07
4179 2.11734e-07
4180 1.09748e-08
4181 1.1047200000000001e-06
4182 0.994084
4183 5.883809999999999e-06
4184 0.00236321
4187 0.0104277
4188 7.264760000000001e-08
4197 0.0008636239999999999
4198 1.0037200000000001e-07
4199 2.44624e-07
4202 5.49951e-06
4206 3.40826e-09
4207 1.8761599999999999e-06
4208 8.770900000000001e-06
4210 8.50446e-07
4211 0.0173001
4213 7.395579999999999e-09
4214 4.45529e-09
4216 0.000309982
4217 3.72812e-11
4218 0.000500253
4219 1.14628e-05
4222 9.801819999999999e-07
4225 2.6048200000000003e-10
4226 3.22593e-08
4227 0.00173378
4233 4.96564e-05
4234 0.00101031
4235 0.959441
4236 1.40727e-07
4238 1.22714e-05
4240 0.00584019
4243 2.13568e-07
4245 0.000116626
4248 0.000487395
4249 9.22085e-05
4250 2.86753e-07
4251 5.897220000000001e-17
4252 1.95608e-06
4254 3.97798e-12
4260 2.07952e-11
4261 0.989608
4262 0.0042727
4266 0.000198231
4267 2.2431400000000003e-08
4268 6.322230000000001e-06
4276 5.84466e-06
4277 0.010922
4278 5.62872e-06
4282 0.000609902
4285 1.8391600000000002e-05
4288 1.95429e-11
4289 4.0741e-07
4290 5.18406e-06
4294 2.9357099999999995e-06
4297 3.54532e-08
4299 2.75808e-09
4301 1.2259499999999999e-06
4302 6.627200000000001e-06
4305 0.00107148
4306 0.0017232
4308 2.58509e-05
4309 0.073067
4311 1.25875e-06
4313 1.59802e-05
4314 3.9884400000000003e-08
4316 0.00190703
4317 0.00938575
4319 3.11105e-07
4320 2.18976e-06
4324 0.99965
4328 9.57386e-07
4330 1.27706e-06
4332 0.0571972
4334 1.5535e-06
4335 9.62459e-09
4336 1.7420899999999998e-05
4337 5.18708e-05
4340 5.320620000000001e-09
4342 1.30229e-10
4343 2.41032e-06
4344 6.63382e-08
4348 0.00016173200000000002
4350 1.28731e-08
4353 1.1684e-10
4355 1.691e-06
4357 6.00531e-05
4358 0.000277728
4362 4.4214599999999994e-14
4363 0.000296059
4366 6.862610000000001e-06
4373 1.9778e-06
4374 4.756669999999999e-10
4375 2.82995e-05
4377 0.00895305
4378 6.219049999999999e-06
4381 0.00024234900000000002
4382 2.73106e-07
4383 3.21918e-05
4385 0.00616127
4388 0.981784
4393 0.0811403
4394 3.5905e-12
4395 2.54457e-14
4398 9.67373e-06
4399 0.000428525
4400 1.84757e-11
4401 3.01211e-07
4402 5.04175e-08
4403 4.90125e-19
4406 5.57086e-13
4407 4.99703e-05
4408 6.54464e-06
4410 1.60184e-08
4412 2.52736e-05
4413 3.5067199999999997e-09
4414 0.9889120000000001
4415 2.43287e-05
4416 3.1416e-06
4417 9.34705e-12
4418 1.67736e-10
4419 4.1797400000000003e-07
4420 4.79939e-06
4422 0.011745299999999998
4425 1.8761900000000002e-15
4426 1.3028199999999998e-09
4427 8.91929e-09
4428 7.63494e-06
4431 0.479738
4435 3.5893699999999995e-06
4440 2.4087900000000003e-06
4442 0.0026166
4443 0.012056200000000001
4444 6.15105e-09
4445 9.53333e-05
4447 6.16878e-08
4448 1.79936e-10
4449 4.73906e-07
4451 4.61985e-06
4453 1.0070000000000001e-07
4454 0.00229512
4456 7.3103399999999995e-06
4458 8.67269e-05
4460 6.89135e-06
4461 5.45586e-09
4462 3.34157e-06
4465 6.715210000000001e-10
4467 8.67653e-12
4469 2.89157e-06
4472 6.29553e-12
4473 0.985877
4475 1.94064e-05
4476 2.4132499999999997e-06
4477 0.00579397
4478 2.439e-10
4480 1.85546e-05
4482 2.32101e-06
4483 0.94347
4485 0.0007417410000000001
4486 5.45633e-09
4489 1.66717e-05
4491 3.87945e-07
4492 2.05335e-05
4497 0.00925731
4501 5.808699999999999e-07
4503 1.21017e-07
4504 3.16049e-07
4505 0.252565
4506 8.4988e-07
4511 1.6146600000000001e-06
4513 0.000190717
4515 1.1951700000000001e-09
4516 3.00225e-05
4521 0.00251109
4522 3.44023e-05
4523 6.69168e-07
4525 2.08201e-05
4529 7.8127e-09
4531 0.000195305
4533 2.05603e-06
4534 0.000487655
4536 4.0229900000000004e-06
4538 1.8474e-05
4541 0.000113219
4543 0.00011049600000000001
4545 1.77952e-07
4546 6.4911e-08
4547 5.72308e-11
4550 0.0008192869999999999
4554 1.8413099999999997e-06
4556 1.2800299999999998e-06
4557 8.5831e-05
4559 1.03835e-05
4560 5.95064e-06
4561 0.00123683
4564 5.98233e-07
4567 9.99458e-07
4568 1.07305e-07
4569 1.98688e-06
4572 1.2231300000000001e-05
4573 0.000593562
4575 2.43617e-05
4577 8.68057e-11
4578 1.20556e-05
4580 5.72101e-05
4582 3.45787e-08
4583 3.78951e-05
4586 0.00136813
4589 0.0158256
4590 1.47757e-06
4593 8.21561e-07
4594 0.00019225900000000002
4596 0.00237303
4598 8.81605e-07
4599 2.49463e-09
4602 8.09587e-06
4603 0.732597
4608 0.000393041
4610 3.8790699999999994e-06
4613 0.00760391
4614 1.0533099999999999e-05
4615 0.000196081
4616 2.7576299999999998e-08
4617 2.8460400000000006e-06
4619 0.00115584
4620 0.00201403
4621 0.00243075
4624 0.098048
4629 7.11172e-05
4633 0.018603900000000003
4635 0.00270728
4637 2.87701e-23
4638 0.864202
4639 0.00189721
4640 2.16843e-07
4641 2.2469e-06
4642 2.71329e-05
4645 5.4560300000000005e-12
4646 0.05859690000000001
4650 1.0279399999999999e-08
4657 0.00012622
4658 0.00195885
4659 1.69812e-07
4661 3.1084800000000005e-10
4663 0.017759599999999997
4664 3.67269e-05
4665 1.78285e-06
4666 1.23898e-06
4667 1.4613999999999999e-06
4668 5.31891e-07
4669 0.000324219
4670 0.000539974
4677 4.08773e-06
4678 1.7400999999999999e-06
4680 6.47234e-13
4681 0.6433369999999999
4684 0.000108244
4688 3.62509e-11
4690 2.5455599999999996e-10
4695 3.19553e-05
4696 2.41301e-05
4697 2.21072e-12
4698 1.2116500000000002e-05
4700 1.86919e-05
4703 1.0620499999999999e-09
4704 1.70524e-06
4709 0.0005766009999999999
4711 0.9990899999999999
4712 7.581849999999999e-06
4713 0.000188287
4716 7.1707e-08
4717 7.992010000000001e-10
4720 1.6959499999999998e-07
4721 0.00020571
4724 2.0135099999999997e-08
4725 4.4910500000000005e-09
4726 1.98198e-05
4728 0.0131567
4729 3.64761e-06
4730 5.50062e-06
4731 5.52693e-05
4733 3.12716e-06
4734 3.69246e-06
4736 2.86613e-06
4738 0.00143448
4739 0.00015107
4740 4.03456e-05
4741 0.046650800000000006
4744 4.77088e-05
4745 6.90884e-11
4749 3.8468400000000004e-06
4751 0.931844
4752 8.82375e-05
4755 0.00010186
4756 0.00035948800000000004
4757 2.16861e-10
4758 7.32661e-10
4759 6.29357e-08
4762 3.76174e-08
4763 3.7024e-09
4764 0.00977785
4765 2.3331e-08
4766 2.68347e-05
4767 5.54821e-08
4769 1.6909500000000002e-07
4771 4.46027e-07
4772 2.9482800000000002e-05
4774 1.82501e-05
4775 0.000204973
4778 0.000366099
4780 0.000287562
4781 4.79087e-06
4784 1.10029e-06
4787 1.3461399999999999e-08
4791 2.12513e-08
4795 1.8827e-05
4798 1.88027e-05
4800 2.84272e-09
4802 0.00367416
4803 1.6221299999999999e-06
4804 0.000163085
4806 2.84806e-05
4807 1.36981e-05
4809 1.0103000000000001e-10
4810 1.24217e-05
4811 6.66027e-07
4813 5.02041e-08
4817 0.204543
4819 2.4243599999999998e-06
4820 1.01615e-05
4821 0.0154719
4822 4.628069999999999e-09
4824 1.87832e-12
4827 5.57689e-07
4829 4.88703e-08
4833 3.8042700000000005e-07
4835 5.8985900000000004e-08
4838 0.00011437200000000001
4843 3.2341200000000002e-06
4844 0.026186400000000002
4845 5.78828e-11
4847 0.00044461
4851 2.71165e-07
4853 0.592254
4854 2.1569e-08
4855 1.6669799999999998e-06
4858 2.37421e-05
4860 6.535059999999999e-08
4861 2.03924e-11
4862 5.45734e-05
4864 1.6170799999999998e-05
4865 0.0007703419999999999
4870 4.07592e-07
4871 0.170785
4874 2.2076e-06
4875 0.00013074200000000002
4877 7.47173e-08
4880 6.61497e-06
4881 4.71597e-05
4883 0.000174405
4884 5.07533e-09
4887 3.53481e-06
4888 7.56956e-05
4889 5.24033e-10
4891 1.1596199999999999e-07
4892 0.000412826
4893 0.000196057
4894 4.5385199999999995e-06
4899 3.2032e-06
4900 0.00849848
4901 0.0008618110000000001
4904 4.98285e-16
4906 1.4942600000000002e-06
4908 2.34267e-05
4909 1.7091900000000002e-09
4914 4.4577200000000004e-05
4915 1.72465e-10
4917 3.22549e-11
4918 1.79727e-09
4919 3.71831e-05
4920 0.00129693
4921 0.9848020000000001
4922 6.37926e-07
4923 2.27929e-09
4924 1.09421e-05
4925 6.27411e-07
4927 6.87377e-06
4930 1.51925e-05
4932 1.1527999999999998e-07
4933 8.39311e-05
4934 3.89359e-05
4937 0.00511858
4940 3.86796e-07
4941 2.21857e-07
4942 1.2995799999999998e-07
4944 0.00010842299999999999
4945 1.6047899999999998e-06
4947 0.000181334
4949 0.000371059
4952 0.9859030000000001
4957 9.72358e-06
4959 4.6315399999999997e-07
4964 4.6715e-06
4965 0.0512942
4969 4.72968e-07
4970 2.2025599999999996e-06
4971 1.37639e-08
4975 2.1174899999999995e-09
4978 7.128020000000001e-05
4979 1.21215e-07
4980 0.00102392
4981 1.67983e-11
4988 0.00444395
4989 6.4265e-05
4993 8.5645e-07
4996 9.644580000000002e-10
5000 6.68944e-12
5002 4.838149999999999e-09
5005 9.37864e-06
5008 2.99317e-11
5009 2.22112e-09
5010 1.8431e-05
5011 0.320851
5012 5.62205e-05
5013 0.942844
5015 9.518930000000001e-07
5017 6.932189999999999e-05
5019 8.267019999999999e-07
5021 3.67281e-09
5022 5.7423800000000006e-06
5025 1.48893e-09
5030 6.838939999999999e-13
5031 2.3284700000000003e-06
5034 0.23602199999999998
5035 1.90571e-13
5038 6.19206e-06
5040 3.8362600000000004e-05
5041 2.458e-06
5043 0.00173104
5044 0.000496805
5046 1.09304e-06
5048 3.6055599999999997e-09
5049 2.00647e-06
5050 1.49083e-08
5051 3.49232e-07
5053 0.00362062
5059 4.46776e-09
5060 3.24348e-07
5066 0.00065847
5069 0.00633364
5070 0.7871520000000001
5074 0.000791994
5075 3.3037800000000004e-10
5076 0.0132531
5080 7.29485e-05
5082 1.24773e-05
5083 3.36571e-08
5087 2.28944e-12
5088 2.90153e-07
5089 1.3911500000000002e-08
5091 3.7943199999999995e-07
5092 6.04033e-06
5095 0.129606
5096 6.62884e-11
5098 1.32895e-07
5099 4.04404e-06
5100 7.760860000000001e-08
5103 1.23836e-05
5105 3.3660899999999997e-07
5106 0.0131637
5109 1.38249e-09
5112 1.0710700000000002e-06
5113 0.000310372
5115 7.17036e-11
5117 1.19985e-07
5118 1.6310499999999998e-10
5119 4.093759999999999e-06
5120 2.1453000000000004e-08
5123 0.132634
5125 1.61024e-07
5126 0.0607173
5127 2.12619e-05
5132 2.96538e-05
5133 4.16346e-09
5137 0.000115234
5139 0.00103105
5140 3.06578e-06
5141 0.00041706699999999997
5142 8.05273e-06
5147 8.90099e-08
5148 1.5568e-05
5149 1.0883e-06
5151 1.62263e-05
5152 1.07318e-06
5154 0.998073
5155 6.33249e-09
5157 1.8338400000000002e-06
5158 4.96309e-07
5162 5.40444e-06
5163 0.000810116
5164 3.45055e-09
5165 2.31994e-07
5166 2.4423e-08
5167 0.00135891
5170 0.000148777
5172 0.030108099999999995
5174 1.4979400000000001e-05
5178 2.57415e-11
5180 7.61462e-06
5182 4.1177700000000004e-08
5184 4.19609e-05
5187 3.09788e-09
5188 4.4776400000000004e-07
5192 1.31668e-09
5193 0.0006688169999999999
5194 1.51715e-11
5196 4.68804e-11
5197 7.2040100000000005e-12
5198 0.192299
5200 1.24988e-06
5201 2.2390700000000002e-05
5204 1.44399e-10
5205 1.14614e-06
5206 0.00367075
5207 0.00013316899999999998
5211 4.86723e-11
5213 3.98287e-05
5216 0.00127499
5218 7.01795e-08
5221 6.476380000000001e-06
5225 1.41245e-09
5226 2.5329e-06
5227 6.98174e-06
5228 1.2913900000000002e-06
5232 2.32914e-10
5233 3.1189699999999997e-06
5234 0.00179737
5235 0.000336508
5237 9.168639999999999e-10
5238 1.61608e-08
5240 0.9922040000000001
5241 0.000104617
5243 0.00011316100000000001
5247 9.92371e-08
5249 3.66901e-05
5250 2.56589e-05
5251 0.000136079
5252 1.00584e-05
5255 3.2498500000000003e-06
5256 0.91461
5261 4.82428e-08
5265 1.51112e-06
5266 2.12481e-06
5271 0.000141584
5272 5.77594e-07
5275 4.2071999999999997e-07
5276 0.000116415
5277 9.74479e-07
5279 5.27755e-05
5280 0.845425
5282 1.0577100000000001e-13
5284 2.92697e-09
5286 1.0696199999999999e-09
5287 2.97932e-06
5289 4.2366e-06
5291 5.88618e-07
5294 1.5069e-06
5295 1.63872e-05
5296 7.70304e-05
5299 5.3701699999999994e-06
5300 7.1295399999999995e-06
5301 1.41374e-11
5302 0.120359
5308 2.64004e-05
5309 2.74707e-11
5313 0.000238969
5316 1.37668e-06
5317 2.0586000000000003e-08
5321 1.26245e-10
5322 1.56067e-07
5323 1.8421299999999998e-10
5324 4.6535800000000003e-07
5329 0.00782065
5330 0.958542
5332 0.00383346
5333 0.0587406
5334 1.19753e-05
5335 0.000129009
5339 4.53594e-05
5341 0.053859300000000006
5342 7.07961e-06
5347 6.827280000000001e-07
5353 1.5622399999999999e-06
5354 5.29238e-11
5356 2.49637e-08
5357 5.02579e-05
5359 0.87389
5361 5.12596e-09
5362 0.000562463
5364 1.38745e-16
5366 4.465520000000001e-09
5372 0.0257343
5375 5.9528400000000004e-05
5376 0.0189518
5377 2.99036e-06
5381 0.143502
5382 0.00396162
5386 3.9544e-05
5390 0.00843391
5392 0.0008807639999999999
5394 1.21543e-05
5399 0.000781534
5400 1.1634200000000001e-10
5401 2.60928e-11
5402 0.00839474
5403 2.60898e-07
5409 7.89754e-06
5411 5.04624e-11
5412 5.2389800000000004e-08
5415 2.227e-06
5422 0.990892
5425 3.10589e-07
5426 0.151576
5427 0.00042761800000000005
5428 1.7952299999999998e-09
5432 1.6788799999999998e-08
5435 0.00928643
5437 9.74627e-10
5442 2.40265e-08
5443 0.000469368
5444 1.0325e-08
5446 0.000146318
5447 1.04736e-09
5449 1.8722900000000002e-06
5452 4.19423e-07
5456 3.73148e-06
5458 0.00017781400000000002
5459 0.000575414
5460 1.5976500000000002e-05
5462 3.3785699999999997e-06
5463 0.9979950000000001
5464 1.1222300000000001e-07
5466 0.00025944900000000003
5468 1.1933900000000002e-09
5472 0.00869909
5473 0.000746488
5474 2.70146e-07
5476 3.0955900000000004e-08
5477 3.0233e-08
5479 5.784659999999999e-10
5480 8.20112e-11
5482 2.65681e-07
5484 3.29595e-08
5488 1.69278e-06
5490 0.000110381
5491 3.19549e-07
5492 0.00014569
5493 2.73743e-10
5494 3.45659e-06
5495 5.0849299999999996e-15
5498 5.798480000000001e-06
5500 2.4122800000000002e-05
5501 3.3773800000000005e-10
5502 7.08234e-05
5503 2.0147e-12
5504 0.8846459999999999
5505 0.0100699
5506 5.14261e-09
5512 3.20532e-08
5513 4.93749e-06
5516 1.8783599999999997e-12
5520 2.9441599999999998e-08
5523 3.3567599999999994e-10
5525 4.31542e-07
5528 3.4051600000000003e-07
5529 0.000581842
5532 3.34603e-05
5533 5.4886e-07
5534 1.86174e-11
5537 0.0012617000000000001
5538 0.00210651
5540 5.6985e-13
5543 1.1794200000000002e-08
5545 5.63512e-07
5546 2.19368e-05
5548 0.000122113
5551 2.52191e-07
5553 3.04048e-09
5555 4.01575e-07
5556 5.14219e-07
5557 1.2798799999999998e-08
5558 2.6957800000000004e-09
5560 2.11659e-07
5561 0.0100125
5562 2.82446e-07
5564 0.000392621
5565 0.000109722
5567 6.39611e-08
5569 0.912125
5570 1.7408e-07
5571 1.89057e-08
5572 0.035019699999999994
5575 1.84952e-10
5578 0.0020353999999999997
5580 2.35233e-05
5581 0.00308182
5587 1.38454e-08
5589 4.1429099999999996e-07
5594 3.28125e-06
5595 2.80238e-09
5596 4.06423e-10
5597 4.4174499999999995e-05
5598 1.2274299999999999e-06
5602 1.5976500000000002e-05
5604 5.02646e-06
5607 1.99648e-05
5610 0.00036853900000000003
5612 1.2160600000000002e-08
5616 0.618533
5617 2.71459e-05
5619 1.3255600000000002e-10
5621 0.00010918600000000001
5622 1.29868e-05
5623 6.328439999999999e-07
5626 0.710693
5627 2.1499699999999997e-05
5628 1.85395e-05
5632 5.44137e-06
5633 7.68121e-05
5634 0.000516236
5635 2.84953e-09
5638 0.00039616900000000004
5642 0.00035739699999999997
5643 0.930969
5646 4.73112e-06
5649 7.569359999999999e-09
5650 3.61764e-05
5651 7.59737e-06
5656 1.46739e-07
5659 0.805941
5661 1.16924e-05
5663 0.0634675
5665 9.60377e-07
5666 0.0507482
5667 1.8171e-05
5670 0.000348797
5671 2.58943e-12
5673 5.43129e-06
5675 3.5871699999999996e-08
5677 0.00017388900000000002
5678 7.728119999999999e-07
5681 0.00028387400000000004
5683 6.61937e-06
5684 0.00632138
5688 6.2282e-10
5689 0.922984
5690 0.993684
5691 1.46179e-05
5692 5.47972e-07
5694 5.765280000000001e-10
5698 2.58755e-11
5703 7.53543e-07
5706 1.77885e-06
5707 0.0986602
5708 1.15173e-06
5709 6.19507e-08
5711 0.31259899999999996
5712 1.23575e-06
5717 1.91627e-06
5720 1.7161800000000002e-05
5721 1.64599e-07
5722 5.48041e-05
5724 3.64501e-07
5725 1.4520099999999999e-06
5726 3.11514e-08
5727 1.23594e-05
5733 8.53608e-08
5734 0.321876
5737 8.676829999999999e-07
5739 6.22014e-07
5744 3.20565e-09
5745 2.7065799999999998e-05
5746 4.7942199999999995e-06
5748 7.43273e-06
5750 1.0274000000000002e-09
5751 0.977067
5753 5.260880000000001e-06
5754 1.77117e-06
5758 4.56775e-08
5759 2.1886500000000002e-06
5763 5.11765e-06
5766 6.68543e-05
5767 9.72471e-07
5770 4.36988e-08
5771 0.00339918
5772 9.244309999999999e-05
5774 7.25183e-08
5775 4.81901e-07
5776 1.0796e-05
5777 1.62818e-10
5778 7.46898e-07
5785 1.76901e-07
5787 0.000349723
5792 1.27899e-06
5793 1.77992e-07
5795 3.7984500000000005e-06
5797 1.27297e-05
5798 9.179199999999999e-08
5800 0.00237398
5801 2.01457e-07
5802 6.68442e-07
5804 3.07938e-05
5807 1.4369e-05
5808 8.1214e-07
5809 1.46674e-05
5810 9.772760000000001e-10
5816 1.8369400000000002e-10
5820 6.089360000000001e-08
5822 1.04048e-05
5823 6.39236e-08
5827 5.39762e-07
5832 1.49814e-07
5833 0.00035778599999999997
5834 1.84411e-11
5835 2.41884e-05
5837 0.992557
5842 7.95877e-08
5844 1.06546e-09
5846 0.181371
5847 0.9938030000000001
5848 1.38241e-09
5849 0.000143489
5855 0.9999870000000001
5857 2.9482400000000003e-06
5858 0.0101584
5862 8.10752e-07
5865 8.90342e-06
5866 4.7102400000000005e-07
5869 0.00091345
5870 2.5045700000000006e-09
5871 0.000268754
5872 8.246189999999999e-10
5876 0.0310494
5880 0.00361402
5882 2.69596e-06
5883 2.6595500000000003e-05
5886 0.00015599600000000002
5887 4.9106e-05
5890 0.000173599
5891 0.000355215
5892 0.00310074
5896 2.01554e-05
5898 0.000955786
5900 0.00031706400000000004
5902 1.25315e-10
5904 4.5663200000000004e-07
5907 1.57122e-07
5913 7.6268e-07
5915 6.7752e-08
5916 0.00033595099999999997
5921 3.5416799999999996e-05
5922 2.1993400000000002e-05
5924 1.40893e-05
5925 4.75407e-07
5926 1.12644e-06
5927 2.8591500000000004e-06
5929 1.57099e-09
5931 0.000112801
5932 0.0199047
5933 0.9837440000000001
5934 3.27825e-09
5935 3.92003e-06
5936 7.03923e-06
5937 9.26382e-11
5939 6.779009999999999e-07
5941 3.26124e-05
5942 4.7546499999999994e-06
5943 7.048210000000001e-07
5944 3.82429e-05
5945 1.71852e-05
5946 4.39527e-06
5949 2.22243e-06
5950 1.4145700000000002e-08
5953 0.000288502
5955 4.27557e-09
5957 6.55122e-05
5958 1.41624e-05
5959 6.322559999999999e-10
5962 9.611370000000001e-09
5965 7.08438e-06
5966 4.91394e-06
5967 0.000189092
5969 2.17315e-05
5972 3.74783e-08
5973 3.20638e-05
5974 3.0079499999999997e-09
5976 2.02472e-06
5977 2.92593e-10
5978 0.127051
5982 2.87171e-05
5986 0.00113821
5987 0.00026222
5993 0.00013529
5994 0.000148292
5997 7.47452e-06
5999 0.9971780000000001
6002 0.803281
6003 6.403210000000001e-10
6006 2.94801e-07
6007 0.00026597400000000004
6008 6.64936e-05
6010 0.00059019
6013 0.489224
6014 1.33328e-05
6015 0.00032584599999999997
6016 5.5547900000000003e-08
6017 8.06816e-11
6019 6.1578e-08
6021 0.00265678
6022 0.000239715
6024 8.92778e-06
6031 5.922819999999999e-06
6032 1.1138e-06
6034 2.4128e-06
6036 0.00021867900000000003
6037 6.797510000000001e-06
6039 0.000690438
6040 1.55833e-07
6044 3.2345499999999998e-09
6047 0.00299809
6048 4.72323e-06
6049 0.000103065
6050 2.9182999999999997e-06
6051 5.58535e-05
6052 1.3983600000000001e-08
6053 3.79406e-10
6054 1.81651e-07
6056 3.03582e-07
6057 2.20994e-07
6059 2.83002e-06
6060 0.000212317
6063 1.0721199999999998e-09
6064 1.9229900000000002e-08
6068 1.6439899999999998e-09
6072 1.09724e-05
6075 1.47658e-08
6076 0.000609975
6077 0.9126489999999999
6080 3.50252e-11
6081 0.000142092
6082 3.38264e-07
6083 3.1213e-10
6085 0.00109509
6086 0.000316794
6087 4.73848e-06
6090 1.01018e-10
6092 2.3638800000000002e-06
6093 1.22644e-05
6094 0.0109903
6099 3.6109000000000004e-09
6101 1.92194e-05
6102 0.00037047800000000004
6106 0.000113017
6109 0.40437
6110 0.000618136
6112 1.30486e-06
6113 4.9131000000000004e-06
6114 0.00926917
6115 7.454889999999999e-06
6116 3.75619e-17
6118 2.9824e-06
6119 2.98204e-10
6121 5.25774e-11
6122 3.95249e-05
6126 1.04718e-06
6127 0.9078809999999999
6132 3.24619e-16
6137 2.90875e-07
6138 0.9136799999999999
6142 3.5850400000000002e-06
6143 4.49763e-05
6144 1.52855e-07
6145 3.27241e-09
6147 7.09087e-05
6149 2.77777e-06
6152 4.8614e-06
6154 0.895483
6155 0.0122023
6157 0.000202283
6160 0.00108889
6164 0.011913
6165 3.3476400000000002e-09
6167 2.65737e-05
6168 4.13877e-06
6169 4.23655e-07
6173 0.0028648000000000002
6178 0.00020067900000000002
6182 4.91779e-08
6186 1.19169e-07
6191 0.992392
6192 5.05115e-07
6193 2.2104e-07
6194 1.0640999999999999e-11
6195 3.65555e-06
6197 0.008459200000000002
6199 2.33755e-09
6200 0.000159376
6204 0.916215
6205 0.0001198
6207 7.60718e-05
6211 0.0017112000000000002
6213 5.8292200000000004e-05
6217 0.00124004
6226 2.1473000000000003e-05
6227 0.00285687
6228 1.89075e-07
6231 0.62147
6232 0.0125536
6237 4.77634e-06
6239 7.777530000000001e-08
6242 7.4964e-09
6244 4.0463800000000004e-05
6245 4.48154e-10
6246 0.000149807
6248 1.06402e-06
6253 1.39107e-08
6255 4.78871e-05
6256 3.42101e-08
6257 1.3837600000000001e-08
6263 2.33796e-11
6265 4.0254199999999995e-08
6266 2.4009400000000004e-06
6268 2.9936e-15
6271 2.1239700000000004e-06
6273 1.40503e-07
6274 8.20677e-08
6278 0.9900190000000001
6280 1.17324e-05
6283 8.867389999999999e-08
6287 5.8849200000000004e-08
6288 3.8696100000000004e-05
6292 9.28304e-13
6293 1.78439e-05
6294 0.00049683
6297 1.37013e-07
6298 0.000182892
6302 2.56295e-07
6303 1.1763500000000001e-07
6307 9.21761e-06
6308 5.14398e-10
6310 0.034452699999999996
6311 0.0023417
6312 6.08579e-07
6313 5.31564e-08
6315 4.10842e-09
6316 4.1336699999999995e-06
6317 9.85104e-07
6322 4.022e-06
6324 1.20347e-06
6326 5.55949e-12
6327 5.2063999999999995e-05
6328 5.69486e-08
6331 4.24345e-08
6332 0.000955223
6333 5.89515e-14
6334 1.10805e-05
6336 7.97883e-08
6340 1.7753799999999997e-10
6342 0.000267973
6343 0.00815372
6345 4.37438e-05
6347 3.43663e-05
6354 3.69192e-07
6356 0.997555
6358 0.000413467
6359 8.94551e-06
6360 1.45507e-05
6361 1.96341e-06
6364 1.9757499999999997e-06
6365 0.00244221
6368 2.537e-06
6370 4.01535e-05
6372 0.995389
6373 7.292489999999999e-06
6376 4.37344e-05
6378 7.96498e-05
6379 3.05644e-07
6380 7.0939399999999985e-06
6383 5.39178e-06
6384 2.7020100000000002e-05
6386 3.31563e-07
6388 0.000180541
6389 2.5803699999999997e-07
6390 2.36845e-06
6393 4.205759999999999e-06
6394 1.3033699999999998e-09
6397 2.4187400000000002e-08
6399 2.45796e-09
6401 1.4524600000000001e-08
6402 6.317630000000001e-06
6403 1.6569000000000002e-07
6405 0.00618262
6406 0.000207514
6407 1.38137e-05
6408 4.09871e-06
6410 0.10468599999999999
6412 2.1215099999999997e-08
6413 3.5975099999999995e-08
6414 0.000139475
6415 1.43349e-07
6416 0.7444270000000001
6420 0.0007213189999999999
6422 1.51248e-06
6423 1.5661300000000002e-05
6426 3.4074400000000004e-06
6431 8.388789999999999e-10
6432 4.11917e-06
6435 0.0024865
6439 2.4754e-08
6441 0.000282123
6446 4.70623e-07
6451 3.6835999999999996e-09
6452 4.710719999999999e-08
6453 6.6177999999999996e-06
6454 2.07739e-07
6457 9.54605e-09
6460 5.45253e-05
6461 1.27011e-05
6464 4.1713e-05
6467 1.5240299999999999e-10
6469 8.108520000000001e-09
6471 2.4395100000000003e-05
6477 0.00017109
6478 0.00158383
6479 2.1305599999999997e-07
6481 7.24128e-10
6485 0.685519
6487 1.6637300000000002e-10
6489 0.0006926839999999999
6490 1.5330700000000002e-06
6491 1.66852e-11
6493 2.09072e-05
6494 2.9769999999999996e-10
6496 0.00582092
6498 3.87846e-09
6500 0.040572500000000004
6502 2.84674e-11
6504 1.65364e-07
6505 2.54988e-09
6508 2.7667500000000002e-06
6510 1.13536e-07
6511 1.02067e-06
6513 0.28913
6514 2.4733899999999997e-05
6516 5.2825600000000005e-05
6517 0.00028419599999999996
6518 1.6736200000000003e-08
6521 3.96257e-08
6522 0.000666205
6525 0.0007848530000000001
6526 0.00035292300000000005
6527 4.26289e-05
6528 0.00213428
6531 0.00235722
6533 2.9436299999999997e-09
6535 2.8324e-12
6537 5.83291e-07
6539 0.000398556
6540 3.3652499999999997e-06
6541 0.000402615
6544 1.49675e-09
6545 2.0133900000000002e-09
6546 1.98825e-06
6552 1.46403e-07
6554 0.00186966
6555 6.435470000000001e-05
6557 5.20266e-09
6558 3.2997300000000003e-06
6559 0.00045605300000000005
6561 2.96899e-10
6563 0.000134163
6566 1.87566e-07
6567 1.2562899999999999e-14
6568 5.3642e-07
6571 1.81641e-07
6573 0.00019648099999999998
6574 9.76936e-08
6577 0.000497562
6579 0.00738211
6580 6.576100000000001e-07
6581 8.88928e-06
6582 6.216899999999999e-08
6586 0.000183777
6589 0.000522452
6590 1.0795299999999999e-07
6591 0.00025334
6592 0.00703488
6594 5.40805e-09
6596 5.41055e-07
6598 2.30479e-05
6600 0.980498
6601 0.000282392
6604 1.64571e-07
6607 1.33351e-05
6608 1.23437e-11
6613 0.00423346
6614 0.0374795
6615 2.76576e-05
6616 0.000112106
6620 7.63022e-09
6623 7.710030000000001e-06
6624 3.86845e-05
6629 5.2615599999999995e-06
6630 3.2644199999999995e-07
6633 3.3863399999999996e-07
6634 4.99034e-05
6639 8.07713e-09
6640 1.68531e-10
6641 1.14652e-13
6642 6.106569999999999e-10
6644 3.77738e-07
6646 3.24334e-06
6649 0.00414919
6650 3.2980500000000002e-09
6651 0.000495313
6653 6.83265e-11
6655 2.1974200000000003e-08
6656 5.3740600000000005e-05
6659 0.00046007599999999996
6662 6.900000000000001e-06
6663 3.55589e-08
6665 0.05643769999999999
6669 0.64263
6672 5.936330000000001e-06
6675 0.00583909
6676 2.4182700000000003e-08
6680 0.9929399999999999
6683 5.260390000000001e-09
6685 4.26866e-06
6686 1.13988e-09
6688 2.9794400000000004e-10
6691 1.0668499999999999e-09
6692 0.000530924
6693 4.5640000000000004e-08
6700 1.01167e-06
6701 4.26053e-08
6705 6.36827e-06
6710 1.12421e-05
6711 0.00018083099999999998
6712 7.01267e-13
6713 7.17816e-05
6715 0.933637
6716 1.3315399999999999e-08
6717 1.67963e-05
6720 2.5993499999999997e-09
6721 1.62481e-06
6723 9.03619e-05
6724 1.2252100000000002e-08
6728 0.000179182
6729 8.84874e-05
6732 8.34623e-07
6733 2.0993400000000002e-06
6737 1.22979e-12
6741 5.10989e-07
6742 2.2728500000000001e-07
6743 4.60629e-11
6744 1.0872999999999999e-05
6745 7.40931e-05
6746 1.86921e-05
6749 2.65583e-11
6750 1.2570399999999999e-05
6752 3.74149e-08
6754 4.70889e-11
6756 0.021218400000000002
6757 6.07538e-09
6758 0.0153767
6763 0.99645
6764 5.47448e-10
6767 0.00040515300000000006
6770 0.0178672
6771 4.2517699999999994e-08
6774 1.941e-08
6775 8.516860000000002e-08
6776 3.29148e-05
6778 0.20513699999999999
6779 3.6282300000000002e-06
6780 3.0488000000000004e-10
6785 0.000138977
6787 4.51452e-06
6788 0.00125101
6790 0.29172800000000004
6791 5.19188e-05
6792 9.489449999999999e-07
6793 6.78013e-06
6795 0.000127871
6796 3.9874900000000004e-10
6798 0.00242187
6801 4.62268e-05
6804 0.000557111
6807 0.00130095
6809 5.45196e-05
6811 8.208039999999999e-08
6812 3.59296e-07
6815 0.000312926
6816 3.51527e-05
6817 7.70169e-07
6818 0.000722423
6820 2.18478e-05
6823 3.12981e-05
6826 1.70029e-07
6830 1.54763e-06
6831 1.82372e-09
6832 3.31845e-07
6834 2.63519e-09
6837 0.00047209199999999997
6843 0.00347115
6846 1.97458e-05
6851 0.00483735
6853 5.69778e-09
6854 2.87559e-07
6856 3.13173e-06
6857 3.05245e-06
6861 1.14444e-07
6863 0.000124251
6870 6.69621e-09
6871 1.7955400000000003e-08
6872 1.27268e-07
6873 0.000886619
6875 0.00024473
6877 1.7813800000000001e-09
6879 1.17727e-05
6881 0.00111559
6882 0.000114193
6885 8.15318e-05
6888 1.16196e-07
6889 3.5630300000000003e-05
6890 1.58229e-05
6891 2.0321e-06
6894 0.00109446
6895 1.32537e-07
6897 2.35851e-06
6898 0.000557075
6901 3.3240800000000003e-10
6902 7.637350000000001e-07
6904 0.00228947
6905 2.1667199999999998e-05
6906 4.7237400000000004e-06
6907 0.00172752
6913 1.06242e-07
6915 0.000396585
6920 8.109710000000001e-10
6921 9.74394e-12
6923 1.19912e-05
6925 0.00018443900000000003
6926 3.45185e-06
6927 2.82508e-11
6928 1.09805e-08
6929 1.01301e-13
6936 2.44587e-06
6937 8.8071e-07
6938 2.5420599999999998e-08
6941 2.59892e-06
6942 1.1324999999999999e-11
6946 6.233940000000001e-08
6951 2.74282e-08
6954 4.3423599999999995e-05
6955 4.54369e-06
6957 0.00249152
6960 5.6195800000000006e-12
6961 2.43783e-10
6964 2.4482199999999997e-05
6967 0.00010494600000000001
6969 8.778639999999998e-10
6970 0.220581
6973 0.0007409739999999999
6974 0.00237105
6975 1.7932200000000001e-09
6977 2.7251999999999996e-09
6978 0.7265
6979 6.89319e-11
6980 4.1262e-06
6982 1.50981e-06
6984 7.48396e-07
6985 5.20237e-05
6986 1.25206e-05
6991 6.561210000000001e-06
6992 0.00838957
6993 1.46082e-13
6996 1.33949e-05
6997 9.965e-09
6998 2.33728e-08
6999 1.54684e-12
7000 9.211230000000001e-06
7001 0.000364279
7005 7.03597e-08
7010 1.23403e-09
7012 3.97144e-05
7013 0.020497799999999997
7014 2.00602e-06
7015 5.9165e-11
7017 1.52935e-06
7019 5.84278e-07
7024 0.0036459000000000005
7026 0.00177867
7027 8.74966e-07
7028 0.00010975799999999999
7030 5.94645e-06
7032 2.88378e-08
7034 1.71438e-06
7037 0.980241
7041 6.46429e-08
7043 1.53918e-06
7044 4.98836e-07
7047 6.71454e-05
7051 8.59996e-07
7053 3.2856499999999995e-07
7055 4.63699e-05
7057 0.00178656
7060 5.3594099999999996e-05
7061 0.00759813
7063 3.1386799999999998e-09
7066 0.012132700000000001
7067 0.000287359
7069 0.00044694
7076 1.47533e-08
7081 7.13217e-07
7082 0.00208451
7083 3.15325e-06
7085 0.62949
7087 0.000390489
7091 2.47583e-05
7094 0.00018831299999999998
7096 5.35414e-05
7098 2.1891400000000002e-08
7099 8.88415e-06
7102 4.64418e-06
7103 0.000367469
7106 1.85315e-06
7107 0.0152602
7110 1.03362e-06
7111 8.52647e-05
7112 1.3881199999999998e-05
7115 2.32322e-11
7116 2.0517e-07
7118 0.0031326
7119 0.000241047
7120 0.00273564
7124 1.32237e-07
7126 3.4779899999999995e-05
7127 0.44788900000000004
7131 4.67212e-11
7134 6.478480000000001e-06
7135 0.0435497
7136 4.40805e-07
7137 4.7081e-06
7142 0.0923944
7143 1.62235e-08
7145 1.87523e-08
7151 1.12657e-07
7155 2.96721e-11
7156 0.00184693
7157 8.39312e-06
7158 0.000281122
7160 4.14482e-09
7161 8.766799999999999e-05
7164 9.48637e-07
7169 0.000328031
7170 4.11891e-08
7171 0.000103097
7173 0.00411218
7175 5.59909e-05
7176 3.77673e-05
7178 0.00146324
7179 0.000303926
7181 1.02036e-07
7183 1.2222200000000001e-08
7186 2.76133e-08
7188 9.34062e-09
7190 5.14911e-09
7192 2.6788e-07
7195 0.0209366
7196 8.775210000000001e-06
7198 0.00444683
7199 4.90941e-10
7201 1.1689700000000001e-05
7202 0.0138221
7203 3.7648599999999993e-08
7206 0.997627
7207 2.7035400000000003e-06
7209 2.8090499999999997e-10
7218 3.49671e-05
7220 1.9730900000000004e-06
7221 4.30377e-06
7225 9.91081e-07
7226 0.9816219999999999
7228 4.83786e-07
7229 8.297819999999999e-05
7231 0.000498464
7232 1.75967e-10
7233 2.3216e-08
7235 3.3341199999999995e-12
7237 1.5296100000000002e-06
7238 1.93222e-09
7239 0.0441446
7240 5.4395100000000004e-08
7242 0.000643145
7246 3.4819599999999996e-06
7248 5.453580000000001e-06
7251 3.2189e-05
7252 0.000392388
7253 2.72427e-05
7254 7.832289999999999e-10
7255 9.9231e-06
7257 2.73217e-07
7262 0.00232707
7264 1.39498e-05
7265 9.367159999999999e-05
7267 2.26679e-05
7268 2.58012e-06
7269 1.92071e-05
7272 9.147140000000001e-08
7273 1.50094e-06
7277 1.2035700000000002e-06
7278 0.0639806
7281 1.53895e-06
7282 1.1953499999999998e-05
7286 4.15907e-06
7287 1.20296e-11
7288 9.19448e-12
7290 3.37258e-05
7291 2.22669e-09
7293 0.00020136900000000002
7301 5.200510000000001e-09
7303 6.727799999999999e-06
7304 0.0650489
7306 1.41449e-05
7307 3.7159000000000004e-09
7309 9.18317e-12
7310 0.00129036
7312 2.43555e-07
7313 2.63779e-06
7315 0.0007254939999999999
7316 0.00036989099999999996
7317 0.000191006
7319 2.21511e-07
7320 5.69902e-09
7321 9.003510000000002e-06
7324 2.68997e-06
7326 6.57464e-08
7328 4.794430000000001e-06
7331 4.20846e-07
7332 2.46178e-08
7333 3.39779e-06
7335 0.00118321
7337 0.0341171
7338 1.50817e-06
7339 8.297069999999999e-10
7340 3.5287699999999995e-08
7341 0.000231639
7342 0.0293526
7345 4.828520000000001e-15
7347 0.00816107
7348 3.32443e-07
7349 0.657862
7352 0.00352589
7353 6.68144e-05
7354 2.09061e-11
7355 1.5628799999999998e-06
7357 8.56227e-07
7358 7.66705e-07
7360 1.46414e-08
7362 1.85736e-08
7364 3.72681e-08
7366 0.0018636
7367 0.840838
7368 1.61379e-05
7371 9.716100000000001e-09
7377 0.00303183
7378 0.000139335
7379 3.9356799999999996e-05
7380 0.129762
7382 0.789833
7384 1.40016e-07
7386 6.06881e-06
7387 0.9997379999999999
7391 0.0030186999999999996
7392 1.22655e-05
7393 0.00023259799999999998
7395 7.19318e-05
7397 6.08115e-05
7399 1.44303e-09
7400 0.000869341
7401 2.33052e-07
7402 4.76357e-07
7403 7.88137e-09
7404 8.80942e-06
7405 8.09932e-06
7406 0.000598546
7407 0.00381792
7409 2.96138e-09
7412 2.9549099999999998e-05
7415 0.477753
7418 2.60653e-12
7420 0.000119489
7423 7.13454e-07
7426 3.25342e-15
7428 3.89045e-07
7429 7.87873e-08
7430 0.9839209999999999
7434 8.42623e-07
7440 9.24541e-05
7441 8.92932e-11
7442 6.09055e-06
7444 0.000789819
7447 1.56245e-12
7450 0.00153961
7452 0.00020044
7453 8.44371e-07
7455 1.4432e-07
7456 2.1392800000000003e-05
7459 0.0008256460000000001
7462 3.6315e-10
7463 0.000491245
7464 0.00706846
7469 4.22367e-05
7471 2.0906e-05
7472 0.000368635
7473 1.75191e-08
7476 7.02172e-05
7478 0.00108235
7485 1.13003e-06
7487 1.92963e-06
7488 0.39567800000000003
7492 1.64493e-09
7494 7.65351e-05
7495 0.0012741
7496 0.00169286
7499 3.50283e-09
7500 6.64279e-05
7501 2.06733e-06
7502 1.20736e-06
7504 1.22398e-07
7505 1.32233e-07
7507 0.00200032
7508 1.99357e-08
7509 7.97324e-08
7510 0.143056
7512 4.23924e-07
7514 1.44845e-05
7515 0.00010506899999999999
7516 0.00810785
7518 8.07377e-05
7520 0.249531
7522 5.82451e-05
7529 2.64432e-08
7531 0.00012127799999999999
7532 3.69936e-07
7534 1.52171e-07
7539 5.450489999999999e-07
7541 1.35817e-06
7542 4.1178999999999996e-07
7545 0.00017737900000000002
7548 0.10757
7549 3.22124e-05
7550 1.19324e-06
7552 0.00529629
7553 5.686310000000001e-07
7554 3.28384e-05
7556 4.38391e-11
7557 2.8095599999999995e-06
7560 0.111178
7561 1.95201e-11
7562 2.2365e-05
7564 1.2578599999999998e-05
7567 3.85921e-08
7569 0.00013908399999999998
7573 0.00124154
7574 3.4955699999999996e-06
7577 7.080630000000001e-05
7580 0.429429
7581 0.652075
7582 1.2357299999999999e-06
7583 1.68174e-06
7584 0.000626123
7587 1.04105e-05
7588 4.3148999999999996e-05
7589 9.97606e-07
7591 1.21922e-08
7593 5.38626e-12
7595 9.19101e-05
7596 5.7873999999999995e-05
7597 3.38969e-05
7598 1.74469e-07
7599 5.0448199999999996e-05
7602 4.244409999999999e-06
7604 0.00291138
7607 5.553099999999999e-06
7608 4.3899300000000005e-06
7609 0.00014262200000000002
7610 0.0014179
7613 6.854970000000001e-07
7616 7.73839e-06
7617 2.02041e-06
7620 0.00670724
7623 1.9399200000000002e-05
7625 1.1402099999999999e-08
7627 2.41141e-11
7628 0.000520798
7630 1.11367e-17
7632 0.00283242
7634 5.28658e-06
7635 0.00010648399999999999
7636 0.00019732700000000002
7638 4.34236e-06
7641 5.65072e-07
7643 1.59649e-12
7644 4.17363e-08
7645 4.24946e-07
7646 7.88733e-11
7648 2.9329200000000005e-06
7651 1.40586e-07
7652 4.68065e-06
7658 4.95646e-09
7659 7.386510000000001e-06
7660 0.0109789
7661 1.5133799999999999e-06
7665 7.82659e-09
7669 2.9562e-05
7674 7.21598e-06
7676 0.0178848
7681 3.5741699999999996e-06
7684 0.661438
7686 0.736877
7689 0.00046523
7690 0.000181683
7693 0.000262846
7695 2.5762e-05
7698 4.9124e-09
7700 0.00109086
7701 2.02767e-08
7703 0.000558274
7706 1.2797200000000001e-06
7707 0.00046459
7708 1.38263e-06
7710 0.00033042900000000003
7711 0.00090916
7714 0.00010975299999999999
7716 0.00038715099999999997
7717 5.14085e-07
7719 0.00010658899999999999
7722 9.1649e-05
7725 3.3060500000000003e-13
7726 0.960182
7728 3.56072e-05
7730 0.006945100000000001
7733 4.2352600000000005e-06
7734 3.35368e-08
7737 0.916315
7738 0.036554199999999995
7739 5.7868800000000004e-05
7741 1.99248e-05
7744 1.51093e-06
7747 1.07946e-06
7750 0.00041834800000000003
7752 0.00016178700000000001
7755 1.7206700000000001e-06
7756 1.2381300000000001e-05
7757 1.6291999999999997e-10
7759 3.0067900000000003e-06
7761 5.43024e-11
7764 0.9966700000000001
7766 2.58665e-06
7769 9.11197e-07
7770 1.26959e-05
7771 0.999551
7774 0.00471198
7778 0.00010653700000000001
7780 8.31061e-07
7782 1.04225e-05
7783 5.54861e-10
7784 0.561076
7785 8.70856e-06
7787 1.6713399999999998e-05
7788 0.00283463
7789 0.00195174
7792 1.9833500000000002e-06
7794 1.1549799999999999e-07
7796 0.0358283
7797 2.51702e-08
7800 0.000647019
7801 8.42375e-05
7802 1.80419e-07
7804 0.6799310000000001
7805 0.000349184
7806 0.0730775
7807 7.52294e-07
7808 2.97632e-06
7811 1.50413e-06
7816 5.85938e-06
7817 1.08131e-05
7818 0.00166318
7822 1.74022e-05
7823 1.1161e-06
7825 1.9738699999999998e-05
7827 4.88592e-12
7828 1.55967e-07
7829 1.56844e-06
7830 3.60725e-05
7832 3.0409e-07
7835 1.3309999999999999e-12
7837 1.4698400000000001e-06
7839 1.0708399999999999e-05
7842 8.379329999999999e-08
7844 1.3544899999999997e-10
7846 2.08771e-05
7848 2.4198400000000002e-05
7849 4.66148e-08
7850 0.00106691
7851 0.000129344
7852 0.983349
7858 0.00194318
7860 2.64579e-12
7861 1.1308800000000001e-05
7862 8.96798e-09
7866 0.000445304
7867 4.855109999999999e-07
7870 0.000134651
7871 4.90006e-06
7874 2.8641500000000004e-06
7875 2.49527e-11
7879 1.0023200000000001e-05
7880 1.4408e-05
7881 0.98464
7882 8.48393e-11
7887 3.87111e-07
7888 3.64742e-07
7891 3.32144e-05
7892 0.00027666400000000003
7893 4.5371800000000005e-05
7894 1.1535e-09
7895 6.11989e-05
7896 3.64711e-06
7903 1.50153e-08
7904 0.000167765
7906 1.5178499999999998e-10
7907 8.018340000000001e-07
7912 3.9129399999999996e-07
7913 9.94709e-07
7917 5.234119999999999e-06
7918 0.060356799999999995
7922 0.0008778330000000001
7927 4.23819e-08
7929 1.6892599999999998e-06
7930 0.527471
7934 9.15189e-12
7936 1.12289e-06
7937 5.98368e-06
7938 2.6076599999999997e-05
7941 2.6783899999999998e-06
7942 0.000131064
7944 1.34839e-06
7945 0.9989399999999999
7948 0.000818637
7949 0.000543954
7951 1.92966e-07
7952 0.00353979
7955 5.96961e-06
7957 1.6135499999999998e-05
7960 1.68799e-09
7961 0.000114911
7962 3.15727e-08
7965 1.51019e-06
7966 0.000110125
7967 2.79749e-07
7969 5.74174e-06
7972 7.69725e-06
7973 8.47536e-06
7975 1.77435e-05
7977 1.1404100000000001e-05
7978 1.58947e-08
7981 0.0013269
7982 6.02084e-06
7983 8.63893e-08
7985 1.21535e-05
7986 7.26697e-06
7988 0.000116875
7989 8.47183e-05
7990 0.169979
7992 0.00037433400000000004
7993 2.5971700000000003e-08
7994 9.49976e-08
7995 5.133600000000001e-07
8000 0.000483606
8003 9.28487e-08
8006 0.035175
8007 1.86615e-10
8010 0.00906671
8011 5.25691e-07
8013 0.00228751
8014 0.000146176
8015 1.32699e-05
8016 0.00017534
8018 7.76872e-08
8020 0.00101642
8021 0.000137376
8022 6.37783e-05
8025 0.00184704
8027 2.23826e-06
8028 0.00146904
8030 1.7373e-08
8034 1.51844e-10
8035 0.000722242
8038 0.000100314
8039 0.00257286
8041 7.167769999999999e-06
8045 2.4926499999999998e-06
8046 5.10598e-12
8047 1.27434e-06
8050 3.0036999999999997e-05
8052 0.0140094
8054 8.40154e-07
8055 3.76089e-06
8056 0.00162694
8058 3.1872800000000003e-06
8059 1.03736e-06
8065 0.14951099999999998
8066 0.000106275
8070 1.44046e-06
8071 0.00564432
8073 2.24891e-06
8074 1.91078e-09
8077 6.39739e-09
8078 0.000233188
8080 3.3495e-05
8081 0.000235862
8088 2.1815e-09
8089 3.29476e-05
8090 0.000170348
8092 0.971561
8094 0.0001348
8097 8.74553e-08
8099 2.47406e-11
8102 0.000140819
8104 0.00019731599999999998
8109 0.05625499999999999
8110 1.59986e-08
8111 0.00194977
8113 8.090589999999999e-08
8114 4.87778e-09
8118 1.63399e-06
8119 0.000146034
8120 2.84628e-05
8123 0.0325372
8124 0.000259564
8126 2.6582600000000002e-05
8128 6.01577e-12
8129 3.99804e-07
8131 6.31137e-08
8133 1.2461e-05
8134 4.2912900000000004e-10
8135 5.200660000000001e-06
8136 5.467e-05
8143 0.00877244
8145 0.07738289999999999
8146 0.000161506
8147 1.58918e-05
8148 9.98182e-13
8149 1.77004e-07
8152 3.03519e-07
8153 2.38503e-05
8154 0.9920399999999999
8155 4.73879e-06
8156 7.36926e-07
8157 1.2548800000000001e-05
8158 0.0171142
8161 0.00031683
8162 2.58646e-07
8165 0.00424818
8167 0.00037249900000000004
8170 2.6053599999999997e-07
8172 1.46304e-07
8176 9.67456e-06
8178 5.50928e-07
8179 3.27157e-09
8181 7.8365e-12
8182 4.1356499999999996e-05
8183 5.1088900000000005e-06
8184 3.8574e-05
8185 3.2366e-11
8187 2.94732e-05
8192 0.000265112
8193 8.19737e-10
8194 0.969359
8195 1.4554599999999998e-06
8196 1.2078e-05
8198 1.28855e-09
8201 4.999229999999999e-05
8205 3.06009e-05
8206 1.6639500000000002e-06
8207 2.87992e-05
8210 6.29264e-05
8212 0.000425078
8214 1.7449799999999999e-06
8215 2.42148e-05
8217 0.00135113
8219 4.62416e-06
8221 5.3847e-05
8227 2.6946100000000003e-05
8228 0.00025528599999999997
8230 2.6085199999999996e-09
8231 8.45787e-07
8233 1.32244e-06
8234 0.994612
8237 0.0141019
8238 1.08836e-07
8239 4.90148e-06
8240 1.44075e-06
8242 0.00195865
8243 1.29538e-08
8245 0.000103752
8246 3.181e-09
8247 0.971999
8249 2.6998400000000002e-05
8255 2.77685e-11
8256 2.4496199999999998e-05
8257 4.1082e-07
8259 1.9017700000000002e-08
8264 0.00040254
8265 3.4879299999999997e-05
8266 0.966571
8267 5.9379499999999996e-05
8270 9.868839999999999e-08
8271 4.167939999999999e-05
8273 0.00515886
8274 2.6927e-11
8276 1.5947799999999998e-06
8277 5.4788000000000006e-09
8278 3.6246e-11
8283 1.8985499999999998e-08
8286 0.00113728
8287 6.57091e-08
8288 4.04911e-08
8289 0.00017538400000000003
8290 1.6081600000000003e-07
8291 1.37327e-08
8298 0.0007121660000000001
8303 2.9416500000000002e-05
8304 0.00019758
8305 9.222979999999999e-05
8308 0.633915
8309 6.09357e-07
8314 1.2674100000000001e-05
8321 5.7326499999999994e-05
8324 6.3394e-07
8325 1.79601e-05
8328 3.7583e-05
8330 6.022869999999999e-06
8331 0.9895790000000001
8333 0.00100533
8334 2.3907800000000002e-05
8337 6.04595e-07
8339 0.311436
8340 1.59767e-06
8343 1.09325e-05
8344 0.00117858
8347 9.528870000000001e-07
8348 6.590110000000001e-16
8350 1.69599e-05
8352 0.00487027
8353 4.15444e-07
8354 0.00014619
8356 1.2371099999999999e-09
8357 3.08863e-07
8358 5.84542e-05
8361 1.3283e-09
8362 2.27649e-07
8363 1.4956099999999999e-05
8366 9.70245e-07
8367 1.1281e-06
8369 8.430810000000001e-12
8371 5.27379e-06
8373 0.000119903
8375 0.0669178
8377 1.8706800000000002e-07
8378 1.0887e-08
8379 0.10623599999999998
8380 0.00010740200000000001
8382 9.54051e-06
8383 2.07534e-06
8389 9.30833e-06
8392 2.1799400000000003e-06
8393 2.0497699999999997e-07
8394 0.00102618
8395 1.30215e-06
8396 2.85958e-11
8399 3.68855e-07
8400 2.4474699999999998e-05
8401 0.00173566
8402 0.00526403
8404 1.4304900000000001e-08
8405 6.61933e-13
8406 0.0084424
8407 2.20805e-06
8408 2.03214e-07
8411 2.66475e-05
8412 0.698864
8414 7.21753e-08
8417 0.0007310960000000001
8418 0.00013408799999999998
8419 0.00434673
8420 5.453819999999999e-08
8421 3.19477e-09
8428 2.45793e-11
8431 1.21818e-06
8432 1.76137e-06
8435 0.9790200000000001
8436 9.64192e-06
8439 2.94333e-07
8440 0.00517449
8441 1.5109200000000001e-05
8446 4.6932499999999995e-06
8447 1.54491e-10
8448 0.00828024
8451 5.80732e-08
8455 9.070780000000001e-08
8457 1.35101e-11
8458 1.72765e-05
8459 0.011009399999999999
8460 0.00012563399999999998
8463 0.000250461
8464 0.0622436
8469 4.75544e-08
8471 8.20889e-05
8473 0.999439
8474 5.28587e-07
8476 0.0016557000000000002
8479 4.81626e-07
8480 4.20901e-07
8481 0.000638376
8486 8.21431e-07
8487 1.4299600000000001e-05
8488 5.13761e-06
8489 1.6318700000000002e-08
8490 1.72329e-05
8491 5.8802000000000006e-08
8493 1.4077100000000002e-06
8496 2.8774299999999997e-06
8497 4.95793e-06
8500 0.964458
8501 0.23140300000000003
8504 1.24736e-08
8505 4.28687e-05
8507 3.96953e-06
8508 8.514169999999999e-14
8510 7.75862e-09
8511 2.51129e-09
8515 1.67667e-07
8516 3.39269e-06
8520 1.6271e-08
8525 5.53345e-06
8527 0.000407617
8528 1.65039e-08
8531 0.9273110000000001
8532 1.76706e-06
8537 4.3186e-08
8538 0.000400279
8539 1.4868499999999998e-07
8540 9.552520000000001e-13
8543 5.63476e-05
8544 0.000135389
8545 5.56936e-10
8546 3.3131800000000006e-06
8547 3.7364099999999997e-10
8548 3.30335e-06
8551 1.05253e-11
8552 0.66918
8554 0.00139986
8555 0.112631
8560 0.00234906
8561 2.34011e-09
8563 0.000131392
8565 4.59803e-05
8566 2.70291e-05
8567 1.0126000000000001e-05
8569 6.891500000000001e-11
8570 1.00675e-08
8571 0.000259745
8574 0.00031845
8575 8.70371e-08
8577 2.41853e-05
8578 7.95905e-05
8579 9.504120000000001e-08
8580 0.00416802
8583 2.8480700000000003e-05
8589 1.1359199999999999e-07
8590 0.00689993
8591 4.65098e-11
8593 9.77176e-06
8594 1.1221e-05
8597 4.801570000000001e-07
8598 0.000271895
8599 1.44786e-06
8600 2.4946299999999998e-06
8603 2.71441e-05
8605 0.00207019
8609 2.5814899999999995e-09
8611 1.93794e-05
8613 4.49458e-08
8614 2.8882e-08
8616 2.54259e-07
8619 1.7072800000000002e-07
8622 1.98648e-09
8623 8.64858e-07
8625 0.011359200000000002
8626 1.30958e-07
8627 3.28494e-05
8629 0.000311713
8630 0.0176512
8631 1.69343e-06
8632 1.24782e-06
8634 2.2838499999999998e-05
8637 0.00013982
8640 1.1838499999999999e-05
8641 3.14084e-05
8642 0.000191455
8643 5.45189e-11
8646 3.04839e-07
8648 0.00275315
8649 4.3840699999999996e-10
8650 5.250909999999999e-07
8651 1.43001e-09
8652 0.00010402399999999999
8656 5.31778e-08
8657 0.178147
8658 1.3126300000000001e-06
8659 2.59377e-08
8660 1.33907e-07
8661 0.000635136
8662 4.3968999999999995e-16
8664 0.00112005
8666 6.673720000000001e-05
8668 0.00041743
8669 6.1083e-05
8671 0.000821608
8672 0.972383
8673 2.81637e-05
8674 2.15834e-10
8675 5.8101099999999995e-06
8677 0.991451
8678 7.58952e-07
8679 0.8557790000000001
8681 1.94329e-08
8682 1.13226e-06
8684 5.3692800000000005e-08
8685 3.49939e-06
8686 1.1066599999999999e-07
8689 1.83532e-12
8693 8.1628e-09
8694 0.0007014139999999999
8696 0.589812
8697 2.57631e-05
8700 4.33771e-08
8703 2.56551e-10
8704 6.82132e-08
8705 3.1683099999999997e-06
8707 0.00034902800000000003
8708 0.00041374
8711 1.2758099999999999e-05
8712 0.810084
8714 8.11984e-12
8715 2.4253e-06
8719 0.0012028
8721 5.63154e-08
8724 2.3581e-05
8726 4.24524e-06
8729 2.36415e-08
8734 1.14824e-05
8735 0.000147687
8736 0.00392469
8737 5.14485e-08
8740 4.28967e-06
8743 0.8708
8745 1.33256e-08
8746 0.00192673
8751 4.81454e-05
8754 0.000263969
8758 5.08404e-05
8761 0.00242432
8762 1.88854e-05
8763 1.2903e-06
8765 9.24156e-11
8767 5.4037599999999996e-06
8774 1.9314100000000002e-05
8777 3.1070900000000002e-12
8778 4.7948e-06
8779 7.28609e-08
8780 6.249630000000001e-06
8781 6.389919999999999e-06
8782 1.7324500000000001e-07
8785 0.000132974
8786 3.3335e-05
8787 6.032050000000001e-10
8788 5.8197400000000003e-08
8789 0.996366
8791 9.46755e-07
8792 2.86388e-10
8795 4.13272e-07
8797 8.28557e-06
8798 0.00935094
8800 6.87939e-08
8802 4.18849e-06
8803 7.69943e-07
8804 4.94145e-05
8807 4.8657e-05
8808 8.32333e-06
8812 0.0334264
8816 5.03195e-06
8818 3.0327399999999997e-05
8820 1.91243e-05
8821 9.153330000000001e-06
8824 4.35044e-08
8825 1.16223e-07
8827 0.00013623299999999998
8828 0.00024848
8829 2.04621e-09
8830 2.85828e-07
8832 5.62017e-05
8834 2.5036099999999995e-08
8839 6.23693e-11
8842 2.02264e-05
8844 2.30013e-07
8845 5.9037800000000005e-08
8846 3.01721e-07
8850 3.82445e-07
8851 4.75211e-08
8852 4.06817e-09
8853 0.000179399
8855 0.989168
8857 1.03997e-05
8860 8.835089999999999e-07
8861 0.000438001
8863 0.000223632
8864 1.5032299999999998e-08
8866 0.216948
8868 8.78781e-06
8869 0.00255665
8870 8.953880000000001e-12
8875 3.6481e-09
8877 0.253653
8881 8.26962e-09
8882 1.19696e-08
8887 2.03475e-09
8889 7.885149999999999e-09
8893 0.792617
8894 4.46627e-05
8895 4.4034999999999994e-07
8896 1.67175e-07
8897 2.0363e-07
8898 3.11302e-07
8899 1.70889e-05
8901 6.8529399999999995e-06
8902 0.00046395199999999995
8903 0.00741309
8904 0.000261058
8906 0.00014032700000000001
8907 1.79167e-05
8908 2.0871e-05
8910 0.00161187
8912 1.12059e-07
8915 9.84282e-06
8916 1.04471e-05
8918 6.28433e-08
8922 3.78389e-05
8924 1.8131099999999997e-06
8925 1.19168e-08
8928 0.000122215
8934 6.04025e-17
8935 3.31919e-09
8937 5.65181e-07
8938 1.68945e-05
8941 5.04234e-06
8945 1.58272e-05
8946 2.64378e-06
8947 9.2598e-06
8949 3.97655e-09
8950 1.59508e-11
8952 3.72785e-07
8954 8.45981e-06
8956 1.40629e-15
8957 4.45868e-08
8959 3.47354e-05
8963 5.16784e-05
8964 4.28699e-06
8972 6.723779999999999e-09
8974 1.8802599999999998e-06
8977 9.18479e-10
8981 1.2435e-10
8984 0.000146785
8986 3.3493199999999996e-06
8990 5.88642e-07
8991 1.2247e-06
8992 0.000314988
8993 0.000145441
8994 0.000200234
8996 1.8219299999999999e-06
8998 0.000999717
9001 3.62284e-05
9003 7.40534e-05
9008 8.84871e-11
9009 4.2879799999999996e-05
9010 1.8260499999999999e-06
9011 0.010431600000000001
9012 5.788989999999999e-09
9013 1.4829500000000001e-05
9014 1.1866e-05
9017 5.133250000000001e-07
9021 0.000304699
9023 6.975510000000001e-12
9025 2.34284e-09
9026 0.00195391
9028 2.14954e-11
9030 0.00100736
9031 0.00432032
9033 0.00217659
9038 3.73389e-08
9040 0.000192983
9041 3.9464599999999994e-10
9043 3.60345e-06
9044 4.72693e-11
9046 6.65951e-06
9047 1.6080700000000004e-10
9050 8.93871e-11
9052 5.84643e-06
9054 0.000853496
9055 0.000300642
9056 8.12338e-07
9057 1.66046e-07
9061 1.4552e-10
9062 0.000165211
9065 1.7598699999999999e-06
9067 3.1877e-06
9069 8.74755e-12
9070 4.78109e-07
9071 5.15815e-10
9074 3.56585e-09
9075 1.1998399999999998e-05
9076 0.013636099999999998
9077 0.000127666
9081 1.3156899999999999e-06
9082 0.00012451700000000001
9083 9.307139999999999e-05
9084 9.278519999999999e-06
9088 0.00034814300000000003
9090 1.5414e-07
9092 1.40131e-05
9093 1.38896e-05
9095 2.33516e-06
9096 2.02188e-09
9097 1.69286e-07
9101 9.72545e-07
9102 7.41737e-05
9103 7.192350000000001e-09
9104 0.000451634
9107 0.00010896
9109 0.000125649
9110 1.9242799999999998e-05
9111 8.023619999999999e-07
9115 1.01114e-05
9118 2.5098400000000005e-09
9119 3.25567e-07
9120 0.273833
9122 0.061864999999999996
9124 0.00034351
9125 3.21567e-05
9127 1.01031e-05
9130 7.5558000000000006e-06
9132 1.0671e-06
9134 0.9929549999999999
9135 0.000299297
9137 2.55021e-06
9139 1.42675e-08
9140 0.000616905
9142 9.12935e-10
9143 7.28427e-08
9145 5.35918e-14
9146 2.76538e-06
9149 8.30148e-06
9152 1.5711299999999999e-07
9154 4.22908e-06
9156 4.1077299999999994e-09
9158 1.5520799999999998e-13
9164 4.87076e-05
9165 7.78782e-08
9167 3.20288e-13
9169 0.000416707
9170 0.00300132
9171 1.867e-05
9172 1.42451e-07
9176 1.31595e-05
9182 1.54006e-06
9183 9.11473e-12
9188 2.25712e-07
9190 6.324350000000001e-09
9198 2.20856e-15
9199 6.98909e-07
9201 0.00011156700000000001
9203 0.8309780000000001
9204 0.000564951
9206 1.6647000000000002e-05
9207 0.0206554
9210 3.49808e-05
9211 3.7131e-13
9216 1.4652600000000001e-06
9217 2.2145e-12
9219 0.000254158
9220 0.011208
9222 1.93232e-09
9223 3.46987e-05
9225 0.0158685
9226 2.75437e-11
9228 0.00052489
9229 1.1769000000000001e-08
9231 3.44042e-06
9232 0.00109388
9233 2.02651e-05
9234 3.8801099999999997e-07
9235 0.575328
9237 2.55405e-12
9240 6.83505e-08
9241 0.023693099999999998
9243 4.27721e-09
9248 2.18366e-07
9253 4.99212e-06
9256 6.2463199999999996e-12
9257 4.6500599999999995e-06
9258 9.353880000000001e-12
9260 0.975418
9261 0.00478874
9262 7.534760000000001e-06
9263 2.56809e-05
9264 0.000291701
9265 1.8120999999999998e-05
9266 0.00017480799999999998
9267 2.2572699999999998e-05
9274 6.22209e-08
9275 0.014545500000000001
9276 4.72362e-06
9277 3.00904e-08
9280 5.93588e-07
9284 0.000635328
9292 0.000830606
9293 1.69399e-05
9294 0.000106158
9297 2.2772799999999997e-06
9298 0.00015816299999999998
9300 2.22848e-05
9301 0.00276894
9302 9.14026e-10
9304 0.00150959
9305 2.71286e-11
9310 1.60666e-05
9311 7.70605e-06
9313 1.67051e-07
9314 0.00133799
9317 1.86139e-11
9319 7.46267e-11
9320 0.00019484599999999998
9321 1.34087e-07
9322 3.15253e-06
9328 8.369210000000001e-08
9329 1.09248e-05
9332 1.5051300000000001e-05
9335 1.4090200000000001e-06
9338 1.17988e-11
9340 0.279564
9341 4.1492e-06
9344 0.000146437
9345 1.16176e-07
9346 4.74696e-07
9352 2.12414e-05
9353 1.84958e-08
9355 2.35335e-09
9356 0.00294404
9357 5.2695e-07
9360 4.0455399999999996e-07
9361 2.62089e-06
9363 1.97535e-10
9364 8.317159999999999e-07
9366 3.3467599999999998e-12
9367 4.10647e-05
9369 2.4732199999999997e-05
9370 2.2013000000000002e-09
9372 0.974036
9376 1.01013e-08
9379 0.000176885
9380 1.8651400000000002e-05
9381 9.143239999999999e-10
9383 1.4918800000000002e-09
9384 0.0399037
9385 4.3693800000000004e-07
9387 0.000155381
9390 6.35643e-13
9391 0.00026336
9395 7.68517e-09
9396 0.157834
9397 1.5217199999999999e-06
9399 0.894007
9400 0.00449696
9402 6.85907e-05
9403 0.000117435
9404 5.92242e-05
9415 0.0005459169999999999
9416 3.47376e-11
9423 1.23125e-05
9425 2.13544e-05
9426 0.0013890999999999999
9427 0.000101216
9428 7.02684e-05
9430 3.2896e-11
9431 1.51759e-07
9435 0.000179502
9436 0.00219875
9441 1.69995e-05
9442 5.59856e-17
9444 0.000280212
9447 2.8168400000000003e-12
9449 4.71436e-08
9450 0.000647865
9451 1.40439e-10
9452 6.755889999999998e-08
9453 6.2500499999999996e-06
9462 1.96945e-10
9467 0.000321964
9471 0.00133284
9473 2.39799e-06
9474 4.889410000000001e-07
9475 7.96289e-09
9478 0.000152077
9482 3.24596e-09
9483 4.23293e-12
9485 2.5584400000000002e-05
9486 1.78831e-07
9487 2.29243e-06
9489 0.0151079
9492 4.38235e-07
9493 4.646399999999999e-09
9495 0.000907595
9498 8.08087e-06
9501 0.983585
9503 8.52937e-07
9505 5.88749e-06
9506 0.0242676
9509 4.642340000000001e-06
9510 2.26586e-08
9511 6.38346e-06
9513 5.53962e-06
9514 1.0421e-06
9521 5.11779e-06
9522 3.7356900000000002e-06
9525 1.2049000000000001e-08
9529 1.74881e-07
9530 0.07917360000000001
9534 3.4792800000000004e-10
9535 2.94957e-06
9536 2.6704200000000006e-10
9538 0.0798778
9539 4.39307e-06
9544 1.93059e-07
9547 6.45684e-07
9548 0.967017
9552 1.2146799999999999e-06
9553 9.15952e-06
9554 1.49298e-07
9555 0.036579
9556 0.00010122399999999999
9559 0.000262186
9561 1.1737999999999999e-08
9563 1.2738e-07
9564 1.2819200000000001e-05
9569 0.00266214
9570 0.00110351
9572 5.45817e-05
9574 1.1699200000000001e-06
9575 4.20627e-07
9578 0.00280981
9581 1.9175e-08
9582 5.11992e-05
9583 2.2955500000000002e-07
9589 6.86054e-07
9590 2.74422e-08
9592 2.77529e-07
9593 1.46017e-07
9594 7.16164e-05
9595 0.270586
9599 1.64487e-06
9601 1.57138e-06
9602 2.60114e-12
9604 2.5594899999999998e-05
9606 0.0009499010000000001
9607 0.00110376
9608 7.636549999999999e-06
9610 4.69908e-05
9612 3.81344e-06
9616 1.81155e-06
9622 1.0304799999999999e-10
9624 1.6940899999999998e-07
9625 0.198544
9626 4.07881e-08
9628 1.07664e-07
9630 8.80947e-06
9631 3.8161199999999995e-06
9632 3.10376e-07
9633 9.60491e-07
9635 0.46310100000000004
9639 1.61232e-05
9640 1.3747999999999998e-09
9642 3.7233e-05
9643 0.141347
9645 2.6845700000000003e-07
9646 1.50301e-09
9648 5.3164699999999994e-06
9651 1.4713200000000001e-06
9652 2.47967e-12
9653 7.762589999999999e-08
9657 2.81667e-07
9660 7.17217e-07
9661 0.000335919
9662 2.2189700000000003e-06
9663 4.63199e-07
9665 5.20557e-05
9669 1.39406e-07
9672 2.33765e-07
9673 9.122610000000001e-09
9674 6.804199999999999e-10
9675 1.62267e-09
9677 6.97164e-06
9680 1.0237100000000001e-08
9682 0.9975
9683 9.543460000000001e-07
9688 3.7502899999999996e-07
9689 5.4359599999999997e-08
9690 1.3491199999999999e-05
9694 0.0211364
9696 1.86039e-05
9697 1.50539e-06
9701 2.6342899999999998e-05
9704 0.0006933639999999999
9705 3.64689e-07
9708 3.53768e-08
9714 0.038118599999999996
9715 1.38281e-07
9716 2.0069099999999997e-15
9720 3.90772e-11
9722 0.000302544
9723 5.51385e-09
9725 0.042293
9727 0.036206300000000004
9728 6.00497e-06
9730 0.011404799999999998
9731 3.67443e-11
9736 7.93991e-05
9739 2.97343e-06
9740 8.592210000000001e-08
9741 1.8051e-05
9742 5.09772e-06
9744 6.234700000000001e-06
9750 0.000466645
9751 0.9839950000000001
9752 2.5999699999999998e-05
9753 0.000224514
9757 5.01537e-08
9759 1.44283e-07
9760 0.000537322
9765 2.4741e-06
9766 2.15012e-09
9768 0.00046036
9769 0.00158859
9770 0.000528201
9771 0.00203383
9775 3.44986e-11
9777 0.000487126
9779 5.97848e-05
9782 2.4987099999999997e-06
9783 0.00025356900000000004
9784 0.616997
9786 2.11375e-05
9787 1.0803900000000002e-05
9788 6.76022e-11
9791 0.654363
9793 4.27778e-06
9795 2.22557e-09
9798 4.43229e-06
9799 9.93722e-08
9802 9.18508e-09
9803 0.000451005
9804 4.52214e-05
9806 0.000104771
9811 6.28264e-05
9812 8.564239999999999e-05
9814 2.25306e-07
9815 1.19849e-06
9817 4.8809e-06
9818 0.00608695
9820 5.13131e-07
9821 5.27027e-10
9824 0.00416314
9826 2.93721e-09
9827 0.997664
9829 0.000180005
9835 8.24547e-06
9837 2.77899e-06
9838 0.00347226
9840 2.0916299999999998e-10
9843 0.00405006
9844 0.886518
9846 6.3070899999999996e-09
9847 7.6108800000000006e-06
9849 0.00031709
9850 5.50076e-07
9853 1.95348e-05
9854 1.42534e-06
9856 0.010777600000000002
9857 0.000417709
9861 0.000124224
9864 0.38707800000000003
9866 7.46627e-10
9871 6.0285e-07
9873 1.53327e-06
9875 3.87621e-06
9876 9.094010000000001e-14
9883 0.242941
9885 0.000136904
9888 9.05547e-07
9889 0.00139248
9890 1.24972e-11
9891 0.0436835
9892 9.29542e-05
9893 2.3249500000000002e-07
9895 6.75674e-08
9899 1.3731099999999998e-09
9901 0.000107459
9903 6.29402e-05
9906 1.27415e-07
9907 3.24982e-05
9909 1.48575e-05
9910 1.87195e-05
9912 9.6449e-05
9914 8.388430000000001e-06
9915 5.53972e-08
9916 2.89175e-08
9919 8.31658e-05
9921 0.0217054
9922 1.95312e-09
9924 1.34069e-05
9925 3.60916e-12
9927 1.04168e-06
9928 4.02194e-06
9929 0.000342352
9930 3.34106e-07
9931 0.000147024
9933 7.2925e-06
9934 0.00866863
9936 0.000426783
9937 0.00107805
9941 9.34475e-06
9943 2.99469e-07
9948 1.9445999999999998e-07
9951 0.131009
9952 3.92853e-09
9953 8.362919999999998e-08
9956 6.772380000000001e-08
9957 8.66978e-06
9960 5.084449999999999e-07
9962 1.64326e-05
9963 0.0200962
