1 0.0287964
2 4.92487e-05
3 0.000584199
4 5.98221e-05
6 0.0316961
8 0.0445308
10 0.000551444
11 8.05427e-06
13 3.006e-05
14 8.15284e-06
15 5.1996499999999996e-05
18 6.79328e-05
22 2.3653400000000003e-06
25 0.00329977
27 6.42785e-05
28 1.02928e-06
29 0.00248357
31 1.8956500000000002e-08
37 0.010798299999999999
38 4.2918900000000004e-10
40 8.06308e-15
43 0.00960567
45 0.988287
49 0.04360719999999999
53 0.00135813
54 1.89758e-08
55 8.66275e-06
56 0.000116876
57 6.82796e-19
58 2.15292e-06
59 0.048521100000000005
62 3.63652e-06
67 7.017399999999999e-09
68 1.58361e-16
69 5.90057e-06
70 0.0195326
71 3.17307e-13
74 1.79393e-05
75 0.000909799
76 1.54861e-05
79 0.00118689
80 1.565e-05
82 2.8951100000000004e-09
84 0.12446099999999999
85 0.00279614
86 0.000159545
87 0.000312701
88 0.00126802
90 0.0251457
92 5.5649499999999996e-05
94 1.4201499999999999e-06
96 0.0454131
97 0.0863105
98 0.0115916
100 2.17052e-05
103 8.35984e-05
105 1.27597e-07
106 9.93184e-15
108 0.000908849
111 0.000291144
114 0.00649786
115 1.46387e-08
116 8.04345e-07
119 5.099280000000001e-06
124 0.000507099
126 0.00194812
127 0.000746142
128 6.0876800000000005e-06
135 0.0007919610000000001
136 0.0758092
137 0.00196333
139 1.4055600000000002e-08
144 0.00224167
145 0.000214265
148 1.9845200000000002e-21
149 1.6583200000000003e-07
151 0.0101169
152 1.5532e-11
155 0.000205253
157 0.022736799999999998
160 0.00993045
166 0.000209962
167 0.000107497
168 0.000377595
172 4.21706e-12
175 2.79431e-08
176 2.9002999999999996e-06
178 2.2716199999999998e-05
179 3.05245e-07
181 0.0121094
182 0.0007275760000000001
183 0.0010824
185 0.197364
186 0.000969267
188 3.87413e-09
191 0.000118886
195 9.76758e-09
196 0.0151016
197 2.62155e-08
199 1.08582e-13
201 9.06113e-09
202 0.00157563
204 0.837377
205 0.00520382
206 0.00044414
212 0.0009531419999999999
213 0.0795844
216 7.964839999999999e-09
217 0.0311107
223 5.0473e-05
226 0.00320693
227 0.42728900000000003
230 9.17879e-08
231 4.700930000000001e-06
234 0.000294415
237 0.00182798
238 9.55007e-05
239 2.8755e-10
240 1.06887e-08
243 3.54942e-10
247 0.00020051400000000003
248 0.000255228
252 0.000167619
253 2.4723099999999998e-08
254 0.00012203299999999999
255 0.00027112
258 0.00904596
260 6.52197e-08
261 5.652620000000001e-09
264 0.00218647
265 0.347945
267 1.52245e-05
271 0.000346464
272 0.00500761
273 0.00018031900000000002
274 4.61095e-12
277 0.00546708
279 0.000510701
280 0.00828671
281 0.00023187200000000002
283 9.701399999999999e-11
284 1.82014e-08
286 0.000649048
287 0.00238253
290 4.79226e-05
291 0.809837
292 0.000119768
293 6.22803e-08
295 8.31275e-05
297 0.00292389
299 0.00469018
300 0.00012025
301 0.000120244
309 1.38202e-12
310 0.0103229
313 1.82854e-05
314 0.0158777
315 0.0216102
316 2.1730700000000002e-05
319 0.00018774599999999997
324 0.00191907
326 5.2271499999999996e-05
327 0.131166
330 0.00251286
333 4.876980000000001e-08
335 0.00278668
339 0.00920667
341 1.30388e-06
342 0.5097649999999999
345 6.27536e-06
346 0.00544292
348 7.75107e-11
350 1.34754e-12
351 4.04558e-07
353 1.54586e-09
356 0.000132322
357 1.35764e-07
358 1.7715900000000003e-10
360 6.4078e-09
361 0.000944877
362 0.000718804
364 7.3462e-14
365 3.1941599999999994e-08
366 0.047344599999999994
368 0.00622213
369 0.020693299999999998
371 0.0005563219999999999
375 1.2573800000000001e-05
376 0.00015082
377 0.00149547
378 5.37755e-06
383 1.55298e-12
384 0.00980638
385 0.320367
386 3.80881e-05
388 0.0331061
389 0.012522700000000001
390 5.8066000000000005e-08
392 1.19345e-05
393 7.20925e-05
397 0.130491
398 2.5147600000000003e-05
399 2.9134e-05
401 0.000152046
402 1.7219e-07
405 0.00812853
409 0.000469688
410 1.82453e-05
412 1.1604799999999998e-06
413 0.000473183
414 0.939989
415 1.03619e-06
418 0.000639399
421 0.284453
422 0.00028092
423 0.0112449
425 1.27295e-05
426 2.9132799999999996e-06
429 0.00929274
432 0.00010039
434 3.33609e-05
436 6.96707e-08
437 2.41159e-06
440 4.2354700000000005e-09
441 2.112e-07
442 1.9309100000000002e-07
444 9.52801e-08
445 3.66644e-06
447 0.00140556
449 6.38864e-06
451 4.15075e-08
452 0.052161
453 5.219680000000001e-10
455 0.00022675900000000002
456 6.22322e-05
457 0.00431601
458 0.000280408
465 4.44532e-09
466 0.000478269
467 3.23272e-09
471 0.000135229
472 7.715170000000001e-19
473 0.000277113
475 7.88627e-09
478 0.00147122
479 0.06700110000000001
481 0.0014311
485 0.000255189
487 0.0174798
488 8.21666e-11
490 0.00618721
493 0.0114145
495 0.0035534
497 3.87191e-11
502 0.06370319999999999
504 0.00011965
505 2.35718e-08
506 0.00062188
507 5.20107e-05
510 0.046245800000000004
511 5.4366e-06
512 3.64286e-08
517 0.0132858
521 9.513380000000001e-06
527 4.80042e-11
529 0.00033591199999999995
532 5.4491499999999995e-09
533 0.00576619
534 0.0122506
536 3.96129e-10
538 5.3479300000000005e-06
539 0.000121648
542 7.1510600000000015e-06
546 2.63233e-05
547 0.00134793
548 1.20638e-08
551 0.029248200000000002
553 6.93706e-11
556 7.07227e-07
557 1.83693e-05
558 0.00145427
560 0.00199099
561 1.71262e-12
562 1.4096999999999999e-08
566 0.0857586
567 3.6654699999999998e-09
568 2.67873e-07
569 5.790390000000001e-13
570 7.0264799999999995e-09
571 0.000102922
572 2.2436800000000001e-07
573 0.00276425
574 2.27131e-08
575 0.000184195
576 1.2366e-05
578 0.0008390839999999999
580 5.7053900000000006e-05
584 8.21307e-05
585 1.16499e-11
586 7.336439999999999e-06
587 0.00624594
593 1.89573e-12
594 1.21826e-05
595 0.12776099999999999
596 3.47306e-05
600 0.00273931
602 1.2982e-05
603 0.014543100000000002
604 3.93161e-05
606 0.0227828
607 8.13753e-08
611 0.013563399999999998
614 2.30012e-10
615 0.0136932
616 0.00195293
617 0.00035545
618 0.000366509
621 0.0933192
623 0.00160194
624 1.16401e-09
627 1.8896899999999998e-07
629 0.000149048
630 1.62594e-09
631 0.33986700000000003
634 4.43582e-05
636 2.97136e-07
638 5.11202e-06
639 6.09206e-05
640 5.6659100000000003e-08
641 0.0006578980000000001
642 0.030260900000000004
643 0.00142071
644 0.998281
646 2.19678e-09
649 5.25188e-07
650 3.97119e-05
651 0.00032375599999999997
652 0.0066485
655 3.41312e-09
658 0.185134
659 0.9880469999999999
662 2.89739e-08
664 0.00471594
665 7.00947e-11
666 7.27911e-05
668 2.08654e-07
669 2.5893800000000003e-05
670 0.107948
673 0.000374072
674 0.00777541
678 1.68124e-07
679 7.1653e-08
681 2.41122e-06
683 0.0147495
687 2.6395e-11
691 8.18597e-06
692 0.0006664819999999999
693 2.2462199999999996e-05
696 5.2563e-07
697 8.845989999999999e-06
698 0.00016560900000000002
701 0.00202499
703 1.177e-05
704 0.00029514200000000003
706 5.1067200000000005e-05
708 0.053963
715 1.7457899999999998e-09
716 0.0732778
718 0.0116008
719 1.15406e-07
721 3.59388e-07
722 0.000428935
723 4.0121000000000003e-07
724 1.50447e-11
725 0.000206745
727 4.953230000000001e-06
732 1.06649e-05
734 2.48992e-06
735 8.93847e-06
736 6.28734e-11
737 0.0454112
741 1.8151900000000002e-09
743 0.0008356430000000001
744 0.000939743
745 6.803899999999999e-05
747 3.0955e-13
749 0.000929565
751 0.00609987
757 1.75547e-10
758 0.990276
759 0.000391005
762 0.000823689
765 0.0137306
766 0.00136975
769 0.00395957
773 5.21048e-07
775 3.8332800000000006e-08
778 0.000118135
779 2.6683599999999997e-08
781 0.00342499
783 0.000538641
784 0.013099000000000001
785 0.00130887
788 2.85753e-09
789 1.17988e-10
790 0.0510925
792 1.04372e-05
795 6.72105e-06
798 4.84098e-10
801 1.2017e-10
803 4.87119e-05
807 0.0011879000000000002
809 1.03756e-10
811 1.09785e-13
813 0.9896360000000001
817 0.000443915
819 0.0001653
821 1.19391e-09
824 2.08456e-05
825 1.1183e-07
833 0.00055291
835 1.5451199999999997e-09
836 2.51191e-06
837 2.9996799999999997e-05
838 9.76034e-17
839 0.000914557
840 0.201126
841 0.00028043400000000003
844 5.759810000000001e-09
846 3.52825e-05
852 0.00013658
853 0.000105994
856 0.112072
858 7.17416e-08
861 3.27699e-05
864 6.40963e-11
866 1.04677e-05
869 0.00720586
870 0.03694480000000001
873 0.00207025
875 7.54186e-07
877 0.0604422
881 9.70707e-10
883 0.0647644
884 1.36341e-07
886 0.0185452
890 0.00250479
891 8.84831e-06
893 0.00243034
894 1.06799e-07
897 0.093376
901 0.0285783
905 0.0020870000000000003
907 0.000978832
909 0.011865
910 3.42247e-05
913 0.00216077
914 0.000650155
916 8.37566e-11
922 0.00023715400000000003
924 6.94866e-09
925 3.3448e-08
927 0.00208389
928 1.3342999999999999e-05
930 5.0937500000000005e-09
932 4.50017e-09
933 0.000144587
938 0.175677
939 0.055224699999999995
940 9.554620000000001e-05
941 0.00270424
942 2.12989e-07
944 0.0225548
945 9.140060000000001e-12
952 0.072337
953 0.00184976
955 0.0357466
956 0.0724852
957 0.000179025
959 0.00542932
960 0.00844309
961 0.0187248
963 0.000500939
968 3.36788e-08
969 0.0151631
970 0.00012423
974 0.9246190000000001
975 0.0242923
976 0.0008854760000000001
978 0.00033918800000000003
979 0.00042606800000000004
981 0.011182
983 0.051768299999999996
984 0.000104819
985 1.0909100000000001e-09
986 0.06819960000000001
988 0.00536381
990 0.016916999999999998
992 5.4149900000000006e-08
994 0.9225559999999999
995 3.77932e-07
998 1.34831e-07
1000 0.00292112
1003 1.33509e-09
1005 2.17684e-07
1006 0.000136973
1007 0.978317
1013 1.65752e-05
1016 3.05058e-05
1019 5.9571e-08
1020 0.024063400000000002
1021 5.72821e-07
1022 1.3098100000000001e-08
1023 0.0178804
1025 0.00021140599999999997
1026 0.000146069
1029 0.976567
1030 3.74852e-05
1031 2.65253e-06
1032 2.9709699999999998e-05
1033 4.3899e-06
1034 3.60374e-06
1035 0.00819172
1037 0.00368479
1038 0.06004740000000001
1039 0.00905364
1040 0.010364700000000001
1044 0.000604677
1046 9.783639999999998e-06
1047 0.000208858
1048 0.013563999999999998
1049 1.66632e-05
1051 5.48344e-16
1054 0.00168677
1055 0.0134338
1058 0.00050408
1059 3.32266e-05
1063 0.00389931
1065 0.0398602
1067 4.4270299999999995e-05
1070 6.5569300000000004e-09
1075 0.00133364
1076 0.00180245
1080 0.000126229
1081 0.0103917
1085 1.39851e-12
1086 0.0592337
1087 0.0250892
1088 0.041231699999999996
1089 2.15988e-05
1090 4.44825e-07
1094 1.2933499999999999e-05
1095 0.0165799
1096 1.24796e-11
1098 3.25409e-09
1099 0.000398636
1100 0.00821215
1103 0.00813115
1105 0.00140384
1108 0.00266216
1111 0.00134674
1114 0.00046099300000000004
1115 2.7911299999999997e-08
1116 0.00180961
1117 0.040599300000000005
1118 0.000829651
1120 0.000279207
1122 8.19265e-10
1123 0.00705033
1126 1.75222e-11
1128 0.00191532
1131 0.00233292
1132 0.00722321
1133 0.0006005769999999999
1134 3.03609e-09
1135 6.24565e-07
1138 0.029012599999999996
1139 0.000307133
1141 3.5115e-05
1146 3.69513e-05
1150 3.20597e-06
1153 1.6493599999999997e-05
1155 1.36922e-07
1157 2.02206e-09
1159 0.08418439999999999
1162 0.00179443
1163 0.0371555
1165 0.00498221
1167 0.0524756
1169 0.0896129
1173 0.223176
1177 0.021227
1178 2.62821e-07
1179 0.16858499999999998
1180 0.153941
1181 3.02914e-18
1183 0.000552716
1188 1.30118e-08
1189 0.000619403
1190 0.000126326
1193 1.3055e-06
1195 0.007940899999999999
1196 3.00336e-09
1197 0.00743584
1198 2.59163e-13
1202 0.00878051
1208 0.00681965
1210 0.000747315
1213 0.00141733
1216 0.0613331
1217 0.0024423
1218 7.78725e-09
1219 0.0235763
1220 0.0003946
1222 3.73262e-05
1223 3.50831e-09
1227 0.00031855
1228 0.0031436999999999997
1232 0.000271863
1235 1.71165e-06
1238 3.04396e-12
1242 0.0109235
1243 0.00290982
1244 0.00224253
1245 2.01713e-05
1246 0.00598632
1249 0.00025701099999999997
1251 0.00811112
1252 1.3202400000000002e-07
1253 0.0131821
1255 0.000212262
1256 7.37979e-05
1257 0.00311236
1261 0.00633437
1262 1.22049e-20
1264 1.4148199999999999e-09
1267 4.84049e-07
1271 0.000342019
1275 2.60267e-07
1276 0.0447905
1278 2.3072500000000002e-07
1280 8.45241e-11
1282 0.00115473
1283 9.47374e-06
1285 2.11291e-07
1291 0.00401757
1295 5.92742e-06
1296 5.41094e-11
1297 0.00952031
1300 0.00067117
1301 4.4273300000000005e-08
1302 0.00105638
1303 0.00203831
1305 0.000437192
1306 3.0116e-09
1307 0.00012657600000000002
1308 0.00140971
1313 0.000157185
1317 7.00971e-05
1318 6.66599e-07
1319 0.0504265
1320 1.76672e-05
1321 7.70462e-06
1322 0.00212226
1328 0.011962100000000002
1329 5.00771e-05
1331 4.57273e-11
1335 3.70416e-07
1336 5.710769999999999e-10
1338 0.63159
1339 0.00896548
1340 0.07571189999999998
1342 5.5138699999999994e-06
1344 3.9223099999999996e-06
1347 0.00525009
1349 0.012633799999999999
1351 0.0124976
1353 0.000667235
1354 0.00324808
1355 1.30315e-06
1356 6.7259e-12
1357 2.99068e-07
1358 2.605e-05
1359 6.999219999999999e-07
1363 0.909529
1366 1.38867e-05
1367 0.950218
1368 0.00387604
1369 2.0716299999999998e-16
1370 3.2246199999999996e-09
1372 0.0109212
1373 1.7826799999999997e-08
1374 0.290777
1376 2.2507e-05
1377 0.00108095
1379 1.18255e-08
1380 0.00919465
1381 6.8622e-07
1382 0.00793568
1389 0.00357581
1391 7.85628e-05
1392 0.0121675
1394 5.745289999999999e-09
1396 0.000581104
1398 1.74269e-05
1399 1.13112e-05
1401 3.92088e-05
1403 1.04331e-07
1407 0.00101559
1410 2.99632e-07
1411 3.82149e-05
1412 2.83062e-05
1415 0.0008119830000000001
1416 2.61301e-06
1417 6.91329e-06
1419 0.00212566
1422 3.2777499999999997e-06
1423 0.0298319
1424 0.000367117
1425 0.000816172
1428 0.0111212
1429 0.020886500000000002
1431 0.00011702
1433 3.2051799999999997e-06
1435 6.07019e-09
1437 3.4356000000000004e-07
1438 0.000130704
1440 6.870739999999999e-14
1446 3.22205e-08
1447 1.62833e-10
1448 0.00106246
1449 7.804249999999999e-06
1452 0.000153904
1454 3.58213e-05
1456 0.017175299999999998
1458 0.00136213
1459 0.035849900000000004
1461 0.00674115
1462 0.00022840000000000002
1469 0.000316312
1471 1.2421600000000001e-05
1473 0.00270377
1474 6.07197e-10
1476 2.1680200000000003e-10
1477 6.40356e-09
1478 0.00266339
1482 6.239800000000001e-05
1487 0.00062777
1489 0.000201869
1491 2.8255399999999997e-09
1495 0.0243513
1496 6.4803300000000005e-12
1500 0.807066
1502 4.029290000000001e-06
1503 0.000699353
1505 0.000832238
1506 0.00269038
1507 0.00473772
1508 0.00194543
1511 1.9684900000000002e-16
1513 0.518213
1516 3.71583e-13
1518 0.101622
1519 0.555542
1520 0.000719913
1525 1.4625700000000002e-08
1527 1.0786e-07
1530 5.98825e-05
1533 0.00365448
1534 0.0752764
1535 0.00040356
1538 9.25112e-08
1540 0.038047000000000004
1542 0.0417543
1546 0.8751760000000001
1547 2.80899e-11
1549 0.00408249
1550 4.91288e-13
1551 0.41585200000000005
1552 9.03711e-11
1558 0.0097289
1560 1.51616e-13
1562 0.00152727
1564 0.00036504800000000003
1566 0.0769433
1567 1.35769e-06
1568 0.00121038
1569 0.00143917
1570 3.77199e-05
1572 4.26224e-17
1573 2.0469000000000002e-07
1574 0.0349471
1575 2.4111599999999998e-05
1578 1.47499e-07
1581 0.0114965
1583 0.00173924
1584 0.00621396
1585 0.0857031
1587 7.48002e-05
1589 0.00104669
1591 2.20651e-11
1592 0.00674559
1596 0.00815166
1599 0.044491
1600 0.0182778
1601 0.000294785
1602 5.01178e-06
1605 0.000278353
1606 2.99411e-07
1609 5.9797600000000005e-05
1613 8.39339e-06
1615 2.34436e-07
1616 0.000119276
1619 4.8892e-10
1620 5.3083e-09
1621 1.0084799999999998e-08
1623 1.07056e-11
1624 6.22679e-05
1625 2.39589e-05
1626 1.3674e-10
1629 0.012913399999999998
1631 0.000394889
1634 3.1408299999999996e-06
1635 6.9274e-06
1637 5.6722200000000004e-05
1639 0.00042406199999999995
1641 1.4370399999999999e-05
1644 5.67054e-05
1645 7.32285e-06
1646 8.49787e-06
1648 0.00241749
1652 0.00873499
1655 0.00156471
1656 9.03508e-05
1657 0.239796
1658 4.57836e-10
1659 2.1774799999999998e-06
1660 3.72317e-09
1663 0.000712957
1664 8.88159e-05
1665 0.00011977
1666 0.00211187
1667 5.19342e-05
1668 7.68949e-05
1670 5.43465e-07
1671 0.0328431
1672 1.9121e-08
1674 0.000123472
1679 2.62566e-07
1681 3.4868400000000003e-07
1687 1.3286e-06
1692 3.5877399999999996e-05
1694 1.8987200000000002e-07
1695 0.0829839
1696 0.0118835
1697 0.000248465
1698 3.4658e-07
1700 1.1790799999999999e-05
1701 0.132613
1702 3.37048e-06
1703 0.000250995
1704 0.984714
1705 4.06371e-07
1706 0.0127087
1709 3.48677e-08
1710 8.23167e-05
1712 0.00187471
1715 0.00176203
1716 0.013718000000000001
1719 5.78879e-07
1720 0.020770900000000002
1722 0.0700968
1728 0.033383499999999997
1731 0.00772951
1735 0.00346565
1736 1.83418e-06
1737 1.1069000000000001e-11
1740 1.7263e-05
1742 0.0412434
1743 0.00312064
1744 4.4986400000000005e-09
1745 0.00348351
1748 1.24446e-07
1751 0.0198757
1753 0.00016868799999999998
1757 0.00412368
1760 0.00036239599999999996
1762 0.000797537
1763 0.0218261
1764 1.7325399999999997e-07
1767 0.00332835
1769 0.00187588
1770 0.00192413
1773 0.0009586169999999999
1774 0.0167442
1776 0.000144094
1779 0.00111909
1781 0.00690646
1783 0.0009401689999999999
1786 0.00349227
1788 6.362359999999999e-08
1790 9.8539e-07
1791 0.00776748
1792 0.00617424
1794 1.79516e-06
1796 7.94911e-06
1798 4.94929e-12
1802 0.00012153
1803 8.40932e-05
1804 1.05197e-09
1805 0.0006124290000000001
1808 5.419259999999999e-08
1811 0.15655
1812 5.7965200000000005e-05
1813 0.337895
1814 0.056532799999999994
1815 3.5375e-06
1817 0.00416054
1819 2.6958299999999996e-06
1820 7.437649999999999e-08
1822 4.441350000000001e-09
1823 1.66946e-05
1824 0.9527479999999999
1826 0.212817
1829 2.12824e-06
1831 1.3823e-05
1835 0.000114955
1838 5.75179e-16
1839 2.15595e-05
1844 1.43908e-11
1846 0.178298
1848 1.59137e-10
1850 0.000323477
1851 0.00848379
1852 4.2904000000000005e-06
1856 0.0617659
1857 1.1369300000000001e-05
1859 6.400870000000001e-07
1863 9.03507e-09
1865 0.00227134
1866 0.0329301
1867 2.45221e-06
1868 0.000364058
1869 5.08785e-07
1871 0.991246
1873 6.750589999999999e-10
1874 0.000101649
1876 5.18089e-07
1879 0.11863599999999999
1880 3.05601e-05
1883 1.1292500000000002e-08
1884 0.00145022
1885 0.030092599999999997
1886 0.00109552
1889 3.6976399999999997e-09
1890 0.000243681
1891 7.89987e-08
1893 0.00012148299999999999
1895 6.44883e-06
1897 3.70095e-10
1900 0.00022559599999999997
1905 0.0105718
1908 1.1214e-06
1909 4.3011e-06
1910 9.467360000000001e-05
1912 3.34087e-15
1913 2.37819e-07
1914 0.00102481
1916 2.0093e-10
1917 5.6861099999999995e-06
1919 1.7197799999999998e-09
1921 0.011368099999999999
1923 2.44839e-11
1924 7.37454e-08
1925 8.27484e-07
1926 0.000937919
1929 3.69596e-12
1935 1.0909e-06
1939 1.09922e-05
1942 6.96553e-07
1943 0.0476751
1946 0.014809600000000001
1947 0.0123383
1949 0.00661883
1951 3.96836e-07
1953 3.0456e-06
1955 0.000519597
1956 4.67969e-05
1957 0.113602
1959 4.63771e-17
1961 0.750379
1965 9.59676e-05
1966 0.0111135
1967 1.22789e-13
1968 0.00364439
1969 0.011715
1973 0.00107993
1974 3.23902e-05
1975 0.00018542599999999998
1979 0.00037212199999999996
1983 1.30851e-07
1984 0.00010704100000000001
1986 0.015216899999999998
1987 2.0635499999999998e-10
1988 1.9353300000000002e-07
1990 0.0199424
1991 4.791559999999999e-16
1992 0.00202028
1993 0.112721
1994 5.02991e-08
1996 8.963230000000001e-08
1997 1.01178e-21
1998 1.1765700000000001e-08
2003 1.18312e-05
2005 2.8534199999999998e-06
2007 5.06269e-10
2008 1.25263e-10
2009 0.000722062
2010 0.000109045
2013 0.0111017
2014 5.84916e-05
2016 2.7251e-05
2017 1.31444e-07
2018 0.00034438
2026 0.00296228
2028 0.00398921
2029 2.3846400000000002e-08
2031 5.40644e-05
2032 6.27061e-05
2033 6.62064e-07
2035 0.001074
2038 0.0142843
2040 1.06989e-08
2041 4.31796e-05
2044 1.5962600000000001e-12
2046 0.00020103400000000003
2048 1.80149e-05
2050 0.00014109799999999998
2052 8.91325e-06
2053 6.484580000000001e-06
2057 0.000203862
2059 9.5791e-05
2060 0.000200452
2062 0.8448479999999999
2065 0.00646221
2066 3.6548400000000004e-05
2071 0.00017547
2072 0.00027146099999999997
2073 0.535717
2074 0.119075
2075 0.006201699999999999
2076 0.00368052
2077 0.0072071
2078 8.18506e-08
2079 0.00879271
2080 1.1886e-06
2081 0.902805
2084 9.270739999999999e-05
2085 5.25858e-06
2087 0.0153601
2089 2.3035299999999999e-10
2092 0.00217522
2093 0.990217
2097 0.0106308
2100 5.2901499999999995e-05
2103 9.3961e-13
2105 3.87947e-11
2106 1.88108e-06
2107 0.024537
2110 0.00021281599999999998
2111 0.000272076
2113 6.5618e-06
2115 5.936030000000001e-06
2118 1.40232e-08
2119 0.0635918
2121 0.0038368
2122 0.00698447
2123 0.027398200000000004
2127 5.6189799999999995e-05
2128 0.00110727
2130 4.85931e-06
2131 6.67333e-05
2133 0.000584366
2137 2.44705e-07
2138 0.0141631
2141 0.000206665
2143 3.5346800000000004e-14
2144 0.00290566
2147 3.9071e-05
2148 1.4501400000000001e-09
2149 2.7191500000000002e-05
2150 0.000270303
2154 1.0243799999999999e-10
2157 1.9558800000000002e-07
2159 0.00408824
2160 9.66373e-06
2161 0.00134433
2162 0.009173899999999999
2164 0.21706799999999998
2167 0.0189113
2168 1.0861600000000001e-09
2173 6.16738e-05
2175 3.2266200000000002e-12
2177 7.82868e-09
2185 1.63718e-08
2188 4.53277e-05
2189 0.0011663
2195 0.00299757
2198 0.00202462
2200 0.213923
2203 0.011201799999999998
2204 0.000166243
2205 0.000267916
2206 2.83403e-09
2207 0.00165159
2210 2.21038e-06
2211 0.00118614
2216 3.13498e-07
2217 3.71944e-09
2222 0.00272051
2223 6.646080000000001e-06
2225 4.831499999999999e-06
2227 2.10588e-06
2229 7.36903e-10
2230 0.015952200000000003
2231 0.00153944
2232 0.00110806
2235 0.030080900000000004
2236 7.548040000000001e-07
2239 1.85792e-06
2240 0.0249779
2242 7.594470000000001e-10
2243 0.0201128
2245 3.25474e-07
2246 8.44706e-07
2250 0.032006900000000005
2252 0.25713400000000003
2254 0.0949051
2258 0.960633
2262 0.00219138
2264 0.028632400000000002
2269 0.00029870900000000003
2271 8.32401e-13
2274 3.008e-09
2275 1.13442e-06
2282 0.503599
2283 2.6344499999999998e-05
2286 0.0147369
2289 3.73965e-06
2292 3.06425e-06
2294 1.6213200000000002e-08
2295 0.0160062
2296 0.0201521
2297 0.0197722
2298 0.00970967
2299 0.000857565
2301 0.00018394
2303 0.00129921
2304 0.000192237
2309 4.9583e-16
2312 0.00578339
2313 1.42804e-05
2314 0.000118453
2316 4.82544e-07
2317 2.2617199999999998e-05
2319 5.189680000000001e-10
2322 0.0170882
2325 0.000156789
2326 5.5877e-09
2327 0.000106439
2331 4.10468e-05
2336 3.70694e-11
2338 8.33446e-09
2339 1.22378e-05
2341 7.66139e-05
2344 0.00131731
2346 1.19622e-08
2349 2.69758e-07
2351 2.44581e-07
2353 0.0007757389999999999
2356 0.8335370000000001
2357 0.00120283
2358 0.000443235
2360 2.4519099999999997e-05
2363 0.00044040199999999995
2365 0.00494683
2370 2.63963e-05
2379 2.45401e-09
2380 1.4046699999999998e-07
2381 0.000641586
2383 5.28779e-09
2386 4.7397299999999994e-05
2388 0.027751799999999997
2389 0.00108975
2390 3.31649e-05
2394 0.15893
2395 2.0616099999999997e-06
2396 0.0120074
2397 4.61219e-08
2398 1.0828699999999998e-05
2399 0.000240968
2400 3.95869e-10
2402 8.2409e-11
2406 3.52997e-07
2408 0.0156723
2409 6.4405e-05
2412 2.07057e-06
2414 0.0151828
2416 9.9512e-08
2418 4.0328200000000005e-05
2421 4.56545e-05
2422 4.17978e-08
2424 6.351610000000001e-07
2426 4.85771e-08
2428 0.00521939
2429 0.00150462
2430 0.00234871
2431 7.40904e-05
2432 7.680810000000001e-05
2434 0.00168112
2438 0.14463299999999998
2440 3.81546e-07
2446 2.12518e-08
2447 0.0332336
2449 0.000994547
2451 0.00452386
2453 0.00494948
2455 0.0139379
2457 0.0005073780000000001
2463 0.00345211
2464 6.149700000000001e-06
2467 8.48314e-11
2469 0.274375
2473 1.15751e-05
2474 2.98203e-07
2475 1.9774200000000003e-08
2482 0.000289798
2484 0.000338097
2485 0.028465499999999998
2486 1.48206e-09
2487 8.52858e-05
2488 3.48708e-10
2489 0.000252925
2495 1.9325999999999998e-05
2498 0.0126663
2499 0.00273397
2503 0.25701599999999997
2506 0.00429458
2507 4.30654e-06
2509 0.00734447
2510 3.26566e-07
2511 0.000430486
2515 7.1503e-05
2516 0.030144099999999997
2517 1.3267700000000003e-10
2521 3.27549e-07
2522 9.213849999999999e-07
2526 3.32364e-08
2527 8.46924e-11
2528 0.000597273
2530 3.51445e-10
2531 1.98912e-16
2532 1.26942e-06
2535 0.0017094
2536 1.84812e-05
2538 0.023176
2541 0.00525122
2543 0.000261162
2548 0.00013029100000000002
2550 0.0777576
2551 0.00367676
2552 0.03699790000000001
2553 0.0007286910000000001
2556 0.000165366
2557 7.89357e-09
2560 0.00102025
2562 1.9174700000000003e-06
2568 3.7185699999999997e-10
2570 0.0113404
2573 0.00285492
2574 0.0436517
2575 0.0159743
2576 2.3164299999999998e-05
2577 1.67026e-14
2580 6.14437e-05
2581 0.00834469
2582 0.00011716
2583 0.0022066
2587 0.0008282669999999999
2588 0.00111586
2591 0.00377133
2592 6.47077e-11
2596 3.6606900000000004e-05
2597 0.00283749
2601 0.9751340000000001
2602 1.5173699999999999e-06
2604 0.00043338599999999996
2607 3.24542e-05
2608 0.860075
2610 0.00230982
2612 3.20502e-09
2614 0.012317299999999998
2616 0.0005638819999999999
2617 0.0127481
2619 2.33449e-07
2620 0.00573992
2622 0.00041989
2623 8.511710000000001e-08
2624 0.00971731
2626 5.59606e-06
2628 4.35488e-07
2629 0.000158661
2630 7.191899999999999e-11
2631 1.5693800000000002e-05
2638 0.222617
2639 0.00404235
2640 4.07662e-07
2642 0.00295781
2644 0.007447
2650 0.00434278
2651 0.006023399999999999
2652 0.00598812
2654 0.267352
2655 0.000103194
2656 0.015936600000000002
2660 0.00599136
2661 1.47144e-12
2663 0.0197431
2665 0.000417925
2671 0.0300398
2672 5.5997799999999994e-05
2673 3.63802e-05
2674 0.000569845
2676 0.00208996
2679 0.187912
2681 4.1167999999999995e-08
2685 0.000111966
2686 1.38609e-05
2687 0.0299336
2688 1.1971199999999998e-05
2692 0.000132167
2694 0.000258711
2698 1.29658e-07
2700 4.1486800000000004e-05
2701 3.63571e-05
2703 0.00112384
2705 0.0208232
2707 0.000427184
2708 0.00756235
2711 0.000500961
2712 0.001813
2716 3.55089e-06
2719 0.0006082
2720 0.000252626
2724 0.00570711
2725 0.00340537
2726 0.000422645
2728 0.00345421
2729 2.89672e-11
2731 1.45013e-08
2733 2.87666e-13
2736 2.12267e-05
2739 1.7547099999999998e-06
2740 1.25171e-06
2742 3.92949e-06
2743 0.000804922
2746 0.00025984900000000004
2748 7.38791e-07
2750 0.00312917
2752 0.776896
2753 0.0360802
2754 5.68054e-07
2756 0.00118563
2758 1.8350400000000003e-06
2761 0.09785160000000001
2764 1.89194e-14
2768 0.000219185
2769 0.00390579
2770 4.01971e-05
2771 1.07944e-06
2773 0.00533457
2777 0.0222451
2780 0.000139178
2781 0.00517734
2787 0.0317851
2788 0.00496072
2789 2.02688e-06
2790 1.00766e-05
2792 0.390999
2793 0.00215936
2797 2.5443099999999998e-06
2799 1.40826e-05
2802 4.70899e-06
2805 0.00024013900000000003
2806 2.11488e-10
2808 2.22533e-08
2809 0.0206987
2811 4.47678e-07
2813 0.00312001
2814 1.3569000000000001e-09
2818 2.7947e-05
2819 0.00021924900000000003
2821 0.00443131
2822 7.73072e-05
2823 2.8988700000000003e-07
2824 0.045874
2825 2.90309e-15
2828 7.90198e-05
2829 0.00020003099999999998
2830 7.00687e-12
2831 0.00038998
2832 1.12522e-05
2837 0.000517768
2839 1.8372200000000003e-10
2840 6.486579999999999e-07
2843 3.69646e-07
2846 0.000454077
2849 0.00565047
2850 0.809075
2851 0.000308433
2852 0.00185903
2853 0.0040603
2856 5.13024e-07
2857 0.0005859880000000001
2860 5.5438599999999995e-05
2861 9.075510000000001e-08
2862 0.00338382
2863 0.0008373380000000001
2865 5.3382200000000005e-05
2871 7.52636e-05
2872 0.041782599999999996
2874 1.27573e-05
2876 0.00245896
2877 0.000713129
2878 0.00496281
2882 1.92254e-05
2883 0.0270163
2885 0.00062466
2887 0.224859
2888 0.00239173
2890 8.96147e-06
2892 4.06409e-10
2894 0.000322963
2895 0.020203099999999998
2897 1.78904e-05
2898 5.0198199999999997e-05
2900 2.43003e-06
2902 0.830802
2903 0.00013754700000000002
2904 0.0131036
2905 0.0112339
2907 0.130986
2908 1.0027000000000001e-07
2909 5.0888e-06
2911 0.0100818
2918 0.00048612300000000003
2920 0.00183768
2921 1.8467e-05
2922 1.07955e-06
2923 0.00272567
2925 0.00021427
2926 0.033433300000000006
2927 2.12367e-09
2928 0.00357479
2929 3.91525e-05
2930 0.0241726
2936 7.40213e-07
2945 0.00360592
2948 2.92474e-07
2949 7.03449e-07
2950 0.00212342
2951 0.614997
2955 1.87571e-07
2959 4.9728900000000004e-05
2961 1.85468e-10
2964 0.00207692
2968 7.81788e-11
2970 2.7045599999999996e-06
2971 0.0004904180000000001
2972 0.00377326
2973 8.33994e-05
2974 0.017661000000000003
2979 0.00160449
2980 2.55135e-05
2981 0.000176886
2982 0.00501326
2983 1.1154000000000002e-06
2985 0.9205409999999999
2991 1.19619e-07
2993 8.412770000000001e-05
2996 0.00024568
2997 0.555511
2998 1.02903e-12
2999 1.93396e-12
3001 1.36281e-06
3006 3.97316e-10
3010 0.00740385
3012 0.00463387
3014 5.39663e-05
3016 1.30388e-06
3018 0.00723162
3019 0.00191933
3020 0.0126688
3022 7.74371e-05
3025 6.5216e-08
3026 0.07485069999999999
3029 0.00728467
3030 0.00443632
3033 1.24494e-11
3035 0.000270673
3036 0.0102946
3037 0.00469608
3040 0.00039562
3041 0.00237747
3043 0.000129901
3046 1.0777500000000001e-14
3048 0.0756115
3049 0.026852800000000003
3050 5.00223e-10
3052 5.126280000000001e-06
3055 0.000253856
3059 2.0918000000000002e-07
3060 1.7251800000000002e-10
3062 1.0131700000000001e-06
3067 0.00473889
3068 2.8891400000000002e-09
3069 6.94945e-08
3070 3.8498600000000004e-05
3071 2.0443299999999998e-05
3073 2.102e-08
3075 0.00173301
3076 9.581049999999999e-05
3079 0.0167765
3080 3.63417e-06
3081 7.57902e-05
3084 0.000420577
3087 2.3475799999999997e-08
3091 0.0239053
3095 0.028299400000000002
3096 0.021121099999999997
3097 1.07344e-05
3099 9.85751e-05
3101 3.8505899999999995e-07
3104 5.0229700000000005e-05
3109 3.74098e-06
3111 4.1943599999999997e-10
3113 0.933192
3114 0.0111325
3115 0.040828300000000005
3119 6.07228e-07
3123 0.000357852
3125 4.7926999999999996e-08
3128 0.352853
3130 1.33956e-10
3131 0.0064960999999999994
3132 0.00424208
3136 0.223942
3139 0.0127857
3141 0.00664263
3143 4.4720500000000005e-09
3144 0.000936368
3148 0.00023402700000000001
3151 2.37203e-06
3152 0.0002739
3153 0.00033610199999999996
3156 4.19657e-08
3158 0.212263
3160 1.1270899999999999e-05
3166 0.00022172900000000002
3167 0.13455699999999998
3168 7.1842600000000006e-06
3171 0.000691345
3172 0.00327453
3173 0.0393087
3174 0.00324214
3179 3.29068e-05
3180 0.00405049
3182 0.0009355619999999999
3187 0.000648798
3190 1.3078900000000001e-09
3191 0.00012749999999999998
3192 0.00383018
3193 2.10962e-05
3196 0.0006380719999999999
3197 0.000536457
3198 0.000263927
3201 2.01325e-05
3203 1.0992899999999999e-08
3206 0.08241339999999998
3208 0.790983
3209 3.77647e-05
3212 0.0669571
3215 0.000256153
3217 1.6847999999999998e-09
3220 9.11415e-10
3221 0.018012
3222 2.09585e-05
3224 0.00306573
3225 0.000690489
3226 0.00426152
3227 0.000268546
3230 3.70238e-05
3232 0.000472973
3234 0.00503166
3235 7.9065e-05
3237 0.00152462
3238 3.6414e-06
3241 0.00145739
3245 0.07577560000000001
3246 0.015072299999999999
3248 0.965885
3249 8.37898e-07
3251 1.6248199999999998e-05
3252 0.00325926
3257 4.736e-11
3263 0.000175495
3264 0.00406899
3265 6.652030000000001e-07
3266 0.00267625
3267 1.7607799999999999e-12
3268 6.18077e-08
3275 0.0861953
3276 1.4441299999999998e-06
3277 3.52793e-05
3278 0.00344602
3281 0.00127238
3283 0.00015293700000000002
3286 4.368130000000001e-08
3287 6.512090000000001e-06
3288 0.00504855
3289 0.000272031
3291 0.9918020000000001
3295 1.8152000000000002e-05
3297 0.013879599999999999
3298 0.00295405
3302 2.8825e-08
3304 6.04611e-06
3305 2.9045e-07
3306 4.4510200000000004e-13
3309 1.99271e-06
3310 0.0005542640000000001
3312 3.6466900000000003e-06
3314 0.202743
3315 1.9185e-08
3317 0.000483682
3318 1.26703e-07
3319 0.0916318
3321 1.4447000000000002e-07
3322 0.560006
3323 0.00841708
3324 0.082919
3326 7.61899e-05
3328 1.07307e-06
3329 0.000367863
3332 1.4551199999999999e-05
3333 1.76624e-07
3334 0.000125152
3340 0.000154396
3341 0.00013324299999999998
3342 2.57949e-07
3345 0.0449894
3346 2.2718599999999998e-07
3347 0.00302055
3348 1.2833600000000002e-07
3352 0.00990456
3353 2.29552e-11
3357 2.19394e-14
3358 0.000101521
3361 0.00021584099999999998
3364 1.73914e-09
3366 3.89385e-07
3368 0.00501615
3371 0.00027020900000000004
3372 1.8255200000000003e-06
3375 7.98816e-09
3378 0.0007981939999999999
3381 2.72152e-08
3383 0.00989848
3384 0.00205791
3385 0.0133239
3387 6.33538e-14
3388 4.729e-06
3389 0.8363809999999999
3393 4.99643e-07
3394 3.63004e-09
3399 1.2361800000000002e-07
3400 2.7027499999999997e-06
3402 2.7447e-07
3405 4.49602e-11
3409 1.85581e-09
3411 0.000590392
3414 6.218550000000001e-09
3418 0.015121
3423 0.026685400000000005
3426 0.0335792
3427 5.96767e-05
3428 4.42516e-05
3431 0.0856122
3432 0.000714852
3434 8.74117e-05
3437 0.0008529739999999999
3438 0.30043200000000003
3440 0.00111499
3442 0.00454931
3445 1.80591e-07
3446 0.000836367
3447 6.78996e-05
3448 1.84192e-08
3454 0.00124729
3456 1.9401e-09
3457 1.5532e-05
3459 0.00030242
3460 3.96316e-08
3463 0.012267
3467 3.26237e-14
3471 9.6838e-06
3472 0.0363606
3473 0.00783652
3474 8.42514e-10
3475 3.30304e-05
3476 0.0159106
3478 0.00427345
3479 6.512959999999999e-06
3480 0.0006913310000000001
3481 4.1533900000000006e-05
3482 0.0007784889999999999
3483 0.178796
3485 0.213907
3486 2.3767600000000003e-05
3488 0.00173792
3490 0.06597610000000001
3494 2.94707e-08
3495 0.000252558
3498 3.64723e-05
3501 6.529130000000001e-07
3502 0.00214953
3503 2.1823000000000002e-09
3504 0.049305800000000004
3505 2.98913e-11
3507 0.45306499999999994
3512 9.047069999999999e-09
3513 1.1611700000000001e-05
3514 1.94074e-08
3515 1.3966199999999999e-05
3517 7.64263e-05
3520 0.00377671
3523 1.08688e-07
3526 0.0392804
3527 6.662000000000001e-06
3531 8.49605e-06
3532 0.133232
3533 5.40433e-05
3534 2.2330000000000002e-10
3535 5.210880000000001e-07
3538 7.301300000000001e-07
3540 0.00101392
3541 0.00502213
3542 7.00535e-07
3543 3.04205e-05
3544 0.0902812
3545 8.424319999999999e-08
3547 1.93482e-06
3552 4.31275e-08
3553 7.016010000000002e-10
3557 0.00105879
3558 0.0332962
3559 0.00111498
3560 4.5825e-07
3561 0.0005468
3562 0.000651099
3563 0.00192027
3568 5.02349e-07
3569 0.000138424
3570 8.10081e-09
3571 0.000155093
3572 1.56298e-16
3573 0.03778019999999999
3574 5.81449e-12
3578 2.9253900000000003e-08
3579 0.000300851
3581 0.000301435
3582 0.140209
3583 0.00127557
3584 3.78652e-05
3590 0.0347606
3591 0.00997253
3592 0.000318443
3595 0.000727738
3598 0.00359577
3600 0.000142427
3601 5.0249e-09
3602 0.0166125
3607 3.4687500000000006e-10
3610 0.000890866
3612 0.00974755
3613 0.00886666
3615 4.65224e-05
3616 0.028167400000000002
3617 0.00709475
3619 0.0116237
3624 0.00237633
3626 1.54098e-07
3630 1.03857e-08
3631 0.0082544
3633 9.76908e-05
3637 1.91924e-05
3641 0.0268204
3643 0.00395681
3647 1.63173e-07
3649 0.00469554
3650 0.00383414
3652 0.000788098
3653 7.06932e-06
3659 0.00338803
3661 3.3256599999999996e-05
3665 0.0014173
3666 3.21753e-10
3668 2.44847e-05
3670 9.98721e-13
3672 0.024617
3676 0.035062199999999995
3677 1.892e-09
3680 0.000170909
3682 1.4391200000000002e-08
3683 3.18872e-12
3686 0.996331
3687 8.07223e-06
3689 1.76246e-07
3692 0.000177502
3693 0.000102815
3697 0.00140459
3701 0.00023678099999999998
3702 0.000263325
3707 0.015117799999999999
3710 0.00322498
3712 0.00770283
3715 1.88801e-07
3716 0.0295313
3718 1.4240500000000001e-08
3719 3.59495e-06
3720 0.00426286
3723 0.0006852389999999999
3724 8.548860000000001e-05
3725 1.3905399999999999e-05
3726 0.00031537599999999997
3728 0.000550889
3730 8.245730000000001e-12
3731 0.00473615
3733 4.15755e-06
3734 0.00179071
3736 0.00122018
3737 0.012378700000000001
3738 0.0214985
3739 0.000290916
3741 4.98105e-05
3742 0.00324584
3744 0.000226585
3745 0.0946442
3746 5.900900000000001e-10
3747 0.00528539
3755 0.00621896
3756 0.00295702
3757 0.959095
3761 0.000616549
3762 0.000491124
3764 3.0600900000000003e-06
3765 6.91949e-06
3766 1.01632e-06
3768 9.59227e-06
3769 5.35483e-12
3770 3.63005e-06
3771 0.00452215
3775 0.00169938
3776 0.991708
3777 3.5724499999999997e-07
3778 9.28325e-05
3782 0.000152775
3785 0.000375069
3787 1.46216e-09
3789 0.000134592
3794 0.00804386
3795 3.9581099999999997e-07
3799 0.0790146
3800 0.0012090999999999998
3801 0.999343
3802 0.959405
3804 1.38904e-05
3805 6.99685e-05
3810 5.24722e-07
3812 0.00044727300000000004
3813 9.276100000000001e-07
3815 7.263930000000001e-07
3816 2.30213e-07
3819 0.00195889
3822 1.53377e-15
3823 2.38188e-06
3825 2.04554e-05
3829 5.10771e-07
3831 0.00217694
3832 0.000378415
3833 7.93135e-12
3836 2.15781e-05
3839 0.0016937
3840 4.0715900000000007e-08
3841 0.000105171
3842 1.7481200000000002e-07
3843 6.36171e-07
3850 0.0012366
3851 8.40895e-06
3852 0.00354381
3853 0.00397398
3854 0.000309859
3858 0.00124172
3862 0.0240693
3864 3.35006e-10
3867 0.00261873
3870 0.000111289
3873 1.7058199999999999e-07
3875 0.07859730000000001
3878 4.10392e-06
3880 6.40326e-05
3881 0.034737
3882 0.00236099
3883 1.65092e-07
3884 0.00025691099999999997
3888 0.00138751
3892 3.18697e-11
3893 3.5091999999999994e-09
3894 6.47121e-05
3896 0.0009573810000000001
3897 0.00819418
3900 5.4782500000000004e-06
3901 0.000225454
3902 0.00174769
3903 0.0151971
3904 0.00398265
3906 3.5157599999999996e-06
3908 1.93224e-06
3909 0.937076
3910 1.74373e-08
3914 1.46986e-08
3916 5.28344e-06
3917 3.88141e-11
3920 0.126376
3922 0.000145339
3925 7.27492e-05
3927 0.00189445
3928 0.00036926699999999995
3929 0.00015172700000000002
3930 0.0031390999999999997
3931 0.000889013
3933 0.00458331
3934 0.552483
3938 2.79831e-06
3940 8.277389999999999e-06
3942 0.057073
3943 0.000281648
3944 0.0194928
3950 0.00783169
3951 0.0007801110000000001
3952 6.94468e-12
3955 0.00126605
3958 0.00411726
3959 0.00279422
3962 1.0982699999999999e-05
3964 0.00103815
3967 8.52528e-05
3968 0.000895867
3972 0.0043527
3975 0.054304599999999995
3976 3.0304700000000003e-10
3977 0.00116152
3978 0.00016842400000000003
3980 0.0064622
3981 0.573034
3982 0.000424228
3985 6.75025e-12
3989 1.10808e-09
3995 0.00910504
3999 4.4957600000000005e-05
4000 3.18969e-05
4001 0.00124672
4002 0.025832499999999998
4004 0.049426
4006 9.38012e-05
4007 6.0714399999999996e-05
4018 1.32423e-09
4021 4.79708e-05
4022 3.65327e-05
4024 0.9110969999999999
4026 1.2622899999999999e-07
4027 1.8396900000000003e-06
4029 0.00497336
4030 1.5166899999999997e-08
4032 1.86335e-05
4036 6.31084e-14
4038 0.000154067
4040 0.0061266
4041 0.029805400000000003
4042 0.00973083
4043 0.000365476
4044 0.023666200000000002
4045 0.000119625
4048 3.18965e-05
4049 0.000984403
4050 2.6155900000000003e-13
4053 0.211164
4054 0.00542585
4055 0.00016800599999999998
4056 0.00228903
4059 1.13662e-09
4061 0.012359899999999998
4062 0.00627084
4063 2.5168800000000002e-05
4064 0.919336
4065 1.59723e-05
4068 0.00445168
4070 7.67219e-13
4071 1.01492e-08
4072 0.00103888
4074 0.0105354
4078 7.210210000000001e-06
4079 0.00152057
4080 4.0372599999999997e-07
4081 6.25534e-05
4083 5.442050000000001e-17
4084 0.000208457
4086 0.00836078
4088 1.31986e-07
4090 0.00010504700000000001
4094 2.1612600000000004e-05
4096 0.00019005099999999997
4097 8.991680000000001e-09
4098 0.135515
4099 3.68204e-06
4101 7.59446e-05
4103 2.3043799999999998e-06
4104 0.000311736
4107 0.00038030599999999996
4109 0.00120985
4112 0.000810497
4114 8.4672e-05
4115 5.40994e-07
4116 0.00751436
4118 0.0147668
4119 0.063691
4123 1.38709e-06
4124 7.77521e-10
4125 3.8247199999999995e-05
4126 1.1309000000000001e-05
4127 0.48152399999999995
4128 0.00079104
4130 0.0006605080000000001
4132 0.00105643
4134 0.0167304
4139 0.8494360000000001
4144 2.41647e-05
4147 1.92558e-05
4151 3.50594e-05
4153 3.0400400000000003e-07
4154 1.1081199999999998e-05
4155 1.76848e-05
4156 0.00135036
4157 0.00148395
4159 0.00332956
4160 4.08123e-10
4161 2.5418e-06
4162 2.04631e-05
4165 4.49949e-05
4166 0.00225311
4167 5.94748e-07
4172 6.1538400000000005e-06
4173 0.014337200000000001
4175 0.0838114
4176 6.28418e-16
4177 0.000159336
4179 0.00139848
4180 0.213009
4181 2.04518e-10
4182 2.3671e-07
4183 1.0491899999999999e-07
4184 0.0172389
4187 0.000265696
4188 2.1858499999999997e-05
4197 0.041363300000000006
4198 9.848100000000001e-08
4199 2.04614e-09
4202 0.000723107
4206 1.3172100000000002e-10
4207 0.0231688
4208 3.6188300000000004e-06
4210 0.00486123
4211 0.00175492
4213 6.71147e-05
4214 6.779639999999999e-10
4216 0.000825742
4217 1.1602999999999999e-13
4218 0.000490369
4219 0.00250173
4222 0.164717
4225 9.85704e-14
4226 0.000666708
4227 0.00176757
4233 1.1998599999999999e-08
4234 0.000123731
4235 3.60858e-06
4236 2.30913e-05
4238 0.00021570900000000002
4240 0.000218178
4243 2.3244299999999999e-07
4245 3.25227e-06
4248 0.0289181
4249 8.36852e-08
4250 8.382780000000001e-05
4251 1.68906e-19
4252 0.5697909999999999
4254 2.78662e-15
4260 0.901701
4261 3.71584e-06
4262 0.0206511
4266 2.18711e-05
4267 0.00361147
4268 0.00232614
4276 0.0157371
4277 0.00299258
4278 1.34605e-07
4282 0.000625023
4285 0.03611230000000001
4288 1.6597e-05
4289 0.00294438
4290 1.60567e-05
4294 1.13508e-05
4297 0.18420999999999998
4299 1.23693e-11
4301 5.413049999999999e-07
4302 3.37004e-06
4305 2.10965e-05
4306 0.00518596
4308 0.100876
4309 0.00507251
4311 0.00137279
4313 7.120659999999999e-07
4314 9.94284e-10
4316 0.0445837
4317 3.81991e-05
4319 0.000896784
4320 8.398530000000001e-08
4324 4.20651e-10
4328 1.82915e-05
4330 6.56469e-07
4332 0.000861118
4334 0.04288669999999999
4335 7.10795e-11
4336 0.106928
4337 1.97825e-09
4340 1.85692e-10
4342 0.966454
4343 0.000151772
4344 1.3006500000000002e-07
4348 0.0175915
4350 6.59811e-11
4353 4.9807e-07
4355 0.011821700000000001
4357 0.00129683
4358 2.3299899999999997e-05
4362 3.73279e-16
4363 0.00756282
4366 0.00268365
4373 3.5408000000000004e-05
4374 1.3599700000000001e-12
4375 5.9413e-08
4377 0.00140681
4378 0.000536179
4381 0.000511054
4382 5.89948e-11
4383 0.00031421
4385 0.031908099999999995
4388 2.2640000000000002e-07
4393 0.000124855
4394 5.295219999999999e-14
4395 4.3948300000000004e-10
4398 9.2833e-07
4399 6.971850000000001e-05
4400 4.79929e-13
4401 0.47647700000000004
4402 1.72512e-09
4403 6.50058e-23
4406 4.77213e-15
4407 3.78507e-05
4408 0.00737285
4410 0.1116
4412 0.000583832
4413 1.0695800000000001e-10
4414 8.633139999999999e-08
4415 1.5093e-08
4416 1.03018e-05
4417 1.94417e-09
4418 0.971507
4419 0.0423106
4420 0.014812
4422 0.00509949
4425 2.2883599999999996e-18
4426 1.0940700000000001e-10
4427 4.25844e-06
4428 0.00115076
4431 0.00797385
4435 0.00354472
4440 0.00374614
4442 3.08379e-05
4443 0.0277557
4444 5.804159999999999e-06
4445 4.98904e-07
4447 3.03659e-06
4448 2.91559e-11
4449 0.00162453
4451 0.000105444
4453 2.3393399999999998e-08
4454 0.000443535
4456 2.46293e-06
4458 1.28467e-05
4460 2.05368e-05
4461 1.56763e-10
4462 1.52709e-07
4465 5.59124e-05
4467 1.25889e-05
4469 0.0057748
4472 0.0011989000000000001
4473 5.57438e-10
4475 7.948189999999999e-06
4476 0.0464383
4477 0.000617371
4478 3.4662800000000006e-10
4480 0.00328461
4482 0.00291323
4483 0.00117659
4485 0.00640701
4486 3.99411e-06
4489 0.00379237
4491 0.0476759
4492 0.00048823599999999997
4497 0.050300199999999996
4501 0.0374937
4503 9.810539999999999e-10
4504 3.76975e-05
4505 2.02083e-06
4506 0.00204939
4511 0.0009306360000000001
4513 0.00151687
4515 5.73831e-05
4516 1.5591e-05
4521 1.75197e-06
4522 4.6473599999999995e-06
4523 1.76081e-05
4525 0.000160505
4529 6.129149999999999e-10
4531 2.24173e-05
4533 2.33046e-06
4534 3.46932e-05
4536 0.00025922900000000003
4538 6.61687e-05
4541 8.07647e-08
4543 1.90434e-07
4545 1.62225e-06
4546 0.000188506
4547 7.54873e-08
4550 0.00033534099999999996
4554 0.00321031
4556 6.241770000000001e-09
4557 0.00721852
4559 0.00299274
4560 4.1699e-07
4561 0.00040861099999999997
4564 4.2199300000000004e-06
4567 0.043965199999999996
4568 2.15898e-07
4569 0.0056543999999999995
4572 2.01857e-05
4573 6.41986e-06
4575 0.330514
4577 4.79456e-07
4578 4.9003e-07
4580 3.86786e-05
4582 4.4640800000000005e-06
4583 2.52399e-05
4586 1.8208900000000004e-06
4589 0.000182048
4590 0.0336562
4593 0.00750271
4594 0.21635100000000002
4596 0.000204086
4598 0.0005735790000000001
4599 3.39041e-06
4602 1.13955e-07
4603 0.000537509
4608 2.17196e-05
4610 2.06501e-05
4613 5.20367e-05
4614 8.14212e-06
4615 3.26258e-05
4616 0.00227177
4617 1.6696900000000002e-06
4619 0.000586444
4620 0.0376522
4621 0.00346806
4624 7.70128e-06
4629 0.0189598
4633 0.00978658
4635 0.0007789510000000001
4637 3.19995e-17
4638 4.55165e-07
4639 0.11575899999999999
4640 0.000306636
4641 9.79673e-08
4642 0.000139891
4645 2.04286e-12
4646 0.00429764
4650 2.50411e-07
4657 0.896106
4658 0.06563580000000001
4659 0.00416268
4661 2.4333e-06
4663 1.90903e-06
4664 0.0197041
4665 1.8223399999999997e-09
4666 2.1177099999999997e-08
4667 1.54071e-06
4668 0.00169332
4669 0.000123846
4670 4.98764e-05
4677 0.0293319
4678 1.0038e-05
4680 2.94256e-13
4681 0.0001626
4684 4.2713e-05
4688 5.20109e-15
4690 0.480663
4695 0.296099
4696 0.000386634
4697 1.88178e-13
4698 0.000180194
4700 0.00011447299999999999
4703 1.8381499999999998e-08
4704 0.00397717
4709 0.146841
4711 1.75228e-08
4712 0.00852624
4713 0.03880530000000001
4716 0.569397
4717 0.938002
4720 0.00111439
4721 0.00958999
4724 6.05088e-09
4725 3.81976e-08
4726 0.0161144
4728 0.00037238
4729 3.68045e-07
4730 1.44636e-07
4731 0.246416
4733 0.00173629
4734 0.0444626
4736 2.49646e-05
4738 6.87129e-05
4739 0.0102324
4740 0.0377297
4741 3.13934e-05
4744 0.00509152
4745 1.48941e-11
4749 0.000535601
4751 1.6584400000000001e-06
4752 3.54376e-05
4755 0.00132834
4756 7.267610000000001e-07
4757 2.7284e-11
4758 0.00045275
4759 0.000160552
4762 9.804730000000001e-08
4763 2.0491199999999998e-05
4764 0.00162463
4765 3.5087199999999997e-06
4766 0.00221789
4767 0.00777177
4769 0.00101885
4771 0.024172700000000002
4772 4.296430000000001e-09
4774 4.45431e-06
4775 0.0014605
4778 0.000675723
4780 1.30423e-07
4781 0.44478199999999996
4784 3.9277e-06
4787 0.00991995
4791 0.00328586
4795 2.61188e-05
4798 0.00171561
4800 4.751050000000001e-10
4802 2.8075600000000003e-07
4803 1.14783e-05
4804 0.00536159
4806 1.8092700000000002e-06
4807 0.00595455
4809 5.64882e-08
4810 4.15569e-07
4811 1.4376300000000002e-05
4813 0.034820300000000005
4817 0.000190869
4819 0.00137912
4820 0.03774419999999999
4821 0.0006866839999999999
4822 1.3585999999999998e-09
4824 1.43227e-13
4827 6.46331e-07
4829 2.06108e-08
4833 4.51241e-08
4835 4.23352e-06
4838 0.00354073
4843 8.13152e-09
4844 0.0104625
4845 2.67031e-07
4847 2.16653e-05
4851 0.000516141
4853 0.031118200000000002
4854 2.54673e-09
4855 0.031958600000000004
4858 0.000366361
4860 2.2741499999999998e-10
4861 1.69666e-13
4862 0.05490459999999999
4864 0.00265164
4865 3.01434e-05
4870 1.1792200000000002e-06
4871 0.00225164
4874 0.000112029
4875 2.98122e-05
4877 0.130156
4880 0.13488499999999998
4881 0.00717693
4883 6.65166e-05
4884 0.7500359999999999
4887 0.000702385
4888 0.000281593
4889 0.000128229
4891 3.94063e-07
4892 0.0036460999999999998
4893 0.018335
4894 0.00202995
4899 0.0401069
4900 0.000950804
4901 3.0223899999999997e-05
4904 2.60378e-10
4906 2.08968e-06
4908 0.00362839
4909 1.22297e-11
4914 2.98715e-06
4915 8.291839999999999e-12
4917 2.03089e-10
4918 2.07243e-06
4919 0.305371
4920 0.0390407
4921 2.9389299999999997e-07
4922 0.0005961930000000001
4923 0.00116286
4924 1.29308e-09
4925 0.00868872
4927 3.09348e-06
4930 0.000743838
4932 8.047909999999999e-05
4933 5.78677e-07
4934 0.00638393
4937 1.1374600000000001e-05
4940 2.2922299999999998e-10
4941 3.79596e-05
4942 1.5135000000000002e-09
4944 0.00907961
4945 0.000302281
4947 0.029114099999999997
4949 9.10261e-05
4952 1.33608e-06
4957 0.000693878
4959 1.42917e-05
4964 0.000818822
4965 0.000611023
4969 1.1690899999999999e-07
4970 3.12855e-07
4971 0.000176818
4975 1.2189100000000002e-05
4978 0.00149131
4979 4.72703e-08
4980 0.000285852
4981 6.46741e-14
4988 0.000471402
4989 2.5173099999999998e-05
4993 0.00657053
4996 1.18452e-12
5000 2.6388599999999996e-06
5002 1.46207e-06
5005 9.76027e-08
5008 1.75053e-12
5009 0.0729812
5010 0.00191325
5011 4.5162199999999997e-07
5012 0.00795377
5013 2.08041e-06
5015 3.20968e-08
5017 0.0009364210000000001
5019 0.16675299999999998
5021 3.87133e-13
5022 1.07236e-07
5025 4.2156899999999996e-05
5030 7.712089999999999e-16
5031 0.000500983
5034 0.00692001
5035 8.371040000000001e-17
5038 0.0247138
5040 0.0224791
5041 1.90654e-05
5043 0.00319336
5044 0.055398300000000004
5046 6.7259199999999995e-09
5048 1.67445e-06
5049 0.00114023
5050 0.000520181
5051 0.000359754
5053 0.000164967
5059 0.950709
5060 0.0038832000000000003
5066 6.471939999999999e-06
5069 1.04511e-06
5070 0.00018832
5074 0.000117618
5075 1.58901e-11
5076 0.000809811
5080 6.2453e-08
5082 0.109325
5083 6.75145e-11
5087 6.39585e-13
5088 0.000319513
5089 7.5571899999999996e-06
5091 6.65582e-07
5092 0.000396718
5095 0.0100141
5096 5.223259999999999e-07
5098 2.46748e-05
5099 3.98395e-07
5100 0.00525845
5103 0.05917669999999999
5105 1.3119e-09
5106 0.000144069
5109 1.0823399999999999e-05
5112 7.498880000000001e-08
5113 0.000433605
5115 4.0018900000000004e-12
5117 0.0028686
5118 4.64757e-06
5119 4.5002299999999994e-05
5120 3.4301300000000004e-06
5123 6.05019e-06
5125 4.9215999999999995e-08
5126 0.00016940599999999998
5127 0.0272068
5132 0.000207307
5133 2.5941900000000006e-10
5137 1.17896e-07
5139 5.89784e-06
5140 0.0006937289999999999
5141 0.03617530000000001
5142 2.46575e-07
5147 7.44848e-08
5148 0.00394769
5149 0.0190048
5151 0.0262591
5152 0.0196456
5154 2.06505e-09
5155 0.00022082900000000002
5157 3.5470800000000004e-10
5158 2.1029899999999997e-05
5162 8.911760000000001e-08
5163 3.1143200000000004e-05
5164 2.02254e-10
5165 0.0345514
5166 1.28878e-09
5167 0.00299545
5170 0.016590999999999998
5172 0.00200892
5174 0.00018282599999999997
5178 0.993972
5180 0.0009838289999999999
5182 2.64617e-05
5184 0.00160299
5187 0.8718629999999999
5188 7.82465e-09
5192 1.3481399999999998e-10
5193 0.0497978
5194 0.000905126
5196 6.65531e-06
5197 1.15028e-11
5198 0.00178282
5200 0.0020705
5201 0.00354688
5204 1.12678e-12
5205 0.00165729
5206 0.0014199999999999998
5207 7.64491e-07
5211 1.13107e-05
5213 2.1359099999999996e-06
5216 0.00012182799999999999
5218 0.014977899999999999
5221 0.026845099999999997
5225 6.68371e-05
5226 0.0014482000000000002
5227 7.303e-05
5228 4.98846e-05
5232 4.8456599999999993e-08
5233 0.00085237
5234 7.06721e-05
5235 0.48271800000000004
5237 2.14144e-06
5238 5.51873e-11
5240 1.23858e-06
5241 0.00015896200000000001
5243 8.929930000000001e-06
5247 1.1107000000000001e-09
5249 3.6563600000000003e-05
5250 0.0009696630000000001
5251 0.00874375
5252 0.00042243099999999997
5255 0.0298565
5256 1.97413e-05
5261 0.017506900000000002
5265 2.6687099999999998e-08
5266 0.0268286
5271 3.05931e-07
5272 4.5714e-09
5275 1.97793e-08
5276 0.00020083599999999997
5277 0.00012843299999999998
5279 0.00086606
5280 5.51745e-05
5282 1.03919e-16
5284 3.4092e-07
5286 0.00013204
5287 5.15315e-05
5289 1.7971000000000001e-06
5291 0.0239778
5294 4.75441e-06
5295 0.00350887
5296 4.61835e-05
5299 0.00017335200000000002
5300 0.00395706
5301 1.87566e-08
5302 0.000149288
5308 0.000817895
5309 2.34273e-07
5313 0.5550510000000001
5316 7.086890000000001e-05
5317 8.6869e-05
5321 3.11734e-05
5322 0.0005899540000000001
5323 2.0657600000000004e-05
5324 9.184189999999999e-08
5329 0.00285721
5330 2.9042200000000003e-07
5332 2.70546e-05
5333 1.0440899999999999e-05
5334 0.00017099099999999998
5335 2.11114e-05
5339 1.9329399999999998e-07
5341 0.000823103
5342 5.2716499999999996e-05
5347 1.5049000000000001e-05
5353 0.000962518
5354 5.28494e-10
5356 0.00100398
5357 0.00100555
5359 0.00722447
5361 0.000858284
5362 0.04656130000000001
5364 1.85895e-19
5366 6.92063e-05
5372 0.00205959
5375 0.000797356
5376 0.000228806
5377 0.00608688
5381 0.00515531
5382 4.08034e-05
5386 0.012182700000000001
5390 2.54042e-05
5392 2.2219200000000002e-05
5394 0.268999
5399 0.104523
5400 0.00153419
5401 7.47625e-14
5402 0.000286994
5403 3.74024e-07
5409 0.000113331
5411 0.5938720000000001
5412 9.015369999999998e-08
5415 0.000160509
5422 1.8457599999999997e-08
5425 0.000207346
5426 0.00617649
5427 0.00362315
5428 1.8404000000000002e-05
5432 4.244559999999999e-10
5435 1.10286e-05
5437 4.3705599999999995e-12
5442 0.00054027
5443 0.000864271
5444 8.14314e-05
5446 0.0135256
5447 1.4561700000000002e-06
5449 0.00138999
5452 1.48604e-08
5456 7.856930000000001e-05
5458 2.37453e-05
5459 0.00439696
5460 0.056838
5462 6.539399999999999e-05
5463 4.50501e-09
5464 0.0008853019999999999
5466 0.000258663
5468 8.82077e-10
5472 0.00041058800000000003
5473 0.017078599999999996
5474 0.0459123
5476 0.00655304
5477 0.00608459
5479 8.68504e-11
5480 3.0482099999999997e-06
5482 0.00354877
5484 5.46536e-09
5488 0.629605
5490 0.0028564
5491 0.00604208
5492 8.57883e-06
5493 2.6967600000000003e-13
5494 0.00035757800000000005
5495 1.77672e-17
5498 0.00245255
5500 0.0124684
5501 8.34418e-12
5502 1.03198e-05
5503 7.90578e-08
5504 5.2608699999999995e-06
5505 0.0237215
5506 4.3209e-09
5512 0.00323406
5513 6.01893e-07
5516 5.178430000000001e-07
5520 3.9281e-10
5523 2.64388e-10
5525 4.48138e-06
5528 0.146425
5529 0.000147706
5532 7.688209999999999e-07
5533 0.00110811
5534 4.5802e-13
5537 0.000212831
5538 0.00330008
5540 2.83289e-09
5543 0.814004
5545 0.016350899999999998
5546 0.00157781
5548 0.00354463
5551 0.37451100000000004
5553 9.105e-09
5555 0.0118636
5556 6.21148e-05
5557 0.00010477
5558 7.59424e-09
5560 2.4156299999999998e-06
5561 8.48174e-06
5562 0.000274714
5564 0.00086345
5565 0.491037
5567 3.4794000000000003e-07
5569 0.000357891
5570 0.000964664
5571 7.883819999999999e-09
5572 0.00420297
5575 1.11784e-12
5578 0.00254763
5580 0.0006161319999999999
5581 0.0017492
5587 0.63837
5589 0.09522
5594 0.00531525
5595 2.20074e-08
5596 5.23605e-05
5597 0.0124087
5598 4.4313599999999995e-10
5602 9.700299999999999e-05
5604 3.4698699999999996e-08
5607 0.00173519
5610 8.44047e-05
5612 0.000263923
5616 1.29245e-05
5617 2.05195e-06
5619 4.33256e-08
5621 5.00664e-06
5622 0.000626334
5623 0.000690203
5626 1.7670300000000002e-07
5627 5.52932e-07
5628 8.79251e-05
5632 0.00063886
5633 0.000225313
5634 0.00789127
5635 9.8805e-05
5638 0.00394249
5642 0.00864626
5643 0.00044339300000000004
5646 0.019656299999999998
5649 2.0406599999999997e-10
5650 0.00160712
5651 0.011781
5656 0.00412637
5659 7.143389999999999e-07
5661 0.11001099999999998
5663 3.67034e-06
5665 0.00431451
5666 0.000617522
5667 8.60113e-06
5670 5.17197e-07
5671 0.000560268
5673 0.000106861
5675 0.00125736
5677 0.0119785
5678 4.13235e-09
5681 0.000440075
5683 1.68395e-05
5684 0.0012955
5688 1.5083500000000001e-06
5689 5.10349e-07
5690 1.4682600000000002e-07
5691 0.00206533
5692 0.000669653
5694 1.28899e-13
5698 9.63456e-07
5703 0.00138922
5706 7.0339200000000005e-09
5707 7.88771e-05
5708 8.07739e-05
5709 3.78496e-06
5711 4.686e-07
5712 0.000813083
5717 0.00183947
5720 1.71644e-07
5721 0.0009654539999999999
5722 0.000161481
5724 2.0623599999999998e-08
5725 0.00107461
5726 4.36524e-07
5727 0.20669
5733 3.85321e-07
5734 0.0314616
5737 8.7155e-08
5739 2.27854e-06
5744 2.4916e-10
5745 0.0150254
5746 5.3244699999999995e-08
5748 0.0332741
5750 2.39012e-08
5751 3.4484699999999997e-06
5753 0.00649789
5754 0.015767
5758 6.762380000000001e-06
5759 5.96478e-07
5763 1.0991e-07
5766 0.0008938360000000001
5767 0.049519400000000005
5770 5.16978e-11
5771 0.000233057
5772 3.83058e-05
5774 3.71125e-05
5775 6.41607e-10
5776 4.90355e-05
5777 2.7031700000000002e-06
5778 0.00195191
5785 0.00785834
5787 3.35791e-05
5792 0.00580595
5793 1.8279299999999997e-08
5795 1.11465e-06
5797 1.7546300000000002e-05
5798 7.36656e-07
5800 0.00010189799999999999
5801 0.00133024
5802 5.3733900000000004e-08
5804 0.00924954
5807 0.25092
5808 0.00182525
5809 1.33474e-07
5810 6.19399e-05
5816 1.82698e-11
5820 7.042390000000001e-05
5822 0.00118645
5823 0.689493
5827 0.0793288
5832 0.00018234900000000003
5833 0.000194325
5834 0.997455
5835 0.000329953
5837 1.0487299999999999e-07
5842 8.68902e-11
5844 0.00929025
5846 0.0110749
5847 1.56817e-07
5848 3.79267e-06
5849 0.18849000000000002
5855 3.9674200000000003e-13
5857 3.77048e-05
5858 0.00176957
5862 2.6814e-09
5865 1.6781500000000002e-05
5866 2.7862200000000002e-06
5869 2.3026e-05
5870 2.36465e-10
5871 0.0142637
5872 5.82904e-05
5876 0.00121262
5880 1.48704e-07
5882 0.00012027899999999999
5883 0.0102295
5886 3.09319e-06
5887 0.00022447599999999998
5890 9.41834e-05
5891 2.33248e-06
5892 0.00175633
5896 0.011655500000000001
5898 0.224694
5900 6.30154e-06
5902 0.976276
5904 1.30966e-07
5907 0.00213268
5913 0.00562292
5915 1.1897500000000001e-08
5916 0.000157885
5921 0.015484799999999998
5922 3.54209e-05
5924 0.024106400000000004
5925 6.038e-06
5926 0.0536517
5927 8.870470000000001e-07
5929 2.0825099999999998e-12
5931 0.000272179
5932 4.76493e-06
5933 1.9e-05
5934 2.7383200000000002e-05
5935 0.244466
5936 0.0232447
5937 4.63916e-07
5939 0.0178767
5941 0.0177912
5942 0.00140624
5943 0.000359296
5944 0.00041640199999999996
5945 0.12454100000000001
5946 0.383676
5949 0.00035810599999999996
5950 2.15577e-10
5953 0.06093099999999999
5955 0.00609631
5957 0.00141421
5958 0.0175185
5959 4.85401e-10
5962 3.5798900000000004e-06
5965 2.19256e-05
5966 0.041753500000000006
5967 0.000155529
5969 0.0218893
5972 0.00181374
5973 0.00036974400000000003
5974 2.22882e-10
5976 0.000989775
5977 1.8119400000000002e-06
5978 1.9794e-05
5982 0.00398225
5986 2.19155e-07
5987 0.00162916
5993 0.0894211
5994 0.06586619999999999
5997 0.025689299999999998
5999 6.91444e-08
6002 0.000511214
6003 1.2051899999999998e-06
6006 9.0241e-07
6007 0.00152401
6008 0.00275256
6010 0.0414527
6013 0.00530288
6014 6.991189999999999e-08
6015 5.75346e-05
6016 1.37711e-08
6017 6.409009999999999e-14
6019 1.40076e-09
6021 2.38189e-07
6022 6.77936e-05
6024 8.65079e-09
6031 0.275397
6032 2.17458e-06
6034 3.7552500000000005e-08
6036 0.00366495
6037 0.000798132
6039 0.00042209800000000004
6040 0.06447169999999999
6044 0.012903799999999998
6047 0.05879349999999999
6048 1.6719e-08
6049 0.00132216
6050 0.00121029
6051 0.00019396599999999998
6052 0.0123161
6053 4.20545e-11
6054 2.20121e-05
6056 5.91945e-05
6057 0.00163711
6059 1.1459500000000001e-05
6060 0.00626892
6063 3.0413799999999997e-06
6064 0.000309165
6068 0.600132
6072 0.00299877
6075 0.010786200000000001
6076 0.000677906
6077 2.2465999999999998e-05
6080 1.65881e-07
6081 0.030346299999999996
6082 1.1400999999999999e-08
6083 1.22951e-11
6085 0.000147079
6086 0.0172483
6087 0.00149945
6090 6.14071e-06
6092 0.00134608
6093 0.00495271
6094 0.0057686000000000005
6099 0.00627595
6101 0.0063717
6102 0.000249246
6106 0.0113411
6109 7.49429e-05
6110 0.00105259
6112 9.348909999999999e-05
6113 0.000217398
6114 0.00860466
6115 0.00148573
6116 0.999949
6118 4.39146e-05
6119 1.0677600000000001e-10
6121 1.6668499999999999e-13
6122 1.12348e-05
6126 0.30656300000000003
6127 1.54051e-05
6132 5.40771e-18
6137 3.21841e-10
6138 4.69394e-07
6142 0.014172799999999998
6143 0.000306893
6144 0.104531
6145 8.461939999999999e-06
6147 0.0554184
6149 0.000443243
6152 0.0137255
6154 7.16641e-06
6155 4.4311199999999995e-06
6157 0.00143673
6160 1.91251e-05
6164 1.42247e-05
6165 6.25926e-08
6167 0.000604356
6168 0.017024599999999997
6169 0.00505903
6173 0.00198217
6178 0.000162883
6182 1.4193399999999999e-05
6186 0.0008082839999999999
6191 5.42771e-07
6192 3.63559e-07
6193 2.45237e-09
6194 0.000167144
6195 0.0169293
6197 0.000581245
6199 4.2022000000000004e-08
6200 0.00016584
6204 0.0024194000000000004
6205 5.08733e-06
6207 5.4093100000000006e-05
6211 0.188695
6213 1.72172e-07
6217 0.00525164
6226 9.93486e-05
6227 0.00036727699999999995
6228 8.214549999999999e-08
6231 0.00027644299999999997
6232 2.71933e-05
6237 0.00133606
6239 0.00109837
6242 2.4178699999999997e-07
6244 8.490419999999999e-06
6245 0.00282759
6246 0.172228
6248 0.00801668
6253 0.00374242
6255 0.00915615
6256 4.19845e-11
6257 5.1934499999999995e-05
6263 1.18849e-13
6265 0.0007019489999999999
6266 0.000480071
6268 2.2356400000000004e-18
6271 0.000659622
6273 0.00217532
6274 0.0187942
6278 2.7967199999999996e-07
6280 0.00269048
6283 4.71732e-10
6287 4.57375e-05
6288 0.0136792
6292 2.39442e-09
6293 0.337498
6294 4.51547e-06
6297 0.00038138699999999996
6298 2.17103e-08
6302 3.5205599999999996e-08
6303 3.14187e-05
6307 0.0346321
6308 0.996719
6310 0.026552099999999995
6311 1.1080500000000001e-06
6312 4.1852499999999994e-06
6313 0.00037759400000000003
6315 5.4170200000000005e-05
6316 1.83064e-09
6317 1.38122e-07
6322 0.0332545
6324 2.70723e-08
6326 4.32474e-15
6327 0.00365929
6328 0.00188883
6331 1.23464e-09
6332 2.0693100000000002e-07
6333 1.12908e-17
6334 2.0923200000000005e-09
6336 0.000148305
6340 2.4730000000000005e-12
6342 4.24659e-06
6343 0.000139828
6345 0.900366
6347 3.9381e-07
6354 0.0033978999999999997
6356 8.69199e-09
6358 2.6349e-05
6359 0.0450461
6360 0.00839262
6361 1.77776e-05
6364 0.000136716
6365 0.00260768
6368 6.67378e-05
6370 0.000539827
6372 6.48674e-08
6373 0.0152596
6376 6.37866e-06
6378 1.83836e-07
6379 2.39799e-08
6380 0.000693927
6383 4.68223e-06
6384 0.00131587
6386 7.87604e-09
6388 1.61662e-07
6389 0.7354609999999999
6390 0.198577
6393 0.042016000000000005
6394 3.99346e-05
6397 1.12036e-09
6399 0.000886387
6401 1.21762e-07
6402 0.7940649999999999
6403 0.00465137
6405 6.31711e-05
6406 0.00023567599999999998
6407 4.53691e-07
6408 9.959910000000001e-08
6410 0.000188364
6412 6.580560000000001e-06
6413 1.03948e-05
6414 0.00495744
6415 3.6093400000000003e-09
6416 0.000408247
6420 0.00023470099999999997
6422 0.0154251
6423 5.98524e-07
6426 0.0103275
6431 1.33233e-10
6432 0.0219402
6435 0.341789
6439 4.9996999999999996e-05
6441 0.00339883
6446 0.175059
6451 2.30498e-06
6452 0.33356199999999997
6453 0.00103993
6454 1.31353e-07
6457 0.00239248
6460 0.00540876
6461 0.06186559999999999
6464 0.016359799999999997
6467 3.9326499999999995e-06
6469 4.94701e-08
6471 0.10934200000000001
6477 0.0023897
6478 1.74561e-05
6479 0.000962865
6481 3.8954299999999995e-10
6485 9.35544e-06
6487 2.91265e-05
6489 0.021000900000000003
6490 1.38967e-07
6491 8.20442e-13
6493 3.11837e-06
6494 2.5477399999999998e-05
6496 0.000565953
6498 1.0553599999999998e-05
6500 0.0171018
6502 1.34645e-13
6504 0.00012096600000000001
6505 0.000315472
6508 0.000443673
6510 2.009e-09
6511 0.00596053
6513 2.1883099999999997e-06
6514 0.00138089
6516 0.00335332
6517 0.00770184
6518 1.73947e-09
6521 2.91516e-07
6522 0.020033000000000002
6525 0.000332793
6526 0.000704092
6527 0.00140335
6528 0.00949635
6531 1.54806e-05
6533 5.55786e-09
6535 6.947539999999999e-14
6537 6.72623e-05
6539 0.0170218
6540 7.63382e-07
6541 0.025022
6544 5.17646e-07
6545 8.739969999999999e-06
6546 0.00027046599999999997
6552 0.00129352
6554 0.00742486
6555 0.00161764
6557 5.878999999999999e-08
6558 0.00310854
6559 0.00242263
6561 1.0530299999999999e-10
6563 0.0409232
6566 0.00157335
6567 1.6802599999999997e-14
6568 0.0098263
6571 0.0028112
6573 3.0751e-06
6574 0.0211912
6577 2.33767e-05
6579 3.12721e-05
6580 8.67282e-05
6581 1.29175e-05
6582 7.4101e-08
6586 0.00610636
6589 0.000181347
6590 4.4761400000000003e-07
6591 0.00625923
6592 5.870770000000001e-05
6594 5.8378e-07
6596 0.000911803
6598 0.037097399999999996
6600 6.306280000000001e-07
6601 3.89599e-06
6604 1.6575399999999998e-09
6607 0.00196396
6608 6.298590000000001e-09
6613 5.34801e-05
6614 0.00089484
6615 0.0904279
6616 0.000109773
6620 0.000143224
6623 0.00172316
6624 0.0248281
6629 4.1324800000000004e-08
6630 0.100162
6633 0.677818
6634 1.6189799999999997e-08
6639 2.8495e-10
6640 6.9103e-13
6641 1.53023e-09
6642 3.29832e-11
6644 0.318795
6646 0.0312871
6649 2.30275e-05
6650 1.01046e-10
6651 6.05414e-05
6653 5.1053e-12
6655 0.00835698
6656 0.00389164
6659 0.031144099999999997
6662 0.00304883
6663 0.00011632299999999999
6665 0.000123023
6669 3.4049699999999996e-06
6672 0.000212495
6675 0.0096086
6676 0.622587
6680 5.18319e-08
6683 4.14313e-11
6685 3.25827e-08
6686 8.891010000000001e-05
6688 0.00587352
6691 1.10642e-09
6692 0.000604568
6693 2.18024e-08
6700 1.3952500000000001e-06
6701 6.85068e-07
6705 0.0761597
6710 0.0194707
6711 2.71152e-06
6712 2.80931e-12
6713 0.00180512
6715 3.0764e-05
6716 5.282989999999999e-09
6717 0.000147469
6720 3.23161e-06
6721 0.00017921
6723 3.43302e-09
6724 6.385790000000001e-10
6728 0.0176988
6729 0.000918552
6732 0.0510404
6733 2.56339e-07
6737 1.29999e-09
6741 1.35705e-10
6742 0.7130479999999999
6743 0.9677110000000001
6744 0.00033821199999999995
6745 0.00460961
6746 0.00416748
6749 3.66339e-13
6750 0.00693035
6752 5.88075e-07
6754 3.7102199999999996e-13
6756 6.0526099999999996e-05
6757 8.42838e-12
6758 0.000465264
6763 9.050360000000002e-08
6764 7.71338e-06
6767 6.5672e-05
6770 2.46397e-06
6771 0.00576063
6774 0.000235756
6775 3.57695e-06
6776 6.06224e-05
6778 0.00400323
6779 0.00337148
6780 4.23834e-05
6785 1.06381e-06
6787 0.0008054480000000001
6788 0.000513247
6790 1.36113e-06
6791 0.0048928999999999995
6792 0.00197272
6793 1.16128e-05
6795 0.0795497
6796 4.394919999999999e-10
6798 0.139935
6801 0.00670908
6804 0.000247434
6807 4.0389e-05
6809 0.00830421
6811 2.91068e-07
6812 1.00846e-08
6815 8.57743e-07
6816 0.00477559
6817 0.5427310000000001
6818 0.00130298
6820 0.00759513
6823 0.00206021
6826 0.0046218000000000006
6830 0.00557136
6831 1.03917e-06
6832 3.4130699999999995e-07
6834 3.08996e-10
6837 0.0006932110000000001
6843 0.000332046
6846 0.00268315
6851 0.0002568
6853 2.30074e-11
6854 2.4583e-07
6856 0.040094
6857 1.3993399999999999e-05
6861 0.000462251
6863 7.03517e-05
6870 0.00273654
6871 4.04415e-07
6872 0.00048764
6873 0.000594256
6875 5.29385e-06
6877 0.00016063
6879 0.00562333
6881 0.00037910000000000005
6882 3.6324300000000006e-06
6885 7.43115e-06
6888 1.17623e-08
6889 1.21238e-06
6890 9.514020000000001e-09
6891 0.0111812
6894 0.0272209
6895 0.00376513
6897 1.1411800000000001e-05
6898 0.00099276
6901 7.1517600000000005e-06
6902 0.0117494
6904 0.12269300000000001
6905 0.0141513
6906 0.00375484
6907 0.000654996
6913 1.00978e-09
6915 0.011798200000000002
6920 1.5085899999999999e-09
6921 2.95711e-11
6923 0.0925539
6925 9.27593e-06
6926 0.00298928
6927 5.23439e-12
6928 0.00617553
6929 5.794580000000001e-16
6936 2.33403e-05
6937 6.127300000000001e-05
6938 0.000920458
6941 0.000694125
6942 2.3256100000000003e-05
6946 2.4992999999999998e-08
6951 9.70534e-11
6954 0.00125883
6955 2.18357e-09
6957 0.0403621
6960 3.49811e-08
6961 0.0018687
6964 0.00885876
6967 4.28207e-06
6969 0.00106867
6970 0.000674053
6973 3.51154e-05
6974 0.08446110000000001
6975 8.33652e-07
6977 8.20758e-12
6978 0.00041932199999999997
6979 2.0953499999999998e-07
6980 0.00368945
6982 1.84229e-06
6984 0.152041
6985 1.23457e-06
6986 0.000734829
6991 0.040303
6992 1.6297699999999998e-05
6993 2.50975e-07
6996 7.4649e-06
6997 2.67728e-11
6998 0.00198005
6999 2.64567e-08
7000 0.00256084
7001 2.5519e-06
7005 2.27168e-06
7010 3.53628e-05
7012 0.00593693
7013 3.93037e-05
7014 5.15374e-07
7015 4.75273e-14
7017 0.00210764
7019 0.00852334
7024 1.0948599999999999e-05
7026 0.000204314
7027 0.000230588
7028 0.0115979
7030 0.000485792
7032 0.00046091599999999996
7034 3.7106000000000004e-07
7037 3.64608e-06
7041 6.93413e-05
7043 0.0015431
7044 0.000383385
7047 5.66923e-07
7051 3.73042e-05
7053 0.00019705900000000003
7055 0.00201527
7057 0.204718
7060 0.00288394
7061 0.000287704
7063 1.1971199999999998e-05
7066 0.000604375
7067 0.0124715
7069 1.66995e-05
7076 1.8589800000000001e-09
7081 0.023843200000000002
7082 0.00039615900000000004
7083 0.000400697
7085 0.00145934
7087 0.00046982400000000003
7091 5.051479999999999e-05
7094 0.010391200000000001
7096 3.04059e-07
7098 0.00110741
7099 0.01429
7102 4.2650399999999997e-07
7103 0.000143124
7106 0.00184559
7107 1.36469e-05
7110 0.000348418
7111 4.6261400000000004e-07
7112 1.51025e-07
7115 3.53486e-06
7116 1.55604e-05
7118 5.1588599999999996e-05
7119 0.013238900000000001
7120 0.00230637
7124 9.64229e-07
7126 0.00033240099999999996
7127 7.1294299999999994e-06
7131 7.73109e-07
7134 0.000456807
7135 0.000189657
7136 1.7468e-05
7137 0.00153205
7142 0.00031016700000000003
7143 3.78287e-11
7145 5.367989999999999e-06
7151 0.000605019
7155 2.16372e-12
7156 8.93466e-06
7157 7.503189999999999e-07
7158 0.0007966510000000001
7160 4.267810000000001e-05
7161 0.00346623
7164 4.6802700000000004e-09
7169 4.15135e-05
7170 4.42546e-05
7171 0.000439159
7173 6.315319999999999e-06
7175 0.00330587
7176 4.4129199999999995e-07
7178 0.0927877
7179 0.0631188
7181 1.65334e-05
7183 0.000504795
7186 3.2162900000000003e-07
7188 6.18694e-11
7190 0.000520812
7192 5.9457600000000005e-06
7195 0.00717219
7196 0.861411
7198 0.0264078
7199 5.01573e-07
7201 4.7481599999999996e-05
7202 0.0007254589999999999
7203 0.432137
7206 6.8179100000000005e-09
7207 0.00717603
7209 0.001674
7218 0.00511195
7220 0.106814
7221 2.8828699999999997e-05
7225 0.688508
7226 1.0159200000000002e-06
7228 0.00048090000000000003
7229 3.76217e-05
7231 4.64145e-05
7232 3.9960699999999993e-08
7233 2.63777e-12
7235 3.47139e-08
7237 0.0193113
7238 3.948830000000001e-06
7239 0.00571099
7240 0.0165288
7242 5.71824e-07
7246 6.12726e-08
7248 1.03628e-05
7251 0.00624277
7252 0.00944655
7253 0.000310961
7254 0.000129417
7255 0.230316
7257 4.485019999999999e-06
7262 0.000166662
7264 0.0463476
7265 1.66771e-05
7267 1.86244e-05
7268 0.00014007899999999998
7269 4.06269e-06
7272 9.182e-08
7273 4.0508499999999995e-06
7277 0.0173678
7278 0.00798631
7281 0.00011349799999999999
7282 3.05083e-05
7286 6.601569999999999e-06
7287 2.8936299999999997e-07
7288 4.86964e-15
7290 3.1151299999999996e-06
7291 3.76829e-06
7293 0.00037007800000000003
7301 0.00499886
7303 0.00022928599999999999
7304 0.000107416
7306 0.010022
7307 5.3321e-10
7309 1.96566e-08
7310 0.00121035
7312 0.00575824
7313 0.000525392
7315 0.032994199999999994
7316 0.00558441
7317 0.00104311
7319 0.0007082810000000001
7320 1.70598e-07
7321 0.373398
7324 5.7476e-05
7326 1.99084e-08
7328 0.0205364
7331 0.00125926
7332 0.00010047700000000001
7333 0.550687
7335 5.15171e-05
7337 0.000123769
7338 7.105140000000001e-05
7339 1.01426e-11
7340 6.543859999999999e-09
7341 1.27921e-05
7342 0.00030507099999999997
7345 5.9256e-11
7347 0.000590761
7348 0.10645999999999999
7349 8.73583e-07
7352 3.41416e-05
7353 0.042387400000000006
7354 0.968033
7355 3.89523e-06
7357 6.83546e-09
7358 1.18878e-08
7360 9.19074e-05
7362 1.06131e-08
7364 0.00355068
7366 0.15444000000000002
7367 1.1288500000000001e-07
7368 3.22946e-07
7371 2.20263e-06
7377 2.53769e-07
7378 0.000265258
7379 0.056346900000000005
7380 4.036e-05
7382 2.97351e-06
7384 0.000807349
7386 3.25732e-08
7387 3.69652e-10
7391 0.023273099999999998
7392 0.000125236
7393 0.06167040000000001
7395 0.0116646
7397 1.12113e-06
7399 3.45491e-11
7400 7.49131e-05
7401 0.0328175
7402 4.5364400000000004e-07
7403 4.8182300000000004e-08
7404 0.00137174
7405 2.49579e-08
7406 0.000146542
7407 0.0008625010000000001
7409 0.000204466
7412 0.00744274
7415 1.31917e-06
7418 0.000608884
7420 0.00585096
7423 4.94519e-11
7426 1.4606799999999998e-18
7428 0.000154066
7429 5.77265e-11
7430 8.158540000000001e-07
7434 0.000375656
7440 1.25965e-05
7441 7.98001e-08
7442 0.00170628
7444 0.0008550710000000001
7447 1.0088299999999999e-10
7450 6.33956e-07
7452 1.96958e-05
7453 0.17835499999999999
7455 2.99694e-10
7456 0.019244999999999998
7459 0.000282201
7462 1.12701e-09
7463 0.0009586730000000001
7464 0.000110688
7469 0.00106382
7471 0.00301607
7472 0.00388319
7473 1.25447e-07
7476 0.0503984
7478 7.503090000000001e-07
7485 0.00176506
7487 0.00010036299999999999
7488 0.000458674
7492 0.042488099999999994
7494 0.00285345
7495 0.0530516
7496 0.000816658
7499 5.35913e-08
7500 0.032021299999999996
7501 6.419069999999999e-08
7502 5.6534800000000005e-06
7504 3.06122e-06
7505 1.0073e-08
7507 2.8876299999999997e-06
7508 3.80693e-05
7509 4.89923e-07
7510 6.61464e-05
7512 1.88037e-06
7514 0.0140763
7515 0.0343183
7516 0.00106469
7518 4.6387000000000004e-08
7520 0.0123343
7522 0.0102716
7529 1.00315e-05
7531 0.000139615
7532 0.004651300000000001
7534 7.03625e-07
7539 2.8477e-08
7541 6.68426e-07
7542 0.000303121
7545 2.84482e-07
7548 0.00808514
7549 0.00441098
7550 0.000499175
7552 1.4280200000000003e-06
7553 1.25445e-07
7554 0.000275789
7556 1.51025e-13
7557 9.11562e-07
7560 0.0157256
7561 1.58446e-05
7562 1.39239e-05
7564 0.060641999999999995
7567 0.00026781099999999996
7569 0.03757340000000001
7573 7.20283e-05
7574 0.00529002
7577 0.010604
7580 4.87034e-05
7581 0.000506181
7582 0.00612996
7583 0.017172999999999997
7584 0.00189538
7587 7.17571e-05
7588 0.0197098
7589 9.957399999999999e-07
7591 5.941919999999999e-12
7593 1.31654e-12
7595 0.0145951
7596 0.000219285
7597 5.50396e-06
7598 0.000102234
7599 6.05376e-09
7602 7.51681e-11
7604 0.00832673
7607 8.82056e-05
7608 3.40559e-07
7609 0.0008826989999999999
7610 7.2518e-05
7613 8.02553e-08
7616 1.3965e-05
7617 1.6456300000000002e-09
7620 2.9674200000000003e-06
7623 0.00017705799999999998
7625 6.37299e-05
7627 3.61984e-09
7628 0.00982942
7630 1.6606500000000002e-21
7632 0.00013120299999999998
7634 0.00344406
7635 4.63434e-08
7636 2.3177800000000004e-05
7638 0.00014746100000000002
7641 4.03952e-06
7643 8.11611e-11
7644 0.000160716
7645 3.5316899999999995e-07
7646 1.14137e-07
7648 0.0006206
7651 1.28622e-05
7652 0.00551562
7658 3.04617e-06
7659 6.14233e-05
7660 0.000569782
7661 7.61847e-05
7665 5.826520000000001e-09
7669 0.0146881
7674 1.20393e-09
7676 0.00159338
7681 2.57085e-08
7684 1.5539300000000002e-05
7686 6.203770000000001e-05
7689 0.0168458
7690 6.318060000000001e-09
7693 2.6107099999999996e-08
7695 0.00115272
7698 2.16268e-09
7700 0.0255475
7701 1.42159e-08
7703 0.000646172
7706 8.11299e-05
7707 0.00545905
7708 0.0911115
7710 5.23484e-05
7711 7.46053e-05
7714 7.18638e-07
7716 0.000601482
7717 0.0154154
7719 0.000204989
7722 0.046129699999999996
7725 7.454939999999999e-10
7726 3.1247e-05
7728 0.0290385
7730 0.0009267489999999999
7733 0.0338292
7734 5.609219999999999e-12
7737 6.1054899999999995e-06
7738 0.00195257
7739 0.051733
7741 3.21929e-07
7744 0.000584722
7747 0.0064703
7750 3.980580000000001e-06
7752 0.026073500000000003
7755 0.138999
7756 0.047394599999999995
7757 3.704469999999999e-14
7759 0.00166027
7761 5.6695e-13
7764 9.83099e-07
7766 6.99919e-05
7769 0.000714098
7770 0.020197299999999998
7771 1.87014e-11
7774 1.82797e-07
7778 0.192838
7780 0.0183843
7782 0.016992700000000003
7783 2.83275e-07
7784 0.00336439
7785 0.07087689999999999
7787 0.00557178
7788 8.49257e-06
7789 0.000639791
7792 2.6311900000000005e-06
7794 0.03304
7796 0.00161924
7797 1.13398e-09
7800 1.11047e-05
7801 0.00710854
7802 0.00030837400000000004
7804 6.84653e-06
7805 0.00421475
7806 0.00246937
7807 1.3036400000000002e-07
7808 0.0244886
7811 0.00125091
7816 0.10406199999999999
7817 0.036721300000000005
7818 0.000550475
7822 1.2702299999999999e-07
7823 0.00516673
7825 1.94229e-08
7827 0.00347939
7828 0.00956593
7829 3.09813e-05
7830 0.0008960810000000001
7832 0.286119
7835 0.989821
7837 5.04278e-08
7839 9.136479999999999e-05
7842 0.9705020000000001
7844 6.61845e-13
7846 0.00535336
7848 0.00010429999999999999
7849 0.09873580000000001
7850 6.15483e-08
7851 3.25415e-07
7852 2.24605e-06
7858 0.028824000000000002
7860 4.2896300000000005e-08
7861 2.2731100000000002e-07
7862 0.0026547
7866 1.06478e-05
7867 9.87715e-05
7870 6.430319999999999e-06
7871 0.015377600000000002
7874 8.766760000000001e-06
7875 0.00323255
7879 0.000939486
7880 0.00207669
7881 4.0319000000000005e-07
7882 6.349e-14
7887 0.00105751
7888 4.02031e-05
7891 0.00101699
7892 0.000250252
7893 1.3607e-06
7894 1.79229e-09
7895 0.009687399999999999
7896 0.00577307
7903 1.00225e-05
7904 0.000330516
7906 9.60915e-13
7907 0.0008483410000000001
7912 1.18751e-11
7913 0.000626311
7917 0.00246878
7918 0.000338459
7922 0.00127155
7927 8.4295e-09
7929 0.0114469
7930 0.00802104
7934 2.94028e-13
7936 1.6453e-07
7937 0.00418438
7938 0.005306100000000001
7941 0.0104081
7942 0.000925442
7944 1.2779899999999999e-08
7945 1.0734999999999998e-08
7948 0.00057227
7949 1.7256999999999998e-06
7951 4.65424e-09
7952 3.27402e-06
7955 0.0161988
7957 0.011542
7960 2.7074900000000002e-12
7961 8.79765e-05
7962 6.10865e-05
7965 0.00364098
7966 0.00731018
7967 9.18576e-05
7969 0.00166287
7972 0.000570778
7973 3.03141e-07
7975 0.000220817
7977 0.024423300000000002
7978 4.2890499999999996e-08
7981 0.0220646
7982 0.0320904
7983 5.11443e-07
7985 7.813789999999999e-06
7986 0.0231458
7988 0.201226
7989 0.00185089
7990 7.74738e-06
7992 0.00041655800000000003
7993 5.3522e-10
7994 2.48416e-05
7995 5.40029e-09
8000 0.000427032
8003 2.37382e-07
8006 0.00343029
8007 7.502460000000001e-06
8010 6.81671e-05
8011 0.00934205
8013 0.00127383
8014 0.002954
8015 9.95686e-06
8016 1.0642000000000001e-06
8018 9.46912e-05
8020 6.428859999999999e-06
8021 2.66319e-05
8022 0.013542400000000001
8025 0.015798799999999998
8027 9.69244e-06
8028 0.000343749
8030 2.55099e-11
8034 4.51331e-09
8035 1.10566e-05
8038 0.00025477700000000003
8039 0.00132379
8041 0.00265465
8045 0.00119139
8046 4.81682e-10
8047 0.200373
8050 0.656493
8052 0.016652200000000002
8054 0.00184696
8055 1.72622e-05
8056 0.00295125
8058 0.00526855
8059 1.35871e-06
8065 0.00036366400000000003
8066 9.05387e-06
8070 0.0272897
8071 0.0056995
8073 0.014544899999999998
8074 2.1597100000000002e-07
8077 8.723639999999999e-05
8078 0.00041965599999999997
8080 0.000672431
8081 6.857e-05
8088 2.67413e-14
8089 0.017331
8090 1.09427e-05
8092 0.00010457600000000001
8094 0.00902923
8097 1.36691e-08
8099 2.01381e-13
8102 0.0058211999999999995
8104 2.62221e-06
8109 0.016996400000000002
8110 0.0355805
8111 0.000158963
8113 0.00558315
8114 6.33909e-05
8118 9.74606e-07
8119 0.04085
8120 0.00229805
8123 0.013109
8124 0.000259843
8126 1.1509200000000002e-05
8128 1.17601e-08
8129 5.31914e-10
8131 0.00504024
8133 1.44526e-05
8134 2.08636e-06
8135 9.02286e-06
8136 1.0784700000000002e-06
8143 0.00827162
8145 6.95157e-05
8146 0.000275439
8147 0.00126247
8148 1.8547999999999998e-14
8149 0.00190147
8152 5.65889e-06
8153 0.0024825
8154 4.14208e-07
8155 0.114224
8156 1.40578e-07
8157 1.57039e-05
8158 9.04106e-05
8161 2.0947600000000002e-07
8162 0.00663199
8165 2.30292e-06
8167 0.00092323
8170 0.022288299999999997
8172 0.0822958
8176 0.019719
8178 0.000276658
8179 0.992626
8181 0.00103088
8182 0.00429589
8183 3.95959e-06
8184 0.05303240000000001
8185 1.48109e-09
8187 9.84859e-05
8192 0.002268
8193 7.04259e-13
8194 1.3747e-06
8195 0.000261935
8196 0.00230056
8198 4.67879e-08
8201 0.0245352
8205 5.79301e-05
8206 5.36301e-05
8207 0.06100830000000001
8210 0.0556096
8212 9.438030000000001e-05
8214 1.9687099999999998e-08
8215 0.00235579
8217 1.71591e-05
8219 8.19797e-08
8221 0.00144912
8227 5.64162e-08
8228 5.295710000000001e-06
8230 5.4075e-11
8231 1.68456e-05
8233 0.013717400000000001
8234 2.8509900000000003e-08
8237 2.46974e-05
8238 0.0721701
8239 0.00253084
8240 0.00816084
8242 0.00330322
8243 1.57283e-09
8245 0.00041305300000000003
8246 6.92765e-11
8247 1.40624e-05
8249 1.5742e-05
8255 2.31815e-08
8256 1.4239300000000001e-05
8257 0.000140199
8259 1.96245e-06
8264 2.88097e-08
8265 0.00775374
8266 5.539929999999999e-07
8267 0.015338599999999999
8270 1.34389e-07
8271 0.000677938
8273 0.00952187
8274 0.9793860000000001
8276 0.0115942
8277 0.38858000000000004
8278 7.001610000000001e-14
8283 3.9022800000000004e-10
8286 0.0112992
8287 0.0150942
8288 0.417649
8289 0.000621599
8290 1.99222e-07
8291 0.949787
8298 0.000738277
8303 0.000234095
8304 5.13829e-05
8305 3.68741e-05
8308 0.000251375
8309 0.00781797
8314 5.94535e-06
8321 0.0130789
8324 2.11264e-06
8325 0.11070799999999999
8328 0.00072629
8330 0.00481551
8331 6.97589e-07
8333 6.82906e-07
8334 5.93442e-07
8337 3.56041e-06
8339 0.031028399999999998
8340 0.0032834
8343 0.00011476100000000001
8344 5.56494e-06
8347 0.0109155
8348 1.01598e-17
8350 0.000107289
8352 8.78108e-06
8353 4.81165e-11
8354 6.585010000000001e-05
8356 0.000265373
8357 6.28162e-09
8358 2.94842e-07
8361 2.1053999999999998e-06
8362 3.6690300000000003e-06
8363 0.00043401400000000004
8366 2.8058e-10
8367 4.18114e-07
8369 6.55491e-15
8371 2.7910999999999996e-07
8373 7.22028e-05
8375 0.00343027
8377 0.00226556
8378 1.79277e-09
8379 0.00281908
8380 0.157304
8382 0.00317017
8383 1.03739e-06
8389 1.02186e-05
8392 0.00937014
8393 4.76815e-08
8394 0.172434
8395 0.00144507
8396 2.2131700000000003e-06
8399 0.000190205
8400 0.0476432
8401 0.010400399999999999
8402 0.00201044
8404 0.616838
8405 0.9883
8406 0.000614143
8407 0.0541841
8408 1.2249399999999999e-07
8411 0.0110984
8412 1.5069800000000001e-05
8414 2.36695e-09
8417 4.08827e-05
8418 0.000737137
8419 0.00015023600000000002
8420 0.0007339810000000001
8421 5.78413e-11
8428 0.948522
8431 0.0108981
8432 7.38903e-08
8435 8.06461e-06
8436 0.051929499999999996
8439 0.000274798
8440 0.000146083
8441 0.000188495
8446 0.00434456
8447 6.164439999999999e-14
8448 5.3516099999999994e-05
8451 0.648146
8455 5.18353e-07
8457 3.9363e-09
8458 0.0235738
8459 0.00082836
8460 9.46028e-05
8463 0.000202229
8464 0.000291202
8469 0.019228
8471 0.25364699999999996
8473 7.244149999999999e-10
8474 0.00431184
8476 2.11846e-05
8479 1.3701000000000001e-08
8480 0.00029394
8481 0.00325207
8486 0.0680126
8487 0.016127799999999998
8488 9.5604e-08
8489 0.046776599999999995
8490 0.023575400000000003
8491 1.4919300000000001e-05
8493 0.00989398
8496 0.0019774000000000003
8497 0.00103182
8500 3.68883e-05
8501 1.14563e-05
8504 5.15752e-06
8505 0.00638581
8507 6.65788e-06
8508 6.06526e-17
8510 8.61181e-06
8511 2.7021299999999995e-06
8515 8.194499999999999e-07
8516 0.0506484
8520 0.0010894
8525 0.6791590000000001
8527 1.16373e-05
8528 0.000865905
8531 7.047159999999999e-07
8532 2.4252800000000003e-05
8537 6.189199999999999e-07
8538 0.15398599999999998
8539 0.000128095
8540 2.7843299999999996e-08
8543 0.0170282
8544 0.0105845
8545 2.26405e-13
8546 1.4312100000000001e-08
8547 1.6517099999999997e-08
8548 1.72328e-07
8551 2.78978e-08
8552 0.000416719
8554 0.000977747
8555 0.0006087040000000001
8560 7.562040000000001e-07
8561 0.994775
8563 0.0008656369999999999
8565 2.2176599999999997e-05
8566 0.00382881
8567 0.00847186
8569 2.3474e-06
8570 3.02453e-09
8571 1.62665e-07
8574 0.00945286
8575 7.32765e-05
8577 0.027202099999999996
8578 8.715649999999999e-07
8579 2.19835e-09
8580 0.00021705700000000002
8583 0.00720981
8589 1.0425799999999999e-06
8590 0.00010969799999999999
8591 1.97534e-08
8593 1.96034e-05
8594 0.00191816
8597 1.54086e-09
8598 0.00310659
8599 0.0122875
8600 2.9379899999999996e-05
8603 7.94041e-05
8605 0.00194474
8609 9.392539999999999e-12
8611 0.039415399999999996
8613 0.000487365
8614 0.00344987
8616 0.00109947
8619 2.45423e-09
8622 5.8708700000000003e-08
8623 3.74143e-09
8625 1.4438399999999999e-05
8626 0.42363199999999995
8627 0.017823500000000003
8629 0.00202098
8630 4.46105e-05
8631 1.18366e-07
8632 1.21041e-08
8634 0.000217492
8637 4.95339e-06
8640 9.38988e-06
8641 0.00225631
8642 2.64407e-07
8643 8.67809e-15
8646 0.00487335
8648 0.00034330300000000004
8649 0.0111024
8650 0.00698776
8651 0.000423924
8652 0.00151132
8656 9.84046e-08
8657 0.00751762
8658 3.4313899999999996e-07
8659 0.885669
8660 0.7361810000000001
8661 5.584009999999999e-07
8662 2.97044e-19
8664 0.00743649
8666 0.00761318
8668 6.26049e-06
8669 0.00010761299999999999
8671 0.0665673
8672 3.815580000000001e-06
8673 0.000805023
8674 0.00123304
8675 0.932976
8677 1.06788e-08
8678 0.012779899999999999
8679 0.00178424
8681 0.000697375
8682 2.1380700000000002e-09
8684 6.0067399999999995e-09
8685 0.00010701100000000001
8686 0.131074
8689 7.79412e-11
8693 4.08982e-12
8694 2.8636400000000002e-06
8696 5.96921e-07
8697 0.000232842
8700 0.00966952
8703 8.253799999999999e-07
8704 7.158760000000002e-10
8705 0.00792197
8707 0.00502173
8708 0.00252284
8711 0.000119111
8712 3.31642e-06
8714 4.05876e-12
8715 1.79919e-06
8719 0.0146586
8721 0.000364771
8724 5.50597e-06
8726 6.0742e-08
8729 0.141434
8734 0.000816784
8735 0.11093
8736 0.0100654
8737 9.95311e-05
8740 0.00228075
8743 2.35527e-06
8745 9.351909999999999e-07
8746 0.000396198
8751 0.00411491
8754 0.00868184
8758 4.814e-06
8761 0.025995499999999998
8762 0.13358599999999998
8763 3.33472e-10
8765 7.2949700000000005e-09
8767 0.000241975
8774 0.1161
8777 9.935209999999999e-15
8778 0.00044670699999999996
8779 0.204627
8780 0.00153782
8781 0.000807896
8782 3.60178e-10
8785 3.8545e-07
8786 2.65367e-05
8787 3.92151e-06
8788 4.63957e-11
8789 1.8789400000000002e-08
8791 2.43007e-08
8792 0.001423
8795 0.00955702
8797 9.20693e-06
8798 4.1285e-05
8800 0.00412671
8802 3.81648e-05
8803 0.0752404
8804 5.01209e-05
8807 3.10389e-05
8808 0.00796876
8812 0.00314755
8816 0.0575342
8818 0.000321792
8820 1.66693e-05
8821 0.0150958
8824 7.19248e-08
8825 9.51183e-08
8827 0.0352334
8828 0.00299676
8829 2.09179e-11
8830 0.0042446
8832 6.48197e-05
8834 3.16408e-05
8839 3.7025e-08
8842 8.372830000000001e-06
8844 0.00512639
8845 1.65707e-09
8846 0.000232936
8850 1.54026e-05
8851 0.156198
8852 2.1816400000000003e-08
8853 1.2470000000000002e-08
8855 3.2897399999999997e-07
8857 0.00997155
8860 0.00303079
8861 0.0013812999999999998
8863 7.16651e-05
8864 0.000388236
8866 0.000160227
8868 4.982909999999999e-07
8869 1.1752200000000001e-06
8870 1.01876e-13
8875 0.000407521
8877 3.23542e-06
8881 2.09409e-08
8882 5.2019000000000004e-08
8887 0.276082
8889 0.000399692
8893 4.83291e-06
8894 0.00432578
8895 9.06176e-07
8896 1.40126e-10
8897 0.00187088
8898 0.0635376
8899 0.000363502
8901 2.65635e-06
8902 0.00346877
8903 1.72536e-05
8904 0.010856600000000001
8906 0.71708
8907 0.0168326
8908 5.86339e-08
8910 7.024379999999999e-07
8912 7.58995e-08
8915 6.88511e-08
8916 0.0013034000000000001
8918 0.00188008
8922 0.0742284
8924 4.3113e-05
8925 2.49358e-05
8928 0.017266800000000002
8934 1.25423e-20
8935 6.26647e-06
8937 1.30471e-07
8938 0.00612479
8941 0.00525303
8945 0.00346213
8946 0.0192946
8947 0.012117000000000001
8949 0.930267
8950 4.43114e-12
8952 1.1274200000000001e-05
8954 0.00971625
8956 1.7387900000000002e-18
8957 0.044978500000000005
8959 2.8432800000000003e-05
8963 0.0155983
8964 0.00174797
8972 3.03925e-06
8974 0.00898392
8977 0.014259899999999999
8981 3.02751e-12
8984 3.07195e-08
8986 1.00717e-06
8990 0.0008047039999999999
8991 0.0299762
8992 0.00107596
8993 0.00224172
8994 0.0008946469999999999
8996 0.000882415
8998 0.000148317
9001 2.75967e-06
9003 0.00107425
9008 3.1415599999999998e-12
9009 0.229265
9010 0.040473300000000004
9011 0.0203685
9012 4.49889e-07
9013 0.048592800000000005
9014 7.45869e-05
9017 0.00106303
9021 1.8474e-06
9023 1.40237e-12
9025 0.00193543
9026 0.000209967
9028 7.62419e-09
9030 8.61237e-07
9031 3.01531e-05
9033 8.326489999999998e-06
9038 3.79677e-06
9040 0.00244659
9041 3.18137e-11
9043 0.046308999999999996
9044 5.691900000000001e-10
9046 3.3833300000000003e-06
9047 9.94034e-10
9050 3.84579e-10
9052 4.91363e-07
9054 0.0237522
9055 0.047501
9056 0.00124902
9057 1.27396e-05
9061 0.00611912
9062 4.0592300000000004e-06
9065 2.6089e-07
9067 9.06645e-05
9069 2.00484e-10
9070 0.5285989999999999
9071 4.9932099999999995e-12
9074 1.09491e-07
9075 0.00729022
9076 1.87696e-05
9077 0.008696700000000002
9081 5.515160000000001e-07
9082 2.02572e-05
9083 3.6602e-07
9084 7.25279e-07
9088 0.000277849
9090 0.000437259
9092 1.20177e-07
9093 2.10897e-07
9095 0.00217298
9096 1.0328499999999998e-09
9097 0.09825369999999999
9101 4.23843e-05
9102 0.00270229
9103 0.00693547
9104 9.16504e-05
9107 0.00488743
9109 0.461157
9110 5.40679e-05
9111 5.56502e-10
9115 0.00797212
9118 0.000182006
9119 3.49925e-09
9120 0.000130232
9122 3.9648000000000006e-06
9124 0.00254532
9125 8.4906e-05
9127 0.129858
9130 4.22214e-06
9132 0.00508224
9134 4.96879e-08
9135 7.201439999999999e-06
9137 9.074019999999999e-08
9139 1.17776e-07
9140 0.00181311
9142 0.00018997599999999998
9143 0.076907
9145 1.9508500000000002e-14
9146 1.43503e-08
9149 0.000154958
9152 3.14194e-06
9154 0.0134923
9156 7.213060000000001e-12
9158 4.450610000000001e-15
9164 0.00478495
9165 0.766466
9167 8.06283e-15
9169 5.9224e-07
9170 6.01908e-06
9171 0.00182194
9172 7.269919999999999e-06
9176 0.00336624
9182 5.939360000000001e-10
9183 7.56923e-08
9188 6.92904e-10
9190 5.2678100000000006e-05
9198 5.26312e-09
9199 0.0106652
9201 0.24616
9203 5.57273e-05
9204 0.18704500000000002
9206 2.4293800000000003e-07
9207 0.015369999999999998
9210 1.81016e-05
9211 1.98776e-12
9216 0.0171101
9217 0.9985299999999999
9219 0.0102694
9220 0.000534902
9222 2.78463e-05
9223 0.000482729
9225 0.00318816
9226 0.9874149999999999
9228 0.013775299999999999
9229 4.6990600000000005e-08
9231 2.3222600000000004e-05
9232 0.00232396
9233 0.025436900000000002
9234 0.000158416
9235 0.0499493
9237 7.695549999999999e-10
9240 3.70205e-09
9241 0.000798836
9243 5.11802e-12
9248 0.00119365
9253 0.10679000000000001
9256 1.05536e-07
9257 0.00188209
9258 1.33004e-07
9260 5.60186e-06
9261 0.00096292
9262 1.5274699999999998e-07
9263 0.0831045
9264 5.270930000000001e-06
9265 5.229520000000001e-07
9266 0.0009448060000000001
9267 1.55099e-06
9274 0.6373300000000001
9275 0.0116126
9276 0.000940065
9277 7.67348e-10
9280 0.000149917
9284 0.000343264
9292 0.000104021
9293 0.000110175
9294 0.00796253
9297 0.014291899999999998
9298 7.605500000000001e-07
9300 9.407739999999999e-06
9301 0.00019322099999999999
9302 9.860110000000001e-12
9304 3.3989099999999996e-05
9305 3.9094099999999995e-07
9310 0.022002
9311 0.0111017
9313 0.38477100000000003
9314 0.0260782
9317 1.45421e-08
9319 0.9653440000000001
9320 0.0017554000000000003
9321 2.33652e-09
9322 6.68691e-06
9328 0.000949557
9329 0.000137083
9332 1.78384e-05
9335 3.85317e-05
9338 3.66284e-11
9340 3.5490699999999996e-06
9341 3.69366e-07
9344 0.000284945
9345 0.000946592
9346 0.000401074
9352 0.049668699999999996
9353 0.000274925
9355 1.85728e-05
9356 0.00100302
9357 0.766757
9360 2.7495399999999996e-09
9361 3.8170499999999996e-07
9363 2.7052299999999995e-06
9364 0.00719124
9366 1.6194000000000003e-07
9367 0.06698910000000001
9369 6.316689999999999e-05
9370 7.91329e-09
9372 3.25208e-05
9376 3.57298e-11
9379 0.379579
9380 0.00020407400000000003
9381 1.96858e-11
9383 0.000705494
9384 0.00358239
9385 3.56498e-05
9387 7.86644e-06
9390 1.2606e-15
9391 0.00344687
9395 3.49533e-11
9396 3.27111e-05
9397 0.04370569999999999
9399 1.0545e-06
9400 0.0150548
9402 0.00083838
9403 0.0097708
9404 0.585559
9415 0.00543691
9416 1.2381800000000002e-09
9423 2.26895e-06
9425 0.00745506
9426 7.26566e-05
9427 0.00854994
9428 0.0049786000000000006
9430 8.68109e-12
9431 0.161125
9435 0.068488
9436 0.000152095
9441 0.00102076
9442 0.00012951
9444 0.0010818
9447 3.21899e-08
9449 0.009148200000000002
9450 4.6198599999999995e-05
9451 1.8516400000000002e-10
9452 0.0007567060000000001
9453 1.60929e-06
9462 9.11096e-07
9467 0.0027846999999999998
9471 0.00743879
9473 0.0009778060000000001
9474 0.977678
9475 3.09897e-11
9478 0.024036000000000002
9482 0.00014567899999999999
9483 4.87394e-08
9485 0.00780867
9486 0.28426999999999997
9487 0.010518099999999999
9489 0.00167173
9492 2.08859e-07
9493 4.01686e-07
9495 6.619510000000001e-06
9498 1.36901e-07
9501 1.30051e-07
9503 0.0005271809999999999
9505 0.000127906
9506 1.0525899999999999e-05
9509 6.25527e-05
9510 6.551030000000001e-10
9511 0.0952807
9513 0.0159059
9514 0.00117845
9521 0.0369384
9522 0.000387729
9525 3.02151e-07
9529 0.00114066
9530 0.00018778799999999998
9534 1.0847599999999999e-08
9535 3.3612300000000003e-05
9536 4.2723900000000005e-14
9538 1.4274100000000001e-05
9539 2.89933e-05
9544 0.00502454
9547 0.00134718
9548 5.20509e-07
9552 4.61559e-05
9553 4.5873e-05
9554 0.00634043
9555 1.42676e-05
9556 0.00884608
9559 2.3212600000000002e-05
9561 0.493411
9563 1.60927e-07
9564 0.000200338
9569 0.00895727
9570 0.00333789
9572 0.028133999999999996
9574 0.000887328
9575 7.623229999999999e-05
9578 0.000821696
9581 2.75307e-07
9582 0.00765178
9583 0.00244943
9589 0.626841
9590 5.49616e-08
9592 0.01676
9593 4.00745e-07
9594 0.0211782
9595 0.027792700000000004
9599 0.00227966
9601 9.63406e-06
9602 2.5764900000000003e-10
9604 0.0007298939999999999
9606 0.018575900000000003
9607 0.000132912
9608 6.43133e-06
9610 0.00510212
9612 0.0327601
9616 2.2296999999999996e-07
9622 0.657536
9624 0.000395081
9625 0.00129765
9626 0.056935400000000004
9628 0.00365304
9630 0.148253
9631 0.0834815
9632 0.0312072
9633 0.00012591299999999999
9635 0.00013956
9639 5.06048e-06
9640 3.884469999999999e-06
9642 0.000275994
9643 0.000142835
9645 0.000165779
9646 1.2021299999999999e-06
9648 0.37464400000000003
9651 0.00360691
9652 9.55507e-17
9653 0.054977
9657 1.25892e-06
9660 0.07376460000000001
9661 7.22249e-05
9662 0.00737073
9663 0.00413234
9665 0.00271236
9669 9.087059999999999e-05
9672 0.017615799999999997
9673 1.52629e-09
9674 7.147569999999999e-10
9675 2.47911e-11
9677 0.00149217
9680 2.3176599999999996e-09
9682 1.8018e-08
9683 4.80554e-09
9688 2.88931e-08
9689 0.114817
9690 0.0945374
9694 7.59445e-05
9696 0.000531825
9697 0.292645
9701 2.08887e-07
9704 0.00189092
9705 7.01763e-06
9708 0.00685606
9714 0.00105253
9715 0.000695375
9716 6.472210000000001e-18
9720 1.5241799999999998e-08
9722 0.00194516
9723 1.04256e-12
9725 0.000182001
9727 6.0675e-06
9728 2.2420500000000001e-07
9730 0.000217076
9731 1.2739200000000002e-14
9736 0.00591875
9739 0.00127686
9740 1.08661e-09
9741 0.024907299999999997
9742 0.00257541
9744 0.00023694299999999998
9750 0.0206321
9751 6.40279e-06
9752 0.128814
9753 0.178058
9757 1.1124099999999999e-10
9759 8.59885e-10
9760 1.05586e-06
9765 0.0026093
9766 1.05403e-05
9768 0.00210772
9769 0.00562334
9770 0.07237060000000001
9771 3.65048e-06
9775 4.62166e-13
9777 7.35035e-06
9779 0.000157498
9782 0.00109663
9783 0.00569915
9784 0.00017489
9786 0.000878184
9787 1.90087e-07
9788 3.81906e-05
9791 0.00243815
9793 2.5196199999999996e-09
9795 0.378581
9798 0.0009477110000000001
9799 0.00274694
9802 0.00023726099999999998
9803 0.000145838
9804 3.6438000000000004e-07
9806 1.7630299999999999e-06
9811 2.1149900000000002e-06
9812 0.039572300000000005
9814 0.000922845
9815 0.025688299999999997
9817 2.61603e-07
9818 1.35296e-06
9820 0.000150181
9821 2.2408299999999998e-13
9824 1.0260899999999999e-05
9826 1.46831e-10
9827 2.72417e-09
9829 4.62733e-06
9835 3.1616999999999995e-07
9837 0.856142
9838 0.000244821
9840 0.9916379999999999
9843 0.00705918
9844 3.8981499999999995e-07
9846 6.60074e-05
9847 5.8951e-07
9849 7.28987e-06
9850 7.85706e-08
9853 0.0893222
9854 0.0138596
9856 0.000830773
9857 0.000617419
9861 4.02637e-05
9864 1.26666e-05
9866 4.99893e-06
9871 0.054617700000000005
9873 2.7864499999999998e-08
9875 0.0181804
9876 8.153989999999999e-14
9883 2.9407e-06
9885 0.00397363
9888 0.617875
9889 0.00155427
9890 4.56568e-11
9891 0.00041529699999999996
9892 0.00250627
9893 2.4525e-09
9895 7.627480000000001e-10
9899 0.00297935
9901 0.00295122
9903 0.000921798
9906 0.656319
9907 5.00207e-05
9909 1.1456e-08
9910 0.5678270000000001
9912 3.7388100000000004e-07
9914 0.0538151
9915 0.000320492
9916 0.00126536
9919 1.9673e-07
9921 0.00132464
9922 0.000411183
9924 0.00019633900000000002
9925 1.71282e-10
9927 2.55957e-08
9928 9.2266e-05
9929 0.000204088
9930 0.0104617
9931 0.0163513
9933 5.192770000000001e-05
9934 0.00673603
9936 8.63382e-05
9937 0.025484299999999998
9941 0.055210800000000004
9943 4.93462e-07
9948 2.2506200000000002e-06
9951 0.00155891
9952 0.000802537
9953 7.26617e-05
9956 5.655930000000001e-06
9957 2.59493e-06
9960 8.892439999999999e-08
9962 0.0374602
9963 0.0100734
